I
1000 Generated by WorldEditor

1     92 1 0 EDAH Heringsdorf
100 30.00 3 0 0.00 0 0 0 10R  53.87984439  014.14057781    0    0 0 0 0 0 28L  53.87838236  014.14939534    0    0 0 0 0 0
110  1 0.00 0.0000 Polygon from DSF lib/airport/pavement/asphalt_1D.pol 
111  53.878605898  14.137871462 
111  53.877852960  14.140379187 
111  53.878206302  14.140713455 
113  53.878955425  14.138193809
110  1 0.00 0.0000 Polygon from DSF lib/airport/pavement/asphalt_1D.pol 
111  53.876390955  14.148727779 
111  53.876364252  14.149427310 
111  53.876636053  14.149466411 
111  53.876616503  14.150187877 
111  53.875856889  14.150017643 
111  53.875836862  14.150134470 
111  53.876610780  14.150303750 
111  53.876593137  14.150878347 
111  53.876769093  14.150893606 
111  53.876771000  14.150798714 
111  53.876652266  14.150785840 
111  53.876703765  14.149165522 
111  53.876477741  14.149136435 
113  53.876495384  14.148740177
110  1 0.00 0.0000 Polygon from DSF lib/airport/pavement/concrete_4L.pol 
111  53.879620146  14.138309682 
111  53.879428454  14.138500896 
111  53.879376001  14.138349260 
111  53.879326886  14.138398852 
111  53.879379816  14.138552873 
111  53.879195277  14.138746948 
113  53.879469940  14.138745041
110  1 0.00 0.0000 Polygon from DSF lib/airport/Modern_Airports/Facades/modern3.fac 
111  53.878665980  14.138651102 
111  53.878505760  14.138501850 
111  53.878277829  14.139239052 
113  53.878438048  14.139389734
110  1 0.00 0.0000 Polygon from DSF lib/airport/Common_Elements/Hangars/White_Hangar.fac 
111  53.877268349  14.146528096 
111  53.876838712  14.146496624 
111  53.876801518  14.147694457 
113  53.877240215  14.147722114
110  2 0.00 0.0000 Polygon from DSF lib/airport/Common_Elements/Misc_Buildings/Blue_Warehouse.fac 
111  53.877107176  14.148801690 
111  53.876494430  14.148742084 
111  53.876477741  14.149136912 
113  53.877094778  14.149214637
100 35.00 1 0 0.00 1 2 1 10  53.88163587  014.13444797    0    0 2 10 0 0 28  53.87607210  014.16834532    0    0 2 10 0 0
110  1 0.00 0.0000 Polygon from DSF lib/airport/pavement/asphalt_1D.pol 
111  53.878605898  14.137871462 
111  53.877852960  14.140379187 
111  53.878206302  14.140713455 
113  53.878955425  14.138193809
110  1 0.00 0.0000 Polygon from DSF lib/airport/pavement/asphalt_1D.pol 
111  53.876390955  14.148727779 
111  53.876364252  14.149427310 
111  53.876636053  14.149466411 
111  53.876616503  14.150187877 
111  53.875856889  14.150017643 
111  53.875836862  14.150134470 
111  53.876610780  14.150303750 
111  53.876593137  14.150878347 
111  53.876769093  14.150893606 
111  53.876771000  14.150798714 
111  53.876652266  14.150785840 
111  53.876703765  14.149165522 
111  53.876477741  14.149136435 
113  53.876495384  14.148740177
110  1 0.00 0.0000 Polygon from DSF lib/airport/pavement/concrete_4L.pol 
111  53.879620146  14.138309682 
111  53.879428454  14.138500896 
111  53.879376001  14.138349260 
111  53.879326886  14.138398852 
111  53.879379816  14.138552873 
111  53.879195277  14.138746948 
113  53.879469940  14.138745041
110  1 0.00 0.0000 Polygon from DSF lib/airport/Modern_Airports/Facades/modern3.fac 
111  53.878665980  14.138651102 
111  53.878505760  14.138501850 
111  53.878277829  14.139239052 
113  53.878438048  14.139389734
110  1 0.00 0.0000 Polygon from DSF lib/airport/Common_Elements/Hangars/White_Hangar.fac 
111  53.877268349  14.146528096 
111  53.876838712  14.146496624 
111  53.876801518  14.147694457 
113  53.877240215  14.147722114
110  2 0.00 0.0000 Polygon from DSF lib/airport/Common_Elements/Misc_Buildings/Blue_Warehouse.fac 
111  53.877107176  14.148801690 
111  53.876494430  14.148742084 
111  53.876477741  14.149136912 
113  53.877094778  14.149214637
102 H1  53.88002325  014.13742230  30.50 18.30 18.30 2 0 0 0.00 1
110 1 0.00 0.0000 Taxiway North
111  53.88104863  014.13902191
112  53.88141607  014.13921899  53.88152455  014.13928168
112  53.88156572  014.13987267  53.88152042  014.14026702
111  53.88136369  014.14158618
111  53.88041443  014.14737462
111  53.88037328  014.14739917
111  53.87972706  014.14707342
111  53.87969683  014.14725747
111  53.88035014  014.14757080
111  53.88037225  014.14762819
111  53.87728588  014.16647355
112  53.87703147  014.16748891  53.87693968  014.16785288
111  53.87703147  014.16748891
112  53.87703147  014.16748891  53.87683425  014.16821633
112  53.87658966  014.16797466  53.87658851  014.16798323
111  53.87658966  014.16797466
112  53.87658966  014.16797466  53.87636744  014.16782747
111  53.87633764  014.16772332
111  53.87622807  014.16839174
112  53.87622807  014.16839174  53.87622807  014.16839376
112  53.87651932  014.16847017  53.87679822  014.16862017
112  53.87723265  014.16779656  53.87735884  014.16710953
111  53.87723265  014.16779656
112  53.87723265  014.16779656  53.87735543  014.16704030
112  53.88179020  014.14000180  53.88185815  014.13958925
112  53.88155450  014.13890646  53.88126840  014.13876692
113  53.88110428  014.13868273
110 1 0.00 0.0000 Taxiway South
111  53.88147391  014.13443867
111  53.88101506  014.13425585
111  53.87947063  014.13874478
112  53.87878970  014.13875285  53.87878851  014.13875487
111  53.87830690  014.14037638
112  53.87868970  014.14076486  53.87873194  014.14081372
112  53.87870295  014.14097069  53.87867224  014.14106513
111  53.87783507  014.14350837
111  53.87785652  014.14263692
111  53.87750728  014.14260457
111  53.87740716  014.14371258
111  53.87723617  014.14372470
111  53.87720995  014.14437170
111  53.87708599  014.14437575
111  53.87706453  014.14504701
111  53.87721710  014.14507128
111  53.87721353  014.14530353
111  53.87733511  014.14540260
112  53.87733034  014.14562501  53.87732755  014.14570432
111  53.87675628  014.14558140
111  53.87672771  014.14578195
111  53.87734802  014.14587777
111  53.87759733  014.14587168
112  53.87756562  014.14660298  53.87756178  014.14668439
112  53.87751595  014.14672156  53.87746988  014.14671831
111  53.87723127  014.14670634
111  53.87721125  014.14751755
112  53.87744345  014.14752930  53.87747801  014.14753256
112  53.87751377  014.14767070  53.87750993  014.14774560
111  53.87748887  014.14818128
111  53.87770485  014.14921543
112  53.87757693  014.15170057  53.87755773  014.15185362
111  53.87732557  014.15325700
111  53.87698229  014.15299011
111  53.87418015  014.16517336
111  53.87457468  014.16558159
112  53.87480473  014.16641859  53.87489656  014.16666089
111  53.87480473  014.16641859
112  53.87480473  014.16641859  53.87488976  014.16668396
111  53.87594395  014.16813064
111  53.87610326  014.16715930
112  53.87594803  014.16747860  53.87589021  014.16758821
112  53.87571525  014.16749447  53.87565403  014.16739640
112  53.87492207  014.16622278  53.87484044  014.16598049
111  53.87492207  014.16622278
112  53.87492207  014.16622278  53.87482684  014.16602087
112  53.87471749  014.16509435  53.87477191  014.16485206
111  53.87730639  014.15411294
112  53.87758710  014.15243532  53.87761014  014.15230180
112  53.87777844  014.15226768  53.87784564  014.15230024
111  53.87848798  014.15260439
111  53.87852388  014.15236797
112  53.87777631  014.15200975  53.87770912  014.15197393
112  53.87770662  014.15176617  53.87771238  014.15168150
112  53.87819954  014.14309493  53.87820095  014.14308964
111  53.87819954  014.14309493
112  53.87819954  014.14309493  53.87820095  014.14308964
111  53.87954417  014.13923477
111  53.87990529  014.13902342
112  53.88042237  014.13899832  53.88059900  014.13899180
111  53.88064338  014.13949721
111  53.88084341  014.13827970
112  53.88042237  014.13870815  53.88017855  014.13870815
111  53.88042237  014.13870815
112  53.88042237  014.13870815  53.88017855  014.13871140
112  53.87984586  014.13872606  53.87977098  014.13872606
112  53.87974871  014.13850395  53.87979479  014.13837043
111  53.88093765  014.13501699
112  53.88115516  014.13478056  53.88123305  014.13469736
112  53.88128609  014.13495251  53.88129475  014.13499900
113  53.88134095  014.13524875
111  53.87802548  014.14349344
112  53.87782866  014.14694329  53.87781926  014.14710619
111  53.87782866  014.14694329
112  53.87782866  014.14694329  53.87782212  014.14706529
112  53.87766610  014.14703337  53.87757251  014.14702921
111  53.87766610  014.14703337
112  53.87766610  014.14703337  53.87766651  014.14703129
113  53.87780584  014.14422406
112  53.87780796  014.14736041  53.87780183  014.14748658
111  53.87780796  014.14736041
112  53.87780796  014.14736041  53.87780101  014.14748380
111  53.87773205  014.14870019
111  53.87761693  014.14808752
112  53.87765508  014.14725098  53.87765549  014.14724890
111  53.87765508  014.14725098
114  53.87765508  014.14725098  53.87771147  014.14725653
130 Airport Boundary
111  53.88248091  014.12966186
111  53.88192674  014.12926359
111  53.88042293  014.12919648
111  53.87982932  014.12997949
111  53.87851020  014.13792149
111  53.87704597  014.14378433
111  53.87672938  014.14776652
111  53.87720426  014.14796787
111  53.87766596  014.14922069
111  53.87754724  014.15170396
111  53.87564769  014.15154736
111  53.87562131  014.15275544
111  53.87423623  014.15841551
111  53.87355028  014.17638009
111  53.87622811  014.17758817
111  53.87752085  014.16781025
111  53.87972379  014.16514801
111  53.88193993  014.15391735
111  53.88027783  014.15302248
111  53.88233566  014.14011393
111  53.88271821  014.13895060
113  53.88319310  014.13047167
120 Nose steer ref B-A
112  53.87969414  014.13888404  53.87972488  014.13881140 1
116  53.87969435  014.13865305  53.87966690  014.13858413
120 Ramp 01 boundary
111  53.87867382  014.13935830 20
111  53.87887422  014.13957397 20
111  53.87912850  014.13944238 20
111  53.87923122  014.13912679 20
111  53.87913856  014.13875759 20
115  53.87883975  014.13875759
120 Ramp 01 gear line
111  53.87911167  014.13901596 1
115  53.87907882  014.13898263
120 Ramp 01 centerline
111  53.87909100  014.13904495 1
115  53.87900659  014.13928498
120 Ramp 02 gear line
111  53.87878898  014.13996500 1
115  53.87875612  014.13993167
120 Ramp 02 centerline
111  53.87876831  014.13999399 1
115  53.87868389  014.14023402
120 Centerline B and Ramp 01
112  53.88076966  014.13972537  53.88085768  014.13917737 1 101
112  53.88042011  014.13885325  53.88023681  014.13886094
111  53.88042011  014.13885325
112  53.88042011  014.13885325  53.88042011  014.13885478 1 101
112  53.87927280  014.13890062  53.87927208  014.13889981
111  53.87927280  014.13890062
112  53.87927280  014.13890062  53.87916647  014.13883374 1 101
112  53.87911029  014.13898802  53.87909991  014.13901799
111  53.87911029  014.13898802
112  53.87911029  014.13898802  53.87911021  014.13898789 1 101
112  53.87909109  014.13904486  53.87908932  014.13905026
111  53.87909109  014.13904486
112  53.87909109  014.13904486  53.87881781  014.13912510 1 101
116  53.87922312  014.13977033  53.87959983  014.13961630
120 Centerline Ramp 02
112  53.87889992  014.14071897  53.87856645  014.14088578 1 101
112  53.87876822  014.13999395  53.87907739  014.13987085
111  53.87876822  014.13999395
112  53.87876822  014.13999395  53.87877285  014.13998414 1 101
112  53.87878743  014.13993711  53.87878853  014.13993524
111  53.87878743  014.13993711
112  53.87878743  014.13993711  53.87881065  014.13986583 1 101
116  53.87894994  014.13984971  53.87903840  014.13990224
120 Centerline Hangar 10 W
112  53.87781591  014.14715577  53.87787473  014.14715943 1
116  53.87790311  014.14704224  53.87790635  014.14698731
120 Centerline Hangar 10
111  53.87722259  014.14712391 1
112  53.87781591  014.14715577  53.87786471  014.14715834 1
116  53.87788797  014.14731015  53.87788249  014.14740416
120 Centerline B-C
112  53.87984174  014.13887802  53.87961366  014.13888748 1 101
116  53.87937522  014.13932389  53.87927854  014.13960776
120 Centerline C-F
112  53.87764216  014.15165361  53.87761477  014.15202083 1 101
116  53.87779735  014.15214725  53.87786777  014.15218184
120 Centerline F
111  53.87752637  014.15243124 1 101
112  53.87779735  014.15214725  53.87801094  014.15224977
111  53.87779735  014.15214725
112  53.87779735  014.15214725  53.87779889  014.15214899 1 101
111  53.87851165  014.15248657 1 101
116  53.87861434  014.15285670  53.87856182  014.15317016
120 Centerline F-28
111  53.87851165  014.15248657 1 101
116  53.87870693  014.15229262  53.87874978  014.15203107
120 Centerline B-28
111  53.88042011  014.13885325 1 101
116  53.88099162  014.13837283  53.88107816  014.13785476
120 Centerline E-28
112  53.87971240  014.14716375  53.87962763  014.14711998 1 101
116  53.87960459  014.14682363  53.87963297  014.14665105
120 Centerline D-E W
112  53.88036106  014.14748630  53.88043233  014.14752316 1 101
116  53.88050657  014.14734725  53.88052482  014.14723520
120 Centerline E
112  53.87952264  014.14732276  53.87955306  014.14713846 1 101
112  53.87971241  014.14716375  53.87979498  014.14720799 1 101
112  53.88036109  014.14748630  53.88043629  014.14752382 1 101
116  53.88044452  014.14772546  53.88043052  014.14780925
120 Centerline D
111  53.88107644  014.13885131 1 101
112  53.88145281  014.13905367  53.88174345  014.13920854
111  53.88145281  014.13905367
112  53.88145281  014.13905367  53.88177140  014.13922434 1 101
112  53.88166562  014.14019368  53.88156501  014.14086056 1 101
111  53.88145127  014.14158741 1 101
112  53.87715573  014.16774319  53.87703361  014.16844858
111  53.87715573  014.16774319
112  53.87715573  014.16774319  53.87705011  014.16840380 1 101
116  53.87629964  014.16795719  53.87602239  014.16752612
120 Centerline A-C
112  53.88143651  014.13466594  53.88112139  014.13425616 1 101
112  53.88087357  014.13494208  53.88080989  014.13513020
111  53.88087357  014.13494208
112  53.88087357  014.13494208  53.88087248  014.13494767 1 101
111  53.88002316  014.13742205 1 101
111  53.87813293  014.14297025 1 101
112  53.87764216  014.15165361  53.87764126  014.15165361
111  53.87764216  014.15165361
112  53.87764216  014.15165361  53.87762084  014.15189713 1 101
111  53.87752637  014.15243124 1 101
111  53.87725230  014.15408150 1 101
112  53.87462763  014.16512192  53.87462763  014.16512005
111  53.87462763  014.16512192
112  53.87462763  014.16512192  53.87456615  014.16535657 1 101
112  53.87496307  014.16652045  53.87511459  014.16676442
111  53.87496307  014.16652045 1 101
111  53.87570838  014.16763686
112  53.87570838  014.16763686  53.87585986  014.16786456 1 101
115  53.87601664  014.16768693
120 Hold A
111  53.88035398  014.13617804 4
115  53.88049065  014.13632539
120 Hold B
111  53.88003110  014.13872078 4
115  53.88003077  014.13901699
120 Limit P2
111  53.87789327  014.14333773 20
115  53.87798677  014.14362293
120 Hold Hangar 10
111  53.87774165  014.14703883 5
115  53.87773046  014.14725468
120 Hold C 10
111  53.88153600  014.14012286 4
115  53.88175549  014.14021362
120 Hold C 28
111  53.87544774  014.16709331 4
115  53.87534774  014.16728935
120 Hold C 28 ILS
111  53.87563571  014.16737504 6
115  53.87554351  014.16756753
120 Hold D 28 ILS
111  53.87723123  014.16779933 6
115  53.87697145  014.16767430
120 Hold D 28
111  53.87744920  014.16646997 4
115  53.87729911  014.16640215
120 Hold E
111  53.88002189  014.14741322 4
115  53.88005295  014.14723773
120 Hold F
111  53.87807711  014.15215455 5
115  53.87804236  014.15239239
120 Lights A outer
111  53.88147292  014.13443566 102
111  53.88101441  014.13425418 102
115  53.87961909  014.13830842
120 Lights A-B West
111  53.88130569  014.13525064 102
112  53.88126662  014.13499408  53.88124506  014.13489743 102
112  53.88115906  014.13484361  53.88109534  014.13491333
111  53.88115906  014.13484361
112  53.88115906  014.13484361  53.88115837  014.13484420 102
111  53.88096561  014.13506346 102
112  53.87978880  014.13851640  53.87978685  014.13851759
111  53.87978880  014.13851640
112  53.87978880  014.13851640  53.87974508  014.13864452 102
112  53.87985574  014.13867039  53.87992397  014.13866845
111  53.87985574  014.13867039
112  53.87985574  014.13867039  53.87985665  014.13867039 102
112  53.88041261  014.13865193  53.88041523  014.13865082
111  53.88041261  014.13865193
112  53.88041261  014.13865193  53.88064573  014.13865193 102
115  53.88082131  014.13822954
120 Lights Apron W
111  53.87919515  014.13874260 102
115  53.87879161  014.13874357
120 Lights Apron-C
112  53.87830673  014.14037706  53.87830682  014.14037713 102
112  53.87868950  014.14076817  53.87869047  014.14076924
111  53.87868950  014.14076817
112  53.87868950  014.14076817  53.87872960  014.14080988 102
112  53.87870071  014.14097698  53.87866704  014.14107548
111  53.87870071  014.14097698
112  53.87870071  014.14097698  53.87870063  014.14097721 102
115  53.87807600  014.14280344
120 Lights B-C-F
112  53.88060862  014.13954866  53.88060640  014.13944147 102
112  53.88039755  014.13904255  53.88022468  014.13905098
111  53.88039755  014.13904255
112  53.88039755  014.13904255  53.88038630  014.13904245 102
111  53.87988644  014.13907298 102
111  53.87956580  014.13926519 102
111  53.87822592  014.14310532 102
112  53.87772815  014.15178097  53.87772798  014.15178643
111  53.87772815  014.15178097
112  53.87772815  014.15178097  53.87772488  014.15184719 102
112  53.87780590  014.15199196  53.87789114  014.15204869
111  53.87780590  014.15199196
112  53.87780590  014.15199196  53.87780710  014.15199254 102
115  53.87852363  014.15232880
120 Lights Hangar 10 E
111  53.87781443  014.14735451 102
115  53.87773899  014.14869215
120 Lights Hangar 10 W
111  53.87803211  014.14348980 102
115  53.87783529  014.14693571
120 Lights C S
111  53.87769987  014.14921881 102
111  53.87757053  014.15169220 102
111  53.87731993  014.15324519 102
111  53.87697982  014.15297047 102
111  53.87417130  014.16518025 102
112  53.87456807  014.16558890  53.87456934  014.16559106
111  53.87456807  014.16558890
112  53.87456807  014.16558890  53.87459606  014.16571625 102
112  53.87492360  014.16668731  53.87510557  014.16697222
111  53.87492360  014.16668731
112  53.87492360  014.16668731  53.87492615  014.16669378 102
115  53.87593743  014.16813484
120 Lights D N
111  53.88113556  014.13862908 102
112  53.88159194  014.13884662  53.88160512  014.13885407
111  53.88159194  014.13884662
112  53.88159194  014.13884662  53.88185552  014.13896585 102
112  53.88184499  014.13994207  53.88177909  014.14035937
111  53.88184499  014.13994207
112  53.88184499  014.13994207  53.88184059  014.13997188 102
112  53.87729269  014.16784374  53.87729017  014.16784105
111  53.87729269  014.16784374
112  53.87729269  014.16784374  53.87720866  014.16831302 102
116  53.87626968  014.16843439  53.87552165  014.16799639
120 Lights E-D E
111  53.87970930  014.14728535 102
111  53.88034598  014.14758359 102
111  53.88036513  014.14763380 102
111  53.87728312  014.16637478 102
111  53.87700043  014.16749923 102
112  53.87656504  014.16792201  53.87628971  014.16771008
111  53.87656504  014.16792201
112  53.87656504  014.16792201  53.87656157  014.16791808 102
116  53.87635891  014.16770794  53.87637280  014.16762749
120 Lights D-E W
111  53.88105163  014.13902843 102
112  53.88144085  014.13924022  53.88144276  014.13923860
111  53.88144085  014.13924022
112  53.88144085  014.13924022  53.88157852  014.13932942 102
112  53.88155646  014.13991845  53.88152109  014.14022174 102
111  53.88135476  014.14164332 102
111  53.88041062  014.14736926 102
111  53.88037038  014.14739597 102
115  53.87974210  014.14708988
120 Lights F-C
111  53.87848106  014.15262394 102
112  53.87777855  014.15228677  53.87777687  014.15228563
111  53.87777855  014.15228677
112  53.87777855  014.15228677  53.87771019  014.15225323 102
112  53.87760923  014.15245446  53.87758779  014.15258406
111  53.87760923  014.15245446
112  53.87760923  014.15245446  53.87760789  014.15245674 102
111  53.87732874  014.15412943 102
112  53.87474591  014.16510873  53.87474381  014.16511408
111  53.87474591  014.16510873
112  53.87474591  014.16510873  53.87468807  014.16535489 102
112  53.87503823  014.16639032  53.87520229  014.16665432
111  53.87503823  014.16639032
112  53.87503823  014.16639032  53.87504138  014.16639567 102
112  53.87573071  014.16747721  53.87573218  014.16747805
111  53.87573071  014.16747721
112  53.87573071  014.16747721  53.87580676  014.16759788 102
112  53.87594010  014.16746113  53.87596414  014.16741370
111  53.87594010  014.16746113
112  53.87594010  014.16746113  53.87594157  014.16746030 102
115  53.87609524  014.16714844
20  53.88031025  014.13612358 302.6100 0 2 {@L}A{@R}10-28
20  53.88053166  014.13636752 301.7200 0 2 {@L}A{@R}10-28
20  53.88125361  014.13427491 194.0000 0 2 {@L}A
20  53.88118190  014.13483268 194.0000 0 2 {@L}A
20  53.88003262  014.13909101 359.4900 0 2 {@L}B{@R}10-28
20  53.88003262  014.13864626 359.4900 0 2 {@L}B{@R}10-28
20  53.88042220  014.13864350 180.0000 0 2 {@L}B
20  53.88042166  014.13906427 180.0000 0 2 {@L}B
20  53.87547708  014.16703937 41.1300 0 2 {@L}C{@R}10-28
20  53.87531902  014.16735503 41.1300 0 2 {@L}C{@R}10-28
20  53.87571829  014.16741580 221.6900 0 2 {@L}C
20  53.87558330  014.16771608 221.6900 0 2 {@L}C
20  53.87832921  014.14285098 121.3000 0 2 {@Y}{^lu}C{@L}C{@Y}{^u}P2
20  53.87809342  014.14261109 120.2500 0 2 {@Y}{^lu}C{@L}C{@Y}{^u}P2
20  53.87775670  014.15165076 95.0800 0 2 {@Y}{^l}F{@L}C
20  53.87754741  014.15161057 95.0800 0 2 {@Y}{^l}F{@L}C
20  53.87757821  014.15276314 284.8300 0 2 {@L}C{@Y}{^r}F
20  53.87738403  014.15264227 284.8300 0 2 {@L}C{@Y}{^r}F
20  53.88043463  014.14701216 105.6400 0 2 {@L}C{@Y}{^r}E
20  53.88065722  014.14712822 105.6400 0 2 {@L}C{@Y}{^r}E
20  53.88050230  014.14807104 285.4000 0 2 {@Y}{^l}E{@L}C
20  53.88027467  014.14796843 285.4000 0 2 {@Y}{^l}E{@L}C
20  53.88149420  014.14010716 283.5800 0 2 {@L}D{@R}28-10
20  53.88179269  014.14022994 283.5800 0 2 {@L}D{@R}28-10
20  53.88123917  014.13868061 17.3900 0 2 {@L}D
20  53.88116498  014.13915057 17.3900 0 2 {@L}D
20  53.87651517  014.16856534 14.8500 0 2 {@L}D
20  53.87661436  014.16789852 14.8500 0 2 {@L}D
20  53.87725341  014.16638596 105.5600 0 2 {@L}D{@R}28-10
20  53.87749328  014.16649391 105.5600 0 2 {@L}D{@R}28-10
20  53.88001001  014.14748189 196.1200 0 2 {@L}E{@R}28-10
20  53.88006575  014.14716237 196.1200 0 2 {@L}E{@R}28-10
20  53.87982848  014.14737404 14.6900 0 2 {@L}E
20  53.87986563  014.14709590 14.6900 0 2 {@L}E
20  53.87803184  014.15246678 13.5400 0 2 {@L}F{@R}10-28
20  53.87808622  014.15209325 13.5400 0 2 {@L}F{@R}10-28
20  53.87835106  014.15260751 193.8300 0 2 {@L}F
20  53.87840644  014.15223508 193.8300 0 2 {@L}F
14  53.87844605  014.13939316  55.77 0 Tower Viewpoint
1300  53.87905199  014.13915679 300.52 misc turboprops Ramp 01
1300  53.87871772  014.14015424 -61.14 misc turboprops Ramp 02
1300  53.87948637  014.13852934 -122.13 misc props GA Refuel
1300  53.88002325  014.13742230   0.00 misc helos Helipad taxiway A
1300  53.87874526  014.14199081 -149.35 misc props GA from grass 1
1300  53.87834700  014.14189681  31.61 misc props GA from grass 2
1300  53.87741007  014.14713442   1.86 misc props Hangar 10
19  53.87945980  014.13686623 0 Windsock West
19  53.87582919  014.16318752 0 Windsock East
54 13282 Heringsdorf Tower
56 13465 Bremen Radar
1000 Easterly ATC Flow
1001 ETNU 015 195 999
1002 ETNU 495
1003 ETNU 0
1101 10 left
1100 10  13465 arrivals|departures heavy|jets|turboprops|props 000000 000000 Runway 10
1000 Westerly ATC Flow
1002 ETNU 0
1003 ETNU 0
1101 28 left
1100 28  13465 arrivals|departures heavy|jets|turboprops|props 000000 000000 Runway 28
1200 
1201  53.88143946  014.13564295 both 0 RWY 10/28_start
1201  53.87624453  014.16729635 both 1 RWY 10/28_stop
1201  53.88152782  014.13510549 both 2 A_stop
1201  53.88151966  014.13492747 both 3 A_stop
1201  53.88147885  014.13475935 both 4 A_stop
1201  53.88143571  014.13466440 both 5 A_stop
1201  53.88136109  014.13457935 both 6 A_stop
1201  53.88128414  014.13452792 both 7 A_stop
1201  53.88120718  014.13450814 both 8 A_stop
1201  53.88112090  014.13453188 both 9 A_stop
1201  53.88105211  014.13458924 both 10 A_stop
1201  53.88099265  014.13466836 both 11 A_stop
1201  53.88092036  014.13481275 both 12 A_stop
1201  53.88085973  014.13498088 both 13 A_stop
1201  53.88077811  014.13521823 both 14 A_stop
1201  53.88042133  014.13626260 both 15 A_stop
1201  53.88002304  014.13742195 both 16 A_stop
1201  53.87997734  014.13755737 both 17 A_stop
1201  53.87969908  014.13837333 both 18 A_stop
1201  53.87959072  014.13869073 both 19 A_stop
1201  53.87952277  014.13889101 both 20 A_stop
1201  53.87938156  014.13930469 both 21 C_stop
1201  53.87922286  014.13977031 both 22 C_stop
1201  53.87889902  014.14072081 both 23 C_stop
1201  53.87813251  014.14297143 both 24 C_stop
1201  53.87764244  014.15165362 both 25 C_stop
1201  53.87759223  014.15203161 both 26 C_stop
1201  53.87725168  014.15408248 both 27 C_stop
1201  53.87462850  014.16511613 both 28 C_stop
1201  53.87462406  014.16531620 both 29 C_stop
1201  53.87465786  014.16555826 both 30 C_stop
1201  53.87470292  014.16577484 both 31 C_stop
1201  53.87480821  014.16614196 both 32 C_stop
1201  53.87490088  014.16639615 both 33 C_stop
1201  53.87505291  014.16665771 both 34 C_stop
1201  53.87540240  014.16717898 both 35 C_stop
1201  53.88003007  014.13887037 both 36 B_stop
1201  53.88087461  014.13908222 both 37 RWY 10/28_start(split)
1201  53.88077344  014.13969923 both 38 RWY 10/28_start(split)(split)
1201  53.88041983  014.13885339 both 39 B_stop
1201  53.88049766  014.13886938 both 40 B_stop
1201  53.88055788  014.13889243 both 41 B_stop
1201  53.88061617  014.13892699 both 42 B_stop
1201  53.88065775  014.13895590 both 43 B_stop
1201  53.88069444  014.13898236 both 44 B_stop
1201  53.88073165  014.13900468 both 45 B_stop
1201  53.88077723  014.13903356 both 46 B_stop
1201  53.88082043  014.13905721 both 47 B_stop
1201  53.87779725  014.15214743 both 48 F_stop
1201  53.87805686  014.15227171 both 49 F_stop
1201  53.87866266  014.15255788 both 50 RWY 10/28_start(split)(split)(split)
1201  53.87559256  014.16746349 both 51 C_stop
1201  53.87571274  014.16764341 both 52 C_stop
1201  53.87576135  014.16770148 both 53 C_stop
1201  53.87582708  014.16774329 both 54 C_stop
1201  53.87590993  014.16774968 both 55 C_stop
1201  53.87598598  014.16771365 both 56 C_stop
1201  53.87603217  014.16767301 both 57 C_stop(split)
1201  53.87608159  014.16761651 both 58 C_stop(split)(split)
1201  53.87612242  014.16756002 both 59 C_stop(split)(split)(split)
1201  53.87619010  014.16743792 both 60 C_stop(split)(split)(split)(split)
1201  53.88166789  014.14017842 both 61 D_start
1201  53.88047424  014.14754225 both 62 D_stop
1201  53.87737272  014.16643129 both 63 D_stop
1201  53.88003807  014.14732688 both 64 E_stop
1201  53.87956060  014.14708744 both 65 RWY 10/28_start(split)(split)(split)
1201  53.87715245  014.16776119 both 66 D_stop
1201  53.87712031  014.16789877 both 67 D_stop
1201  53.87707628  014.16801453 both 68 D_stop
1201  53.87703078  014.16809544 both 69 D_stop
1201  53.87694786  014.16818756 both 70 D_stop
1201  53.87686867  014.16823776 both 71 D_stop
1201  53.87678848  014.16826017 both 72 D_stop
1201  53.87667320  014.16825553 both 73 D_stop
1201  53.87658900  014.16822630 both 74 D_stop
1201  53.87648325  014.16816423 both 75 D_stop
1201  53.87639603  014.16808346 both 76 D_stop
1201  53.87630030  014.16795848 both 77 D_stop
1201  53.87625495  014.16782333 both 78 D_stop
1201  53.87623937  014.16764722 both 79 D_stop
1201  53.87624110  014.16744176 both 80 D_stop
1201  53.88166495  014.14019084 both 81 D_start(split)
1201  53.88087462  014.13908211 both 82 RWY 10/28_start(split)
1201  53.88170757  014.13988506 both 83 D_stop
1201  53.88171911  014.13974044 both 84 D_stop
1201  53.88172266  014.13950093 both 85 D_stop
1201  53.88170490  014.13937591 both 86 D_stop
1201  53.88164808  014.13923280 both 87 D_stop
1201  53.88156283  014.13913037 both 88 D_stop
1201  53.88144296  014.13904903 both 89 D_stop
1201  53.88135772  014.13900384 both 90 D_stop
1201  53.88124495  014.13894208 both 91 D_stop
1201  53.88107713  014.13885170 both 92 D_stop
1201  53.88103787  014.13884255 both 93 D_stop
1201  53.88099489  014.13886906 both 94 D_stop
1201  53.88094996  014.13891214 both 95 D_stop
1201  53.88091089  014.13898174 both 96 D_stop
1201  53.88091433  014.13883700 both 97 RWY 10/28_start(split)
1201  53.88102573  014.13884110 both 98 D_stop(split)
1201  53.87575154  014.16769400 both 99 C_stop(split)
1201  53.87584433  014.16780666 both 100 _stop
1201  53.87592735  014.16789115 both 101 _stop
1201  53.87603577  014.16798062 both 102 _stop
1201  53.87622619  014.16808859 both 103 _stop
1201  53.87647024  014.16819869 both 104 _stop
1202 46 47 twoway runway 10/28
1204 departure 10,28
1204 arrival 10,28
1202 12 13 twoway runway 10/28
1204 departure 28
1204 arrival 10,28
1204 ils 10
1202 13 14 twoway runway 10/28
1204 departure 28
1204 arrival 10,28
1204 ils 10
1202 14 15 twoway runway 10/28
1204 departure 28
1204 arrival 10,28
1204 ils 10
1202 15 16 twoway taxiway A
1202 17 18 twoway taxiway A
1202 0 97 twoway runway 10/28
1204 departure 10,28
1204 arrival 10,28
1202 0 2 twoway runway 10/28
1204 departure 28
1204 arrival 10,28
1204 ils 10
1202 2 3 twoway runway 10/28
1204 departure 28
1204 arrival 10,28
1204 ils 10
1202 3 4 twoway runway 10/28
1204 departure 28
1204 arrival 10,28
1204 ils 10
1202 4 5 twoway runway 10/28
1204 departure 28
1204 arrival 10,28
1204 ils 10
1202 5 6 twoway runway 10/28
1204 departure 28
1204 arrival 10,28
1204 ils 10
1202 6 7 twoway runway 10/28
1204 departure 28
1204 arrival 10,28
1204 ils 10
1202 7 8 twoway runway 10/28
1204 departure 28
1204 arrival 10,28
1204 ils 10
1202 8 9 twoway runway 10/28
1204 departure 28
1204 arrival 10,28
1204 ils 10
1202 9 10 twoway runway 10/28
1204 departure 28
1204 arrival 10,28
1204 ils 10
1202 10 11 twoway runway 10/28
1204 departure 28
1204 arrival 10,28
1204 ils 10
1202 11 12 twoway runway 10/28
1204 departure 28
1204 arrival 10,28
1204 ils 10
1202 18 19 twoway taxiway A
1202 19 20 twoway taxiway A
1202 20 21 twoway taxiway C
1202 21 22 twoway taxiway C
1202 22 23 twoway taxiway C
1202 23 24 twoway taxiway C
1202 24 25 twoway taxiway C
1202 25 26 twoway taxiway C
1202 26 27 twoway taxiway C
1202 27 28 twoway taxiway C
1202 28 29 twoway taxiway C
1202 29 30 twoway taxiway C
1202 30 31 twoway taxiway C
1202 31 32 twoway taxiway C
1202 32 33 twoway taxiway C
1202 33 34 twoway taxiway C
1202 34 35 twoway taxiway C
1202 20 36 twoway taxiway B
1202 37 38 twoway runway 10/28
1204 departure 10,28
1204 arrival 10,28
1204 ils 10,28
1202 38 65 twoway runway 10/28
1204 departure 10,28
1204 arrival 10,28
1204 ils 10,28
1202 36 39 twoway runway 10/28
1204 departure 10,28
1204 arrival 10,28
1202 39 40 twoway runway 10/28
1204 departure 10,28
1204 arrival 10,28
1202 40 41 twoway runway 10/28
1204 departure 10,28
1204 arrival 10,28
1202 41 42 twoway runway 10/28
1204 departure 10,28
1204 arrival 10,28
1202 42 43 twoway runway 10/28
1204 departure 10,28
1204 arrival 10,28
1202 43 44 twoway runway 10/28
1204 departure 10,28
1204 arrival 10,28
1202 44 45 twoway runway 10/28
1204 departure 10,28
1204 arrival 10,28
1202 45 46 twoway runway 10/28
1204 departure 10,28
1204 arrival 10,28
1202 47 37 twoway runway 10/28
1204 departure 10,28
1204 arrival 10,28
1202 26 48 twoway taxiway F
1202 48 49 twoway taxiway F
1202 50 1 twoway runway 10/28
1204 departure 10,28
1204 arrival 10,28
1204 ils 10,28
1202 49 50 twoway runway 10/28
1204 departure 10,28
1204 arrival 10,28
1202 35 51 twoway runway 10/28
1204 departure 10
1204 arrival 10,28
1204 ils 28
1202 51 52 twoway runway 10/28
1204 departure 10
1204 arrival 10,28
1204 ils 28
1202 52 99 twoway runway 10/28
1204 departure 10
1204 arrival 10,28
1204 ils 28
1202 53 54 twoway runway 10/28
1204 departure 10
1204 arrival 10,28
1204 ils 28
1202 54 55 twoway runway 10/28
1204 departure 10
1204 arrival 10,28
1204 ils 28
1202 55 56 twoway runway 10/28
1204 departure 10
1204 arrival 10,28
1204 ils 28
1202 56 57 twoway runway 10/28
1204 departure 10
1204 arrival 10,28
1204 ils 28
1202 57 58 twoway runway 10/28
1204 departure 10,28
1204 arrival 10,28
1204 ils 10,28
1202 58 59 twoway runway 10/28
1204 departure 10,28
1204 arrival 10,28
1204 ils 10,28
1202 59 60 twoway runway 10/28
1204 departure 10,28
1204 arrival 10,28
1204 ils 10,28
1202 60 1 twoway runway 10/28
1204 departure 10,28
1204 arrival 10,28
1204 ils 10,28
1202 61 81 twoway taxiway D
1202 62 63 twoway taxiway D
1202 62 64 twoway taxiway E
1202 65 50 twoway runway 10/28
1204 departure 10,28
1204 arrival 10,28
1204 ils 10,28
1202 64 65 twoway runway 10/28
1204 departure 10,28
1204 arrival 10,28
1202 66 67 twoway runway 10/28
1204 departure 10
1204 arrival 10,28
1204 ils 28
1202 67 68 twoway runway 10/28
1204 departure 10
1204 arrival 10,28
1204 ils 28
1202 68 69 twoway runway 10/28
1204 departure 10
1204 arrival 10,28
1204 ils 28
1202 69 70 twoway runway 10/28
1204 departure 10
1204 arrival 10,28
1204 ils 28
1202 70 71 twoway runway 10/28
1204 departure 10
1204 arrival 10,28
1204 ils 28
1202 71 72 twoway runway 10/28
1204 departure 10
1204 arrival 10,28
1204 ils 28
1202 72 73 twoway runway 10/28
1204 departure 10
1204 arrival 10,28
1204 ils 28
1202 73 74 twoway runway 10/28
1204 departure 10
1204 arrival 10,28
1204 ils 28
1202 74 75 twoway runway 10/28
1204 departure 10
1204 arrival 10,28
1204 ils 28
1202 75 76 twoway runway 10/28
1204 departure 10
1204 arrival 10,28
1204 ils 28
1202 76 77 twoway runway 10/28
1204 departure 10
1204 arrival 10,28
1204 ils 28
1202 77 78 twoway runway 10/28
1204 departure 10
1204 arrival 10,28
1204 ils 28
1202 78 79 twoway runway 10/28
1204 departure 10
1204 arrival 10,28
1204 ils 28
1202 79 80 twoway runway 10/28
1204 departure 10
1204 arrival 10,28
1204 ils 28
1202 80 1 twoway runway 10/28
1204 departure 10
1204 arrival 10,28
1204 ils 28
1202 81 62 twoway taxiway D
1202 82 37 twoway runway 10/28
1204 departure 10,28
1204 arrival 10,28
1204 ils 10,28
1202 81 61 twoway runway 10/28
1204 departure 10,28
1204 arrival 10,28
1202 61 83 twoway runway 10/28
1204 departure 10,28
1204 arrival 10,28
1202 83 84 twoway runway 10/28
1204 departure 10,28
1204 arrival 10,28
1202 84 85 twoway runway 10/28
1204 departure 10,28
1204 arrival 10,28
1202 85 86 twoway runway 10/28
1204 departure 10,28
1204 arrival 10,28
1202 86 87 twoway runway 10/28
1204 departure 10,28
1204 arrival 10,28
1202 87 88 twoway runway 10/28
1204 departure 10,28
1204 arrival 10,28
1202 88 89 twoway runway 10/28
1204 departure 10,28
1204 arrival 10,28
1202 89 90 twoway runway 10/28
1204 departure 10,28
1204 arrival 10,28
1202 90 91 twoway runway 10/28
1204 departure 10,28
1204 arrival 10,28
1202 91 92 twoway runway 10/28
1204 departure 10,28
1204 arrival 10,28
1202 92 93 twoway runway 10/28
1204 departure 10,28
1204 arrival 10,28
1202 93 98 twoway runway 10/28
1204 departure 10,28
1204 arrival 10,28
1202 94 95 twoway runway 10/28
1204 departure 10,28
1204 arrival 10,28
1202 95 96 twoway runway 10/28
1204 departure 10,28
1204 arrival 10,28
1202 96 82 twoway runway 10/28
1204 departure 10,28
1204 arrival 10,28
1202 97 82 twoway runway 10/28
1204 departure 10,28
1204 arrival 10,28
1204 ils 10,28
1202 98 94 twoway runway 10/28
1204 departure 10,28
1204 arrival 10,28
1204 ils 10,28
1202 99 53 twoway runway 10/28
1204 departure 10,28
1204 arrival 10,28
1204 ils 10,28
1202 99 53 twoway runway 10/28
1204 departure 10
1204 arrival 10,28
1204 ils 28
1202 53 100 twoway runway 10/28
1204 departure 10
1204 arrival 10,28
1204 ils 28
1202 100 101 twoway runway 10/28
1204 departure 10
1204 arrival 10,28
1204 ils 28
1202 101 102 twoway runway 10/28
1204 departure 10
1204 arrival 10,28
1204 ils 28
1202 102 103 twoway runway 10/28
1204 departure 10
1204 arrival 10,28
1204 ils 28
1202 103 104 twoway runway 10/28
1204 departure 10
1204 arrival 10,28
1204 ils 28
1202 104 73 twoway runway 10/28
1204 departure 10
1204 arrival 10,28
1204 ils 28
1202 63 66 twoway runway 10/28
1204 arrival 10,28
99
