I
1130 Generated by WorldEditor 2.2.0r2

1    263 1 0 EDAY Strausberg
1302 city Strausberg
1302 country Germany
1302 datum_lat 52.580166667
1302 datum_lon 13.915000000
1302 faa_code 
1302 gui_label 3D
1302 iata_code QPK
1302 icao_code EDAY
1302 region_code ED
1302 state Brandenburg
1302 transition_alt 
1302 transition_level 
100 28.00 2 0 0.50 0 1 0 05  52.57644002  013.90911269    0    0 3 10 0 1 23  52.58351138  013.92254307    0    0 3 10 0 1
100 40.00 3 0 0.50 0 0 0 05R  52.57589374  013.90985994    0    0 1 0 0 0 23L  52.58296311  013.92329450    0    0 1 0 0 0
102 H1  52.58456053  013.91450346 337.01 20.00 20.00 2 0 0 0.25 1
102 H2  52.58479651  013.91540336 336.00 20.00 20.00 2 0 0 0.25 1
110 1 0.25 65.0000 asphalt_3D.pol
111  52.58618608  013.91471795
112  52.58623800  013.91471564  52.58625554  013.91473643
112  52.58625484  013.91480109  52.58624642  013.91483227
111  52.58624431  013.91485652
111  52.58629272  013.91505398
111  52.58636148  013.91500895
111  52.58641410  013.91520872
111  52.58653196  013.91512789
111  52.58642252  013.91468446
111  52.58640879  013.91469374
111  52.58638704  013.91461291
111  52.58628851  013.91467522
112  52.58628851  013.91467522  52.58625484  013.91468908
112  52.58623309  013.91462211  52.58623260  013.91460504
111  52.58622677  013.91458400
111  52.58622256  013.91458054
113  52.58618187  013.91471449
110 1 0.25 0.0000 asphalt_5D.pol
111  52.58733026  013.92179738
111  52.58727956  013.92170801
111  52.58725455  013.92159421
111  52.58712940  013.92167690
111  52.58717718  013.92186944
113  52.58717998  013.92189514
110 2 0.25 99.0000 concrete_3D.pol
111  52.58823913  013.92284442
111  52.58819910  013.92267636
111  52.58814375  013.92270787
111  52.58813219  013.92265287
111  52.58801691  013.92254494
111  52.58799153  013.92256061
111  52.58794182  013.92238131
112  52.58780979  013.92232294  52.58780222  013.92230608
111  52.58780979  013.92232294
112  52.58780979  013.92232294  52.58780001  013.92230114
112  52.58776571  013.92226306  52.58774587  013.92224791
111  52.58776571  013.92226306
112  52.58776571  013.92226306  52.58773052  013.92223620
112  52.58765832  013.92226167  52.58763792  013.92227770
111  52.58765832  013.92226167
111  52.58745734  013.92245897
111  52.58742815  013.92241221
111  52.58748396  013.92174550
111  52.58749092  013.92172319
111  52.58748494  013.92161886
111  52.58747788  013.92157401
111  52.58743647  013.92160373
111  52.58743968  013.92166050
111  52.58743776  013.92170202
111  52.58740453  013.92207894
112  52.58735485  013.92253798  52.58733264  013.92263720
112  52.58736119  013.92280714  52.58737208  013.92289334
111  52.58736119  013.92280714
111  52.58737361  013.92284832
111  52.58761761  013.92430851
112  52.58761761  013.92430851  52.58763588  013.92440877
111  52.58756994  013.92443879
111  52.58780141  013.92442813
112  52.58780141  013.92442813  52.58774303  013.92442813
112  52.58765419  013.92427216  52.58763896  013.92419195
111  52.58765419  013.92427216
111  52.58740924  013.92281754
112  52.58740752  013.92267633  52.58740890  013.92262077
112  52.58744471  013.92254030  52.58748836  013.92250517
111  52.58744471  013.92254030
112  52.58744471  013.92254030  52.58750694  013.92248518
111  52.58766089  013.92232324
112  52.58766089  013.92232324  52.58770794  013.92228290
112  52.58777037  013.92233446  52.58778720  013.92235880
111  52.58779905  013.92239872
111  52.58780857  013.92246138
111  52.58779376  013.92248227
113  52.58791750  013.92304454
110 1 0.25 158.0000 asphalt_2L.pol
111  52.58790151  013.92208619
111  52.58795862  013.92233895
111  52.58821499  013.92219558
113  52.58816169  013.92193933
110 1 0.25 336.0000 asphalt_4D.pol
111  52.58644892  013.91718899
111  52.58647907  013.91731009
111  52.58658865  013.91723725
111  52.58653313  013.91701241
111  52.58642472  013.91708654
111  52.58644267  013.91715738
111  52.58641785  013.91717431
111  52.58640617  013.91717254
111  52.58642226  013.91723293
113  52.58642684  013.91721480
110 2 0.25 337.0000 concrete_2D.pol
111  52.58669177  013.91538027
111  52.58657533  013.91546197
111  52.58656934  013.91548673
111  52.58654803  013.91550055
111  52.58653137  013.91549481
111  52.58648022  013.91553131
111  52.58646460  013.91557036
111  52.58627319  013.91570229
111  52.58626228  013.91565758
111  52.58640956  013.91555532
111  52.58635196  013.91532282
111  52.58614153  013.91546755
111  52.58621015  013.91574415
111  52.58604198  013.91586488
111  52.58601742  013.91586827
111  52.58604079  013.91596746
111  52.58605203  013.91591084
111  52.58647856  013.91562049
111  52.58650014  013.91563511
111  52.58655037  013.91579206
111  52.58618853  013.91604516
111  52.58627176  013.91637475
111  52.58632080  013.91643903
111  52.58631123  013.91651519
111  52.58633542  013.91658915
111  52.58680202  013.91627050
111  52.58689695  013.91621021
111  52.58687350  013.91612271
111  52.58677857  013.91618300
111  52.58676665  013.91613852
111  52.58672809  013.91610818
111  52.58670866  013.91600948
111  52.58672604  013.91596306
111  52.58676919  013.91593382
111  52.58675259  013.91586686
113  52.58681047  013.91582357
110 1 0.25 250.0000 asphalt_4D.pol
111  52.58611355  013.91535844
111  52.58600527  013.91543277
111  52.58601871  013.91577910
111  52.58603013  013.91582987
111  52.58601182  013.91584505
111  52.58601742  013.91586827
111  52.58604198  013.91586488
111  52.58608437  013.91583338
111  52.58607532  013.91579698
111  52.58615865  013.91574051
111  52.58616752  013.91577722
111  52.58618247  013.91576678
111  52.58617377  013.91573092
113  52.58620212  013.91571097
110 1 0.25 123.0000 asphalt_2L.pol
111  52.58660909  013.91341357
111  52.58672165  013.91318588
111  52.58689559  013.91275466
111  52.58693350  013.91277593
111  52.58693797  013.91275947
111  52.58690829  013.91271496
111  52.58695525  013.91253740
111  52.58721778  013.91148227
111  52.58729596  013.91118153
111  52.58730678  013.91115460
111  52.58733849  013.91103562
111  52.58735503  013.91103562
111  52.58735758  013.91095588
111  52.58732773  013.91092319
111  52.58733250  013.91087768
111  52.58729169  013.91083527
111  52.58728333  013.91090888
111  52.58730502  013.91096817
111  52.58731313  013.91101590
111  52.58729659  013.91111659
111  52.58720108  013.91146940
111  52.58694035  013.91251831
111  52.58689282  013.91268794
111  52.58686846  013.91276775
111  52.58678896  013.91299052
111  52.58670919  013.91316982
111  52.58659657  013.91340118
111  52.58644103  013.91369232
111  52.58631586  013.91396431
111  52.58627383  013.91394841
111  52.58622302  013.91389977
111  52.58619232  013.91397994
111  52.58626176  013.91408282
111  52.58627204  013.91413436
111  52.58627060  013.91419503
111  52.58625009  013.91429815
111  52.58639446  013.91393010
111  52.58635608  013.91395940
111  52.58633293  013.91396849
113  52.58645260  013.91371208
110 1 0.25 246.0000 asphalt_2L.pol
111  52.58634995  013.91777602
111  52.58630180  013.91758401
111  52.58626919  013.91763298
111  52.58626212  013.91760533
111  52.58629375  013.91755301
111  52.58624216  013.91735625
111  52.58621069  013.91740395
111  52.58620108  013.91736630
111  52.58623258  013.91731858
111  52.58618242  013.91712143
111  52.58615059  013.91716863
111  52.58614129  013.91713222
111  52.58617315  013.91708500
111  52.58612411  013.91689227
111  52.58609248  013.91694109
111  52.58608377  013.91690699
111  52.58611470  013.91685171
111  52.58606631  013.91666051
111  52.58604167  013.91670212
111  52.58604028  013.91665733
111  52.58605208  013.91659054
111  52.58608219  013.91661567
112  52.58608219  013.91661567  52.58609325  013.91659187
112  52.58610408  013.91652868  52.58610706  013.91650278
111  52.58610408  013.91652868
111  52.58607372  013.91650173
111  52.58607804  013.91648128
111  52.58607937  013.91646154
112  52.58606637  013.91641573  52.58605531  013.91638982
111  52.58606637  013.91641573
112  52.58606637  013.91641573  52.58606105  013.91639603
112  52.58594727  013.91595251  52.58590168  013.91576258
111  52.58594727  013.91595251
112  52.58594727  013.91595251  52.58591994  013.91583865
111  52.58590312  013.91574542
112  52.58590312  013.91574542  52.58589533  013.91569845
112  52.58588998  013.91550767  52.58589271  013.91542073
112  52.58591391  013.91532420  52.58591702  013.91531175
111  52.58591391  013.91532420
111  52.58614238  013.91450721
111  52.58621925  013.91426804
111  52.58627204  013.91413436
111  52.58626108  013.91411158
111  52.58620949  013.91425275
111  52.58612962  013.91449628
111  52.58590221  013.91531686
112  52.58590221  013.91531686  52.58589872  013.91532959
112  52.58587679  013.91550935  52.58587287  013.91559559
112  52.58589011  013.91575340  52.58590384  013.91582361
111  52.58589011  013.91575340
112  52.58593382  013.91595503  52.58594347  013.91599919
111  52.58593382  013.91595503
112  52.58606001  013.91643732  52.58606299  013.91644993
111  52.58605228  013.91648736
111  52.58603634  013.91647694
111  52.58601977  013.91656439
111  52.58603494  013.91657851
111  52.58602322  013.91663765
111  52.58602024  013.91665962
111  52.58602322  013.91674858
111  52.58636227  013.91807612
111  52.58636158  013.91809538
111  52.58639436  013.91807254
111  52.58637830  013.91801142
112  52.58637830  013.91801142  52.58637217  013.91799025
112  52.58639202  013.91794373  52.58640819  013.91793104
111  52.58639202  013.91794373
111  52.58637676  013.91788215
112  52.58637676  013.91788215  52.58636144  013.91789324
112  52.58633099  013.91787498  52.58632661  013.91785835
113  52.58632068  013.91783462
110 1 0.25 66.0000 asphalt_2L.pol
112  52.58629056  013.91717498  52.58630484  013.91723822
111  52.58629056  013.91717498
111  52.58661310  013.91843208
111  52.58667534  013.91866046
111  52.58743647  013.92160373
111  52.58747788  013.92157401
111  52.58710585  013.92010286
111  52.58716557  013.92005993
111  52.58676629  013.91852094
112  52.58676629  013.91852094  52.58675861  013.91849420
112  52.58677002  013.91845313  52.58678151  013.91844403
111  52.58677002  013.91845313
111  52.58702536  013.91828091
111  52.58737390  013.91802708
111  52.58735545  013.91796026
112  52.58678357  013.91836229  52.58678277  013.91836171
111  52.58678357  013.91836229
112  52.58678357  013.91836229  52.58676783  013.91837279
112  52.58669765  013.91832028  52.58667723  013.91824677
111  52.58669765  013.91832028
111  52.58636627  013.91701201
112  52.58632164  013.91683775  52.58631526  013.91682025
112  52.58629186  013.91681045  52.58628081  013.91683285
111  52.58629186  013.91681045
112  52.58629186  013.91681045  52.58628945  013.91681534
112  52.58628497  013.91685525  52.58628291  013.91687881
111  52.58628497  013.91685525
114  52.58628497  013.91685525  52.58627760  013.91693955
110 1 0.25 0.0000 asphalt_2L.pol
111  52.58621004  013.91819757
111  52.58620125  013.91824121
111  52.58626934  013.91850965
111  52.58621461  013.91854980
111  52.58622278  013.91857975
111  52.58627786  013.91853916
111  52.58628220  013.91854107
111  52.58631402  013.91866508
111  52.58632149  013.91867447
111  52.58633001  013.91867580
111  52.58634145  013.91866652
111  52.58633540  013.91864216
111  52.58633025  013.91864549
111  52.58632601  013.91864407
111  52.58631136  013.91858525
111  52.58631273  013.91858196
111  52.58623969  013.91829833
111  52.58626635  013.91819307
111  52.58637678  013.91811657
111  52.58655378  013.91880627
111  52.58655391  013.91881424
112  52.58656738  013.91883125  52.58657004  013.91884130
111  52.58656738  013.91883125
111  52.58658330  013.91881994
112  52.58658330  013.91881994  52.58658166  013.91881300
112  52.58658885  013.91880147  52.58659611  013.91879683
111  52.58658885  013.91880147
111  52.58664834  013.91876307
112  52.58664834  013.91876307  52.58665927  013.91875574
112  52.58665574  013.91871766  52.58665129  013.91869968
111  52.58665574  013.91871766
111  52.58664319  013.91867194
111  52.58664120  013.91865787
111  52.58659652  013.91869061
112  52.58662927  013.91869478  52.58663413  013.91870943
111  52.58662927  013.91869478
111  52.58663748  013.91872360
111  52.58664146  013.91874226
111  52.58658000  013.91878251
112  52.58658000  013.91878251  52.58657702  013.91878474
111  52.58657532  013.91877811
111  52.58654900  013.91867769
111  52.58640130  013.91809998
111  52.58639436  013.91807254
113  52.58636158  013.91809538
110 2 0.25 67.0000 concrete_2L.pol
111  52.58571694  013.91402502
111  52.58581482  013.91439804
111  52.58585798  013.91436736
111  52.58589622  013.91451309
111  52.58591653  013.91449865
111  52.58596577  013.91469961
111  52.58606472  013.91462973
111  52.58615397  013.91432065
111  52.58599792  013.91371773
111  52.58573647  013.91390358
113  52.58576026  013.91399423
110 2 0.25 247.0000 concrete_2L.pol
111  52.58626635  013.91819307
111  52.58623969  013.91829833
111  52.58631273  013.91858196
111  52.58635839  013.91855036
111  52.58637468  013.91861478
111  52.58633540  013.91864216
111  52.58634145  013.91866652
111  52.58638059  013.91863834
111  52.58641014  013.91876036
111  52.58641154  013.91876636
111  52.58646373  013.91872968
111  52.58649093  013.91883529
111  52.58643940  013.91887085
111  52.58644410  013.91888882
111  52.58649562  013.91885438
111  52.58652035  013.91883800
111  52.58653414  013.91889306
111  52.58655290  013.91888024
111  52.58653921  013.91882444
111  52.58655391  013.91881424
111  52.58655378  013.91880627
113  52.58637678  013.91811657
110 1 0.25 248.0000 asphalt_4L.pol
111  52.58649506  013.92224564
111  52.58647516  013.92215890
111  52.58622025  013.92233335
113  52.58624015  013.92241236
110 2 0.25 245.0000 concrete_1D.pol
112  52.58587592  013.92232395  52.58591481  013.92243631
112  52.58604759  013.92240873  52.58610623  013.92235819
111  52.58604759  013.92240873
112  52.58604759  013.92240873  52.58608526  013.92237626
112  52.58611567  013.92224000  52.58612153  013.92217034
111  52.58611567  013.92224000
111  52.58612698  013.92229483
111  52.58612127  013.92231251
111  52.58614562  013.92229580
111  52.58613746  013.92228910
111  52.58611697  013.92220136
112  52.58611697  013.92220136  52.58611651  013.92217541
112  52.58610709  013.92212622  52.58610087  013.92210261
111  52.58610709  013.92212622
112  52.58610709  013.92212622  52.58608108  013.92202749
112  52.58599684  013.92201149  52.58598252  013.92201105
111  52.58599684  013.92201149
111  52.58598544  013.92196805
111  52.58595799  013.92187094
111  52.58589441  013.92191603
111  52.58592684  013.92203264
111  52.58590499  013.92205733
114  52.58590499  013.92205733  52.58587387  013.92209875
110 2 0.25 247.0000 concrete_1D.pol
112  52.58613017  013.92214801  52.58615386  013.92223067
111  52.58613017  013.92214801
112  52.58613017  013.92214801  52.58615976  013.92225129
112  52.58629737  013.92224683  52.58636012  013.92219812
112  52.58635503  013.92197233  52.58632544  013.92186905
111  52.58635503  013.92197233
112  52.58635503  013.92197233  52.58633352  013.92189723
112  52.58624206  013.92185238  52.58619542  013.92185255
111  52.58624206  013.92185238
111  52.58623791  013.92183641
111  52.58615479  013.92189531
111  52.58616059  013.92191370
114  52.58616059  013.92191370  52.58612248  013.92197347
110 1 0.25 247.0000 asphalt_2D.pol
111  52.58554268  013.91614280
111  52.58556278  013.91615550
111  52.58605319  013.91804564
111  52.58605374  013.91805929
111  52.58608292  013.91803931
111  52.58607714  013.91802807
111  52.58558833  013.91614174
113  52.58559785  013.91610018
110 2 0.25 247.0000 concrete_1D.pol
112  52.58635503  013.92197233  52.58637202  013.92204152
111  52.58635503  013.92197233
112  52.58635503  013.92197233  52.58638051  013.92207609
112  52.58651079  013.92209342  52.58657384  013.92205149
112  52.58657339  013.92181110  52.58654908  013.92172586
111  52.58657339  013.92181110
112  52.58657339  013.92181110  52.58655774  013.92175307
112  52.58644968  013.92170781  52.58639347  013.92172458
111  52.58644968  013.92170781
111  52.58644386  013.92169162
111  52.58636565  013.92174680
111  52.58637177  013.92177246
114  52.58637177  013.92177246  52.58634593  013.92182756
110 1 0.25 156.0000 asphalt_2D.pol
111  52.58743776  013.92170202
111  52.58743375  013.92170264
112  52.58743375  013.92170264  52.58742432  013.92178549
112  52.58738067  013.92180231  52.58736497  013.92180311
111  52.58738067  013.92180231
112  52.58738067  013.92180231  52.58736674  013.92180355
112  52.58733026  013.92179738  52.58732408  013.92179140
111  52.58733026  013.92179738
111  52.58718245  013.92189192
111  52.58672807  013.92221240
112  52.58672807  013.92221240  52.58671700  013.92221928
112  52.58668164  013.92220726  52.58667688  013.92219002
111  52.58668164  013.92220726
111  52.58663828  013.92205111
111  52.58660311  013.92207522
111  52.58663398  013.92218669
112  52.58663398  013.92218669  52.58664021  013.92220673
112  52.58662137  013.92222907  52.58661564  013.92222907
111  52.58662137  013.92222907
111  52.58652068  013.92223953
112  52.58652068  013.92223953  52.58650480  013.92223870
111  52.58649506  013.92224564
111  52.58624015  013.92241236
112  52.58624015  013.92241236  52.58622476  013.92242151
112  52.58617134  013.92238253  52.58616079  013.92235251
111  52.58617134  013.92238253
112  52.58617134  013.92238253  52.58616300  013.92235879
111  52.58614928  013.92230096
112  52.58614928  013.92230096  52.58614813  013.92229676
111  52.58614562  013.92229580
111  52.58612127  013.92231251
111  52.58611797  013.92232643
111  52.58617254  013.92253319
112  52.58619092  013.92253749  52.58620090  013.92253307
111  52.58621313  013.92251970
111  52.58650440  013.92233094
112  52.58650440  013.92233094  52.58651405  013.92232445
112  52.58652726  013.92232207  52.58653661  013.92232213
111  52.58652726  013.92232207
112  52.58669867  013.92230962  52.58672619  013.92230396
112  52.58677093  013.92227437  52.58680343  013.92225050
111  52.58677093  013.92227437
111  52.58729758  013.92191053
112  52.58729758  013.92191053  52.58734089  013.92188679
112  52.58740161  013.92203710  52.58739573  013.92211887
111  52.58740161  013.92203710
111  52.58739792  013.92207344
112  52.58740453  013.92207894  52.58740464  013.92208013
113  52.58740453  013.92207894
110 1 0.25 336.0000 asphalt_1D.pol
111  52.58650930  013.91890965
111  52.58649562  013.91885438
111  52.58644410  013.91888882
111  52.58643940  013.91887085
111  52.58649093  013.91883529
111  52.58646373  013.91872968
111  52.58641154  013.91876636
111  52.58641014  013.91876036
111  52.58629006  013.91884526
111  52.58632011  013.91896454
111  52.58640992  013.91890003
111  52.58644913  013.91895086
111  52.58647145  013.91903724
111  52.58646035  013.91906765
111  52.58647120  013.91911041
111  52.58654511  013.91905861
111  52.58651513  013.91893921
111  52.58661940  013.91886593
113  52.58661248  013.91883898
110 1 0.25 0.0000 asphalt_4D.pol
111  52.58703975  013.91818339
111  52.58701234  013.91808538
111  52.58708390  013.91803528
111  52.58710283  013.91810616
111  52.58709938  013.91814157
111  52.58722762  013.91805118
111  52.58721174  013.91798239
111  52.58717558  013.91800562
111  52.58717241  013.91797337
111  52.58728576  013.91789376
111  52.58723401  013.91769269
111  52.58688804  013.91792504
111  52.58668891  013.91806159
111  52.58671101  013.91814934
111  52.58669595  013.91817130
111  52.58666562  013.91819341
111  52.58667829  013.91824730
111  52.58670991  013.91822479
111  52.58672922  013.91822162
111  52.58674380  013.91827954
111  52.58678048  013.91825381
113  52.58680453  013.91834908
110 1 0.25 247.0000 asphalt_4D.pol
111  52.58611470  013.91685171
111  52.58612411  013.91689227
111  52.58617315  013.91708500
111  52.58618242  013.91712143
111  52.58623258  013.91731858
111  52.58629375  013.91755301
111  52.58630180  013.91758401
111  52.58634995  013.91777602
111  52.58637676  013.91788215
111  52.58639202  013.91794373
112  52.58639202  013.91794373  52.58637585  013.91795642
112  52.58637830  013.91801142  52.58638442  013.91803259
111  52.58637830  013.91801142
111  52.58639482  013.91807432
111  52.58641136  013.91814082
111  52.58654900  013.91867769
112  52.58654900  013.91867769  52.58655293  013.91869236
112  52.58659652  013.91869061  52.58662533  013.91866784
111  52.58659652  013.91869061
111  52.58664120  013.91865787
112  52.58664120  013.91865787  52.58665850  013.91864317
111  52.58667062  013.91866344
111  52.58667534  013.91866046
111  52.58661310  013.91843208
111  52.58660544  013.91843992
112  52.58659178  013.91848349  52.58657492  013.91849127
112  52.58655966  013.91845250  52.58655498  013.91843457
111  52.58655966  013.91845250
111  52.58646573  013.91808266
111  52.58645628  013.91804292
111  52.58616030  013.91689112
111  52.58613536  013.91678357
112  52.58613536  013.91678357  52.58612822  013.91675248
112  52.58614712  013.91672867  52.58615682  013.91672027
112  52.58618237  013.91675223  52.58618748  013.91677071
111  52.58618237  013.91675223
111  52.58629056  013.91717498
112  52.58629056  013.91717498  52.58627628  013.91711174
112  52.58628497  013.91685525  52.58629235  013.91677096
111  52.58628497  013.91685525
111  52.58626890  013.91685095
111  52.58616308  013.91644811
111  52.58609874  013.91643847
112  52.58610408  013.91652868  52.58611143  013.91660369
111  52.58610408  013.91652868
112  52.58610408  013.91652868  52.58610111  013.91655459
112  52.58608219  013.91661567  52.58607113  013.91663948
111  52.58608219  013.91661567
113  52.58606631  013.91666051
110 2 0.25 157.0000 concrete_2D.pol
112  52.58676629  013.91852094  52.58677397  013.91854769
111  52.58676629  013.91852094
111  52.58716557  013.92005993
111  52.58718236  013.92004752
111  52.58677002  013.91845313
114  52.58677002  013.91845313  52.58675854  013.91846224
110 2 0.25 67.0000 concrete_1D.pol
111  52.58740542  013.91988430
111  52.58769609  013.91967225
111  52.58736766  013.91839702
111  52.58731774  013.91843139
111  52.58725957  013.91820126
111  52.58719883  013.91824293
111  52.58720658  013.91827566
111  52.58703713  013.91839891
111  52.58703203  013.91839555
112  52.58702536  013.91828091  52.58703589  013.91823100
111  52.58702536  013.91828091
111  52.58698699  013.91830649
111  52.58703324  013.91848442
113  52.58704677  013.91847480
112  52.58748881  013.91974864  52.58748176  013.91972251
111  52.58748881  013.91974864
111  52.58744118  013.91956426
111  52.58760363  013.91944721
111  52.58764177  013.91960004
112  52.58764177  013.91960004  52.58765588  013.91965812
112  52.58760965  013.91969928  52.58759466  013.91970799
111  52.58760965  013.91969928
111  52.58752850  013.91975735
114  52.58752850  013.91975735  52.58751792  013.91976606
110 1 0.25 247.0000 asphalt_2D.pol
111  52.58642456  013.91949380
111  52.58679241  013.92091548
111  52.58681850  013.92089445
111  52.58645553  013.91949899
113  52.58646343  013.91946700
110 1 0.25 66.0000 asphalt_3D.pol
111  52.58677002  013.91845313
111  52.58718236  013.92004752
111  52.58740542  013.91988430
113  52.58698699  013.91830649
110 3 0.25 0.0000 shrb_tmp_rain_sflat.pol
111  52.58622475  013.91477561
111  52.58604247  013.91524184
111  52.58600527  013.91543277
111  52.58611355  013.91535844
111  52.58613545  013.91544366
111  52.58655932  013.91515368
113  52.58636277  013.91440852
110 3 0.25 0.0000 shrb_tmp_rain_sflat.pol
111  52.58710585  013.92010286
111  52.58747788  013.92157401
111  52.58748494  013.92161886
111  52.58749092  013.92172319
111  52.58748396  013.92174550
111  52.58742815  013.92241221
111  52.58741053  013.92259705
111  52.58740924  013.92281754
111  52.58765419  013.92427216
111  52.58767112  013.92431253
111  52.58775020  013.92438883
111  52.58897835  013.92432949
111  52.58779343  013.91969597
113  52.58769609  013.91967225
110 1 0.00 247.0300 asphalt
111  52.58605994  013.91968814
111  52.58607627  013.91971611
111  52.58618003  013.92011534
111  52.58641911  013.92103736
111  52.58649897  013.92133640
111  52.58657658  013.92127675
111  52.58661101  013.92117132
111  52.58664475  013.92114780
111  52.58670764  013.92118701
111  52.58678693  013.92113368
111  52.58681753  013.92102738
111  52.58701922  013.92088646
111  52.58679037  013.92001320
111  52.58679022  013.91998707
111  52.58683592  013.91980751
111  52.58693213  013.91974347
111  52.58693931  013.91974746
111  52.58695602  013.91979073
111  52.58696727  013.91978341
111  52.58690203  013.91953185
111  52.58689448  013.91953781
111  52.58690358  013.91959441
111  52.58690112  013.91960524
111  52.58680401  013.91967506
111  52.58670430  013.91960564
111  52.58657996  013.91913864
111  52.58656240  013.91912745
111  52.58654511  013.91905861
111  52.58647120  013.91911041
111  52.58651316  013.91927513
111  52.58651888  013.91929687
111  52.58652872  013.91930602
111  52.58664422  013.91975025
111  52.58662417  013.91980329
111  52.58627808  013.92003956
111  52.58625395  013.92000484
111  52.58615434  013.91964276
113  52.58615457  013.91962079
111  52.58630991  013.92034778
111  52.58628728  013.92026004
111  52.58629506  013.92018318
111  52.58666294  013.91993807
111  52.58671124  013.91996324
111  52.58673649  013.92005994
111  52.58670963  013.92014740
113  52.58635624  013.92038192
111  52.58639342  013.92067370
111  52.58637627  013.92060722
111  52.58639327  013.92051308
111  52.58675068  013.92027327
111  52.58679972  013.92030208
111  52.58682468  013.92039767
111  52.58680381  013.92047863
113  52.58645042  013.92071447
111  52.58647962  013.92100600
111  52.58645781  013.92092146
111  52.58648906  013.92085094
111  52.58683601  013.92061907
111  52.58689109  013.92065196
111  52.58691087  013.92072772
111  52.58683279  013.92089996
111  52.58681760  013.92089482
111  52.58679241  013.92091548
111  52.58678336  013.92093779
113  52.58658164  013.92106955
110 2 0.00 246.6400 asphalt
111  52.58498072  013.91223770
111  52.58498306  013.91226842
111  52.58500339  013.91229019
111  52.58504230  013.91228016
112  52.58505611  013.91232970  52.58505667  013.91233062
111  52.58507901  013.91231797
111  52.58509648  013.91238441
111  52.58513176  013.91236273
111  52.58514665  013.91241549
111  52.58518158  013.91239347
111  52.58519033  013.91243051
111  52.58520700  013.91243968
111  52.58522686  013.91242692
111  52.58545298  013.91331213
111  52.58543190  013.91341442
111  52.58520749  013.91357226
111  52.58517759  013.91357940
111  52.58521467  013.91371988
111  52.58523267  013.91370212
111  52.58546620  013.91354109
111  52.58551504  013.91358949
111  52.58552734  013.91358857
111  52.58554187  013.91365481
111  52.58552119  013.91374682
111  52.58526935  013.91392746
111  52.58530326  013.91406218
111  52.58546138  013.91395751
111  52.58551001  013.91414429
111  52.58550442  013.91416913
111  52.58535750  013.91426803
111  52.58539263  013.91440374
111  52.58564697  013.91422525
111  52.58569169  013.91427806
111  52.58570824  013.91434302
111  52.58569952  013.91443043
111  52.58544916  013.91460954
111  52.58548227  013.91473732
111  52.58563574  013.91463341
111  52.58568865  013.91483929
111  52.58553449  013.91495090
111  52.58556826  013.91508091
111  52.58581859  013.91491162
111  52.58588287  013.91496406
111  52.58588846  013.91499351
111  52.58587896  013.91510944
111  52.58562086  013.91528698
111  52.58565585  013.91541495
111  52.58590020  013.91526401
111  52.58597176  013.91500547
111  52.58584654  013.91451599
113  52.58523775  013.91217711
110 1 0.00 246.8200 asphalt
111  52.58556747  013.91550917
111  52.58552889  013.91568351
111  52.58545437  013.91572551
111  52.58494035  013.91607547
111  52.58492242  013.91609924
111  52.58493678  013.91614917
111  52.58500477  013.91641841
111  52.58502801  013.91650468
111  52.58512675  013.91643006
111  52.58523154  013.91650553
111  52.58568453  013.91821500
111  52.58578160  013.91814388
111  52.58603171  013.91795692
111  52.58599912  013.91782974
111  52.58575415  013.91801217
111  52.58573770  013.91800948
111  52.58568762  013.91781405
111  52.58569579  013.91779387
111  52.58594337  013.91761648
111  52.58591084  013.91749305
111  52.58566684  013.91766727
111  52.58564787  013.91766655
111  52.58560258  013.91748219
111  52.58560941  013.91746589
111  52.58585747  013.91728794
111  52.58582217  013.91715021
111  52.58557093  013.91733009
111  52.58556147  013.91732177
111  52.58551450  013.91714037
111  52.58552619  013.91711811
111  52.58586578  013.91687704
111  52.58591783  013.91682963
111  52.58594937  013.91676523
111  52.58568538  013.91571812
111  52.58581865  013.91563748
111  52.58586718  013.91566441
111  52.58586589  013.91549126
111  52.58565989  013.91561776
111  52.58563026  013.91551690
111  52.58565585  013.91541495
111  52.58562086  013.91528698
111  52.58556625  013.91525454
111  52.58554381  013.91517027
111  52.58556826  013.91508091
111  52.58553449  013.91495090
111  52.58547703  013.91490764
111  52.58545844  013.91484330
111  52.58548121  013.91473767
111  52.58544916  013.91460954
111  52.58539037  013.91456954
111  52.58537073  013.91449412
111  52.58539263  013.91440374
111  52.58535750  013.91426803
111  52.58529974  013.91422556
111  52.58528003  013.91415297
111  52.58530326  013.91406218
111  52.58526935  013.91392746
111  52.58521839  013.91391985
111  52.58519225  013.91380909
111  52.58521467  013.91371988
111  52.58517759  013.91357940
112  52.58517759  013.91357940  52.58510384  013.91361231
112  52.58502934  013.91347516  52.58500133  013.91339090
111  52.58502934  013.91347516
111  52.58477029  013.91248230
112  52.58477029  013.91248230  52.58475375  013.91241545
112  52.58479502  013.91230038  52.58482908  013.91224971
111  52.58479502  013.91230038
112  52.58479502  013.91230038  52.58479975  013.91229389
112  52.58483592  013.91228563  52.58484799  013.91228362
111  52.58483592  013.91228563
111  52.58483515  013.91227238
111  52.58444973  013.91235941
111  52.58445022  013.91236531
112  52.58457976  013.91239128  52.58463352  013.91242257
112  52.58468640  013.91255617  52.58470419  013.91262187
111  52.58468640  013.91255617
111  52.58493781  013.91351954
111  52.58497308  013.91366881
112  52.58497308  013.91366881  52.58498476  013.91370690
113  52.58512251  013.91380329
111  52.58538160  013.91664244
111  52.58532354  013.91641661
111  52.58536063  013.91628306
111  52.58560368  013.91609840
111  52.58573311  013.91617917
111  52.58576866  013.91631740
111  52.58574494  013.91640698
113  52.58540206  013.91664282
111  52.58548315  013.91698791
111  52.58547094  013.91698243
111  52.58543954  013.91687511
111  52.58544196  013.91685921
111  52.58543310  013.91680357
111  52.58543713  013.91679164
111  52.58577699  013.91653832
111  52.58584024  013.91658426
111  52.58585628  013.91664712
113  52.58583085  013.91674466
110 2 0.50 66.0000 Heli
111  52.58529254  013.91490796
111  52.58526767  013.91498304
111  52.58526778  013.91500498
111  52.58494687  013.91522882
111  52.58488487  013.91518190
111  52.58484196  013.91521299
111  52.58491163  013.91547776
111  52.58495692  013.91544598
111  52.58497519  013.91533844
111  52.58529493  013.91510928
111  52.58530000  013.91512803
111  52.58535941  013.91515357
111  52.58548303  013.91563785
111  52.58545437  013.91572551
111  52.58552889  013.91568351
111  52.58556747  013.91550917
111  52.58512251  013.91380329
112  52.58497308  013.91366881  52.58496140  013.91363073
111  52.58497308  013.91366881
111  52.58505977  013.91401696
111  52.58504889  013.91403431
111  52.58504824  013.91405053
111  52.58503361  013.91408598
111  52.58503464  013.91410567
111  52.58470372  013.91434255
111  52.58469886  013.91432560
111  52.58465879  013.91428605
111  52.58465185  013.91428303
111  52.58460778  013.91431378
111  52.58467645  013.91458046
111  52.58472053  013.91454971
111  52.58473616  013.91446527
111  52.58473271  013.91444865
111  52.58506360  013.91421340
111  52.58506814  013.91423062
113  52.58511968  013.91424542
110 2 0.50 49.3900 A
111  52.57921368  013.91407651
111  52.57924612  013.91402951
111  52.57921872  013.91397999
111  52.57927006  013.91390711
111  52.57924092  013.91384631
111  52.57945633  013.91353601
111  52.57944360  013.91350693
111  52.57934917  013.91332658
111  52.57934384  013.91331595
111  52.57928706  013.91338786
111  52.57926077  013.91333862
111  52.57920421  013.91341081
111  52.57917390  013.91335472
111  52.57912080  013.91342632
111  52.57908937  013.91337212
111  52.57903508  013.91344919
111  52.57900606  013.91339640
111  52.57897974  013.91343411
111  52.57894628  013.91338216
111  52.57892187  013.91341789
111  52.57889154  013.91335763
111  52.57887330  013.91338473
113  52.57884894  013.91338018
110 2 0.50 171.9000 A
111  52.58446049  013.91223563
111  52.57939850  013.91337646
111  52.57938701  013.91333206
111  52.57934917  013.91332658
111  52.57944360  013.91350693
111  52.57945077  013.91349525
111  52.58444973  013.91235941
111  52.58483515  013.91227238
111  52.58498072  013.91223770
111  52.58523775  013.91217711
113  52.58522925  013.91206538
110 2 0.50 229.4500 B
111  52.58355108  013.92220101
111  52.58357802  013.92216387
111  52.58356432  013.92213632
111  52.58361808  013.92205890
111  52.58360336  013.92203203
111  52.58365762  013.92195711
111  52.58364232  013.92192672
111  52.58375427  013.92177003
111  52.58374207  013.92175181
111  52.58375805  013.92169988
111  52.58369000  013.92156444
111  52.58349888  013.92183215
111  52.58348762  013.92181167
111  52.58348195  013.92181010
111  52.58342933  013.92188486
111  52.58341409  013.92185660
111  52.58338977  013.92189011
111  52.58336703  013.92184954
111  52.58334648  013.92185390
111  52.58313096  013.92216469
111  52.58320405  013.92230295
111  52.58342006  013.92271395
113  52.58364927  013.92239382
110 2 0.50 110.5000 B
111  52.58375805  013.92169988
111  52.58376364  013.92168170
111  52.58375558  013.92166467
111  52.58461044  013.91791316
111  52.58492443  013.91654004
111  52.58495613  013.91655272
111  52.58498735  013.91643218
111  52.58500477  013.91641841
111  52.58493678  013.91614917
111  52.58485340  013.91650656
111  52.58370654  013.92154127
113  52.58369000  013.92156444
110 3 25.00 49.0200 A grass
111  52.57854176  013.91337617
111  52.57809560  013.91373113
111  52.57832515  013.91415507
113  52.57876082  013.91379052
110 3 25.00 49.9800 B grass
111  52.58320405  013.92230295
111  52.58286927  013.92275891
111  52.58304702  013.92311251
111  52.58333030  013.92273263
111  52.58337028  013.92276370
113  52.58342006  013.92271395
110 1 0.00 67.0000 Round Hangars asphalt
111  52.58641911  013.92103736
111  52.58637755  013.92121809
111  52.58624381  013.92131158
111  52.58619894  013.92114259
111  52.58619800  013.92112755
111  52.58617447  013.92104083
111  52.58611887  013.92108115
111  52.58614106  013.92116706
111  52.58614803  013.92117852
111  52.58618972  013.92133265
111  52.58618205  013.92135594
111  52.58611841  013.92140019
111  52.58607357  013.92122534
111  52.58607224  013.92121031
111  52.58604794  013.92112466
111  52.58599692  013.92116759
111  52.58607158  013.92143291
111  52.58600198  013.92147673
111  52.58599415  013.92146962
111  52.58595161  013.92131373
111  52.58592480  013.92121397
111  52.58587362  013.92125136
111  52.58590071  013.92135026
111  52.58594682  013.92151404
111  52.58586973  013.92157390
111  52.58582499  013.92140031
111  52.58582427  013.92138365
111  52.58580241  013.92130085
111  52.58575008  013.92134353
111  52.58577270  013.92143036
111  52.58577993  013.92144391
111  52.58581698  013.92159312
111  52.58581560  013.92160306
111  52.58584287  013.92170636
111  52.58584705  013.92170288
111  52.58589278  013.92189701
111  52.58589246  013.92191118
111  52.58589051  013.92192670
111  52.58587636  013.92196795
111  52.58590499  013.92205733
111  52.58592684  013.92203264
111  52.58589441  013.92191603
111  52.58595799  013.92187094
111  52.58594440  013.92186458
111  52.58589804  013.92166894
111  52.58602102  013.92158036
111  52.58608542  013.92161127
111  52.58615479  013.92189531
111  52.58623791  013.92183641
111  52.58616627  013.92155398
111  52.58619461  013.92146300
111  52.58623581  013.92143284
111  52.58629226  013.92146476
111  52.58636565  013.92174680
111  52.58644386  013.92169162
111  52.58637494  013.92143209
111  52.58639726  013.92132031
111  52.58644172  013.92128932
112  52.58649897  013.92133640  52.58651051  013.92137333
113  52.58649897  013.92133640
110 2 0.25 157.1000 Hangar
111  52.58656255  013.92164709
111  52.58666123  013.92200555
111  52.58727204  013.92159236
111  52.58731110  013.92156691
111  52.58722064  013.92119079
111  52.58718158  013.92121624
111  52.58701922  013.92088646
111  52.58681753  013.92102738
111  52.58678693  013.92113368
111  52.58670764  013.92118701
111  52.58664475  013.92114780
111  52.58661101  013.92117132
111  52.58657658  013.92127675
113  52.58649897  013.92133640
110 2 0.00 66.9200 Apron
111  52.58605994  013.91968814
111  52.58615457  013.91962079
111  52.58622318  013.91957221
111  52.58625597  013.91969953
111  52.58644437  013.91957073
111  52.58642514  013.91949456
111  52.58650947  013.91943585
111  52.58646886  013.91927759
111  52.58648562  013.91926676
111  52.58651316  013.91927513
111  52.58647120  013.91911041
111  52.58637548  013.91917433
111  52.58608299  013.91803729
111  52.58579654  013.91823630
111  52.58577694  013.91816217
111  52.58578160  013.91814388
113  52.58568453  013.91821500
110 2 0.00 49.0600 rwy turn
111  52.57657800  013.90886895
111  52.57628060  013.90929377
111  52.57653961  013.90977133
111  52.57683584  013.90957781
111  52.57683584  013.90957781
113  52.57686743  013.90943866
130 Airport Boundary
111  52.58355516  013.90896426
111  52.58293126  013.90887126
111  52.57895248  013.90873431
111  52.57874079  013.90864999
111  52.57781882  013.90782985
111  52.57771451  013.90760113
111  52.57768205  013.90731671
111  52.57529072  013.90520231
111  52.57375305  013.90701173
111  52.57339277  013.90855077
111  52.57441475  013.90975715
111  52.57876104  013.92104370
111  52.58025846  013.92483824
111  52.58036245  013.92492943
111  52.58737163  013.92442957
111  52.58899737  013.92432567
111  52.58749366  013.91849035
111  52.58665548  013.91510217
111  52.58656645  013.91518661
111  52.58632395  013.91407569
111  52.58638483  013.91391287
111  52.58667917  013.91333153
111  52.58691233  013.91275024
111  52.58733581  013.91107204
111  52.58729008  013.91093113
111  52.58643964  013.91039219
111  52.58614511  013.91050625
113  52.58413491  013.90920638
120 Runway Hold 05
111  52.57932820  013.91371311 4
115  52.57915812  013.91338157
120 Runway Hold 23
111  52.58364911  013.92191086 4
115  52.58356541  013.92174400
120 Apron Hold
111  52.58485520  013.91650677 2
115  52.58492127  013.91654676
120 H1 twyline
111  52.58528403  013.91505768 20
111  52.58520416  013.91511263
111  52.58510660  013.91518207 20
111  52.58505855  013.91521627
111  52.58495161  013.91529238 20
115  52.58488332  013.91534098
120 H2 twyline
111  52.58504845  013.91416098 20
111  52.58496968  013.91421704
111  52.58487281  013.91428648 20
111  52.58480122  013.91433549
111  52.58471712  013.91439565 20
115  52.58464884  013.91444425
120 white border
111  52.58588756  013.91817891 20
111  52.58613981  013.91915404 20
115  52.58632930  013.91902395
120 taxiline
112  52.58646677  013.92109243  52.58648264  013.92115191 1
116  52.58643354  013.92123983  52.58640534  013.92125869
120 taxiline
111  52.58655889  013.92115272 1
111  52.58643354  013.92123983 1
115  52.58588467  013.92162127
120 taxiline b
111  52.58488379  013.91653852 1
115  52.58373918  013.92156561
120 taxiline
112  52.58581791  013.91456787  52.58579474  013.91447682 1
116  52.58572824  013.91448988  52.58571345  013.91449989
120 taxiline
112  52.58572810  013.91422063  52.58570493  013.91412959 1
116  52.58563077  013.91415650  52.58561599  013.91416652
120 taxiline
112  52.58563919  013.91387688  52.58561602  013.91378583 1
116  52.58554244  013.91381311  52.58552765  013.91382313
120 taxiline
112  52.58555154  013.91353802  52.58552837  013.91344697 1
116  52.58545411  013.91347473  52.58543932  013.91348474
120 taxiline
112  52.58543828  013.91468860  52.58537042  013.91473357 1
116  52.58536284  013.91494946  52.58538376  013.91503083
120 taxiline
112  52.58534387  013.91435725  52.58527601  013.91440222 1
116  52.58527634  013.91461797  52.58529726  013.91469935
120 taxiline
112  52.58525248  013.91401184  52.58518462  013.91405680 1
116  52.58518655  013.91427388  52.58520747  013.91435526
120 taxiline
112  52.58516590  013.91367633  52.58509804  013.91372130 1
116  52.58510154  013.91394847  52.58511662  013.91400390
120 taxiline
112  52.58552530  013.91503060  52.58545744  013.91507557 1
116  52.58545536  013.91530399  52.58547627  013.91538537
120 taxiline
112  52.58575142  013.91431081  52.58577434  013.91440800 1
112  52.58572824  013.91448988  52.58569827  013.91451018 1
112  52.58543828  013.91468860  52.58536865  013.91473067 1
116  52.58527634  013.91461797  52.58525343  013.91452804
120 taxiline
112  52.58567177  013.91400286  52.58569469  013.91410005 1
112  52.58563077  013.91415650  52.58560081  013.91417681 1
112  52.58534387  013.91435725  52.58527425  013.91439931 1
116  52.58518655  013.91427388  52.58516364  013.91418395
120 taxiline
112  52.58558290  013.91365926  52.58560582  013.91375645 1
112  52.58554244  013.91381311  52.58551247  013.91383342 1
112  52.58525248  013.91401184  52.58518285  013.91405390 1
116  52.58510154  013.91394847  52.58507863  013.91385853
120 taxiline
112  52.58549526  013.91332040  52.58551817  013.91341759 1
112  52.58545411  013.91347473  52.58542414  013.91349503 1
112  52.58516590  013.91367633  52.58509804  013.91372130 1
116  52.58499941  013.91355673  52.58497650  013.91346679
120 taxiline
112  52.57940804  013.91344102  52.57934776  013.91345494 1
111  52.57927708  013.91355615
111  52.57924680  013.91360387
112  52.57924680  013.91360387  52.57916008  013.91372570 1
112  52.57918717  013.91430221  52.57927106  013.91446453
111  52.57918717  013.91430221 1
115  52.57946354  013.91482874
120 taxiline
112  52.58538807  013.91685766  52.58537050  013.91678994 1
116  52.58545070  013.91668956  52.58550654  013.91665322
120 taxiline
112  52.58586462  013.91654383  52.58584741  013.91647564 1
116  52.58575072  013.91647901  52.58568219  013.91652413
120 taxiline
112  52.58580375  013.91630030  52.58583099  013.91641132 1
112  52.58575072  013.91647901  52.58571417  013.91650157
111  52.58575072  013.91647901 1
111  52.58545070  013.91668956
112  52.58545070  013.91668956  52.58541262  013.91671713 1
116  52.58533295  013.91664371  52.58530706  013.91654596
120 taxiline
112  52.58480890  013.91221624  52.58474469  013.91223047 1
116  52.58471948  013.91248397  52.58474058  013.91256355
120 taxiline a
111  52.57940804  013.91344102 1
111  52.57924373  013.91347827
111  52.57919515  013.91348942 1
111  52.57903700  013.91352299
112  52.57903700  013.91352299  52.57895560  013.91353810 1
112  52.57868556  013.91335205  52.57859479  013.91318175
111  52.57868556  013.91335205 1
115  52.57846734  013.91293822
120 taxiline a
111  52.57940804  013.91344102 1
115  52.58453142  013.91227916
120 taxiline
111  52.58453142  013.91227916 1
111  52.58480890  013.91221624 1
111  52.58498585  013.91217611
112  52.58498585  013.91217611  52.58506425  013.91215964 1
112  52.58515912  013.91224436  52.58520622  013.91229461 1
112  52.58527828  013.91248149  52.58530327  013.91258721
111  52.58527828  013.91248149 1
111  52.58549526  013.91332040 1
111  52.58555154  013.91353802 1
111  52.58581791  013.91456787
112  52.58581791  013.91456787  52.58585140  013.91470132 1
112  52.58576327  013.91486378  52.58571744  013.91489715 1
111  52.58552530  013.91503060
112  52.58552530  013.91503060  52.58545744  013.91507557 1
116  52.58536284  013.91494946  52.58534081  013.91486098
120 taxiline
111  52.58584303  013.91801906 1
115  52.58576636  013.91807564
120 taxiline
111  52.58575314  013.91767818 1
115  52.58567646  013.91773475
120 taxiline
111  52.58567029  013.91734310 1
115  52.58559361  013.91739967
120 taxiline
112  52.58552384  013.91556642  52.58554541  013.91564997 1
112  52.58560379  013.91569383  52.58563171  013.91572099 1
112  52.58568502  013.91584214  52.58569771  013.91588601
111  52.58568502  013.91584214
112  52.58568502  013.91584214  52.58568972  013.91585840 1
115  52.58571421  013.91594867
120 taxiline
111  52.58546515  013.91587347 1
111  52.58554637  013.91581916
112  52.58554637  013.91581916  52.58560003  013.91578396 1
112  52.58571421  013.91594867  52.58574340  013.91605520
111  52.58571421  013.91594867 1
111  52.58580375  013.91630030 1
111  52.58586462  013.91654383 1
111  52.58589229  013.91665124
112  52.58589229  013.91665124  52.58590911  013.91671726 1
112  52.58585232  013.91680900  52.58581495  013.91683533
111  52.58585232  013.91680900 1
115  52.58550226  013.91705365
120 taxiline
111  52.58506901  013.91614415 1
111  52.58530515  013.91598336 1
111  52.58546515  013.91587347
112  52.58546515  013.91587347  52.58550160  013.91585019 1
112  52.58552384  013.91556642  52.58547315  013.91537332
111  52.58552384  013.91556642 1
112  52.58536284  013.91494946  52.58531216  013.91475636
111  52.58536284  013.91494946 1
111  52.58471948  013.91248397
112  52.58471948  013.91248397  52.58467593  013.91231477 1
116  52.58453142  013.91227916  52.58449007  013.91228868
120 taxiline
111  52.58489002  013.91651143 1
111  52.58492223  013.91637148
112  52.58492223  013.91637148  52.58494496  013.91626909 1
112  52.58506901  013.91614415  52.58512883  013.91610674 1
112  52.58524135  013.91628820  52.58527484  013.91642210
111  52.58524135  013.91628820 1
111  52.58572940  013.91818235 1
111  52.58603130  013.91935402 1
111  52.58609025  013.91958279 1
111  52.58620688  013.92003861 1
111  52.58625040  013.92024239 1
111  52.58629228  013.92041783 1
111  52.58646677  013.92109243
112  52.58646677  013.92109243  52.58648149  013.92114547 1
112  52.58655889  013.92115272  52.58660373  013.92112505
111  52.58655889  013.92115272 1
112  52.58691826  013.92089791  52.58694418  013.92087947 1
112  52.58694747  013.92075072  52.58692855  013.92068038
111  52.58694747  013.92075072 1
111  52.58656379  013.91925819
112  52.58656379  013.91925819  52.58654277  013.91917748 1
112  52.58645977  013.91919922  52.58642264  013.91922229
111  52.58645977  013.91919922 1
111  52.58613123  013.91942521
112  52.58613123  013.91942521  52.58609270  013.91945173 1
116  52.58603130  013.91935402  52.58601239  013.91928484
120 taxiline
112  52.58604257  013.91911136  52.58600560  013.91913618 1
116  52.58600658  013.91925806  52.58601582  013.91929489
120 taxiline
112  52.58590597  013.91858791  52.58586899  013.91861273 1
116  52.58587115  013.91873247  52.58588039  013.91877069
120 taxiline
112  52.58524135  013.91628820  52.58520785  013.91615431 1
116  52.58530515  013.91598336  52.58536966  013.91593864
120 red hold
111  52.58683889  013.91980477 32
115  52.58680628  013.91967693
120 taxiline
112  52.58603535  013.91880893  52.58599547  013.91877296 1
116  52.58590652  013.91886976  52.58587341  013.91895844
120 taxiline
112  52.58589875  013.91828548  52.58585887  013.91824951 1
116  52.58577286  013.91835101  52.58573974  013.91843969
120 taxiline
112  52.58613123  013.91942521  52.58609270  013.91945173 1
116  52.58609025  013.91958279  52.58610356  013.91963571
120 taxiline
112  52.58581686  013.91852177  52.58583174  013.91857854 1
112  52.58590597  013.91858791  52.58593760  013.91856596
111  52.58590597  013.91858791 1
111  52.58595822  013.91855078
112  52.58595822  013.91855078  52.58597947  013.91856984 1
111  52.58601441  013.91856070 1
111  52.58602488  013.91852195
112  52.58602488  013.91852195  52.58609655  013.91847280 1
112  52.58608465  013.91831896  52.58606520  013.91824584 1
112  52.58595474  013.91824366  52.58589577  013.91828780
111  52.58595474  013.91824366 1
111  52.58589875  013.91828548
112  52.58589875  013.91828548  52.58588914  013.91838520 1
116  52.58578584  013.91840137  52.58574521  013.91838831
120 taxiline
112  52.58595200  013.91904623  52.58596688  013.91910162 1
112  52.58604257  013.91911136  52.58607420  013.91908941
111  52.58604257  013.91911136 1
111  52.58609482  013.91907423
112  52.58609482  013.91907423  52.58611607  013.91909329 1
111  52.58615111  013.91908400 1
111  52.58616180  013.91904520
112  52.58616180  013.91904520  52.58622096  013.91900551 1
112  52.58622125  013.91884241  52.58620180  013.91876929 1
112  52.58609134  013.91876711  52.58603473  013.91880736
111  52.58609134  013.91876711 1
111  52.58603535  013.91880893
112  52.58603535  013.91880893  52.58602574  013.91890865 1
116  52.58592097  013.91892583  52.58588035  013.91891278
120 taxiline
112  52.58685819  013.92040342  52.58687212  013.92046271 1
116  52.58681574  013.92054907  52.58679202  013.92056351
120 taxiline
112  52.58677153  013.92006629  52.58678545  013.92012557 1
116  52.58673276  013.92020846  52.58670904  013.92022290
120 taxiline
112  52.58668499  013.91972966  52.58669892  013.91978894 1
116  52.58664879  013.91986164  52.58662507  013.91987608
120 taxiline
112  52.58641613  013.92089669  52.58640440  013.92085332 1
116  52.58645826  013.92079253  52.58648282  013.92077319
120 taxiline
112  52.58633205  013.92057248  52.58632094  013.92052910 1
116  52.58638027  013.92044592  52.58640483  013.92042950
120 taxiline
112  52.58625040  013.92024239  52.58623867  013.92019902 1
116  52.58629131  013.92010510  52.58631898  013.92008525
120 taxiline
112  52.58637805  013.92074944  52.58638987  013.92079768 1
112  52.58645826  013.92079253  52.58648282  013.92077319
111  52.58645826  013.92079253 1
111  52.58681574  013.92054907
112  52.58681574  013.92054907  52.58684130  013.92053041 1
116  52.58690850  013.92059911  52.58692076  013.92064759
120 taxiline
112  52.58629228  013.92041783  52.58630411  013.92046606 1
112  52.58638027  013.92044592  52.58640483  013.92042950
111  52.58638027  013.92044592 1
111  52.58673276  013.92020846
112  52.58673276  013.92020846  52.58675832  013.92018980 1
116  52.58682183  013.92026198  52.58683410  013.92031045
120 taxiline
112  52.58620688  013.92003861  52.58622089  013.92009753 1
112  52.58629131  013.92010510  52.58631898  013.92008525
111  52.58629131  013.92010510 1
111  52.58664879  013.91986164
112  52.58664879  013.91986164  52.58667435  013.91984298 1
116  52.58673529  013.91992535  52.58674756  013.91997382
120 taxiline
112  52.58373979  013.92156599  52.58373006  013.92160862 1
112  52.58368355  013.92171990  52.58365467  013.92176256
111  52.58368355  013.92171990
112  52.58368355  013.92171990  52.58367529  013.92173211 1
111  52.58361998  013.92181097
111  52.58359703  013.92184360 1
111  52.58354275  013.92191903
112  52.58354275  013.92191903  52.58352573  013.92194167 1
112  52.58332981  013.92197186  52.58322356  013.92193581 1
112  52.58311966  013.92176020  52.58305011  013.92163064
111  52.58311966  013.92176020
112  52.58311966  013.92176020  52.58293875  013.92142320 1
115  52.58282085  013.92119446
120 20_road_edge.lin
112  52.58637338  013.91946414  52.58636897  013.91946082 20
112  52.58636173  013.91947127  52.58635971  013.91947853 20
112  52.58636606  013.91949044  52.58637047  013.91949377 20
114  52.58637771  013.91948332  52.58637973  013.91947605 20
120 20_road_edge.lin
111  52.58637771  013.91948332 20
115  52.58636173  013.91947127
120 20_road_edge.lin
111  52.58637338  013.91946414 20
115  52.58636606  013.91949044
120 20_road_edge.lin
112  52.58630869  013.91950949  52.58630428  013.91950616 20
112  52.58629704  013.91951661  52.58629502  013.91952387 20
112  52.58630137  013.91953578  52.58630578  013.91953911 20
114  52.58631302  013.91952866  52.58631504  013.91952140 20
120 20_road_edge.lin
111  52.58631302  013.91952866 20
115  52.58629704  013.91951661
120 20_road_edge.lin
111  52.58630869  013.91950949 20
115  52.58630137  013.91953578
120 24_road_edge_wide.lin
111  52.58633053  013.91949443 24
111  52.58632269  013.91947131 24
111  52.58632096  013.91947236 24
111  52.58632495  013.91949646 24
111  52.58632407  013.91949706 24
111  52.58631644  013.91947537 24
111  52.58631482  013.91947646 24
115  52.58631905  013.91950259
120 24_road_edge_wide.lin
111  52.58632662  013.91946788 24
111  52.58633675  013.91947437 24
111  52.58633736  013.91947679 24
115  52.58633268  013.91949185
120 24_road_edge_wide.lin
111  52.58634026  013.91948794 24
115  52.58633382  013.91946284
120 24_road_edge_wide.lin
111  52.58634064  013.91945813 24
115  52.58634659  013.91948185
120 24_road_edge_wide.lin
111  52.58635091  013.91947892 24
115  52.58634261  013.91948454
120 20_road_edge.lin
111  52.58634412  013.91943052 20
111  52.58630242  013.91945869 20
111  52.58631954  013.91952732 20
113  52.58636124  013.91949915 20
120 24_road_edge_wide.lin
111  52.58639546  013.91945071 24
111  52.58638763  013.91942759 24
111  52.58638590  013.91942864 24
111  52.58638989  013.91945274 24
111  52.58638900  013.91945334 24
111  52.58638138  013.91943164 24
111  52.58637976  013.91943274 24
115  52.58638398  013.91945887
120 24_road_edge_wide.lin
111  52.58639155  013.91942415 24
111  52.58640169  013.91943065 24
111  52.58640229  013.91943307 24
115  52.58639761  013.91944813
120 24_road_edge_wide.lin
111  52.58640520  013.91944422 24
115  52.58639875  013.91941912
120 24_road_edge_wide.lin
111  52.58640558  013.91941441 24
115  52.58641152  013.91943813
120 24_road_edge_wide.lin
111  52.58641585  013.91943520 24
115  52.58640754  013.91944081
120 20_road_edge.lin
111  52.58640905  013.91938679 20
111  52.58636736  013.91941497 20
111  52.58638447  013.91948360 20
113  52.58642617  013.91945543 20
120 30_red_line.lin
111  52.58599695  013.91783798 30
115  52.58602694  013.91795483
120 30_red_line.lin
111  52.58590955  013.91749901 30
115  52.58593954  013.91761586
120 30_red_line.lin
111  52.58582019  013.91715551 30
115  52.58585447  013.91728747
120 1_single_taxi.lin
111  52.58592292  013.92193787 1
115  52.58594503  013.92201804
120 1_single_taxi.lin
111  52.58617052  013.92179345 1
115  52.58619316  013.92187303
120 1_single_taxi.lin
111  52.58638718  013.92164939 1
115  52.58640982  013.92172898
120 20_road_edge.lin
111  52.58592527  013.92179810 20
115  52.58588340  013.92182828
120 20_road_edge.lin
111  52.58617832  013.92161653 20
115  52.58610534  013.92166622
120 32_red_line_wide.lin
111  52.58595629  013.92187209 32
115  52.58589344  013.92191666
120 32_red_line_wide.lin
111  52.58621444  013.92175493 32
115  52.58613671  013.92180966
120 32_red_line_wide.lin
111  52.58642082  013.92161751 32
115  52.58634687  013.92167208
120 20_road_edge.lin
111  52.58582187  013.92140700 20
115  52.58577953  013.92143588
120 20_road_edge.lin
111  52.58594673  013.92132138 20
115  52.58590438  013.92135026
120 20_road_edge.lin
111  52.58606858  013.92123225 20
115  52.58602624  013.92126112
120 20_road_edge.lin
111  52.58619588  013.92114964 20
115  52.58615354  013.92117852
120 20_road_edge.lin
111  52.58638587  013.92147705 20
115  52.58630924  013.92153139
120 20_road_edge.lin
111  52.58709417  013.92105480 20
115  52.58653451  013.92144767
120 24_road_edge_wide.lin
111  52.58658161  013.91869734 24
111  52.58643624  013.91812375 24
115  52.58641136  013.91814082
120 24_road_edge_wide.lin
111  52.58652642  013.91848211 24
115  52.58650155  013.91849919
120 24_road_edge_wide.lin
111  52.58650591  013.91840027 24
115  52.58648104  013.91841734
120 24_road_edge_wide.lin
111  52.58646911  013.91825553 24
115  52.58644423  013.91827261
120 24_road_edge_wide.lin
111  52.58639376  013.91796193 24
111  52.58641881  013.91805809 24
115  52.58639482  013.91807432
120 20_road_edge.lin
111  52.58583319  013.91796528 20
115  52.58585948  013.91806860
120 20_road_edge.lin
111  52.58574689  013.91762622 20
115  52.58577203  013.91772496
120 20_road_edge.lin
111  52.58565805  013.91727713 20
115  52.58568719  013.91739164
120 20_road_edge.lin
111  52.58557104  013.91693527 20
115  52.58560150  013.91705495
120 20_road_edge.lin
111  52.58548443  013.91659391 20
115  52.58551785  013.91672628
120 20_road_edge.lin
111  52.58557233  013.91494841 20
115  52.58559544  013.91503755
120 20_road_edge.lin
111  52.58548009  013.91459248 20
115  52.58550951  013.91470601
120 20_road_edge.lin
111  52.58539612  013.91426851 20
115  52.58542146  013.91436628
120 20_road_edge.lin
111  52.58530671  013.91392352 20
115  52.58533276  013.91402401
120 74_road_edge_wide_b.lin
111  52.58680407  013.91967905 74
115  52.58683669  013.91980654
120 32_red_line_wide.lin
111  52.58654408  013.91905960 32
115  52.58647320  013.91911053
120 24_road_edge_wide.lin
111  52.58645146  013.91895143 24
111  52.58645074  013.91894870 24
111  52.58641025  013.91889601 24
115  52.58631870  013.91896092
120 24_road_edge_wide.lin
111  52.58641093  013.91876461 24
115  52.58629035  013.91884944
21  52.57748364  013.91035750 2 48.9600 3.00 05  PAPI-4L
21  52.58248065  013.92132189 2 228.9700 3.00 23  PAPI-4L
20  52.58349905  013.92158308 160.8700 0 1 {@R}23
20  52.57912740  013.91328294 164.4700 0 1 {@Y,^l}750{@R}05{^r}
20  52.57947557  013.91440681 228.6700 0 1 {@Y}A{^r}
20  52.58315317  013.92138646 49.6700 0 1 {@Y,^l}B
20  52.58600770  013.92004544 83.3800 0 1 {@Y,^l}T|C{^u}
20  52.58513223  013.91578500 246.9800 0 1 {@Y}05{^r}
20  52.58510191  013.91580641 247.4000 0 1 {@Y,^l}23
14  52.58634452  013.91834900  95.14 0 Tower Viewpoint
1300  52.58535997  013.91394003 156.04 tie_down jets|turboprops|props Apron West 1
1301 B general_aviation 
1300  52.58544670  013.91428809 156.04 tie_down jets|turboprops|props Apron West 2
1301 B general_aviation 
1300  52.58553765  013.91462140 156.04 tie_down jets|turboprops|props Apron West 3
1301 B general_aviation 
1300  52.58562433  013.91496322 156.04 tie_down jets|turboprops|props Apron West 4
1301 B general_aviation 
1300  52.58553698  013.91663049 156.55 tie_down jets|turboprops|props Apron East 1
1301 B general_aviation 
1300  52.58562176  013.91697103 156.42 tie_down jets|turboprops|props Apron East 2
1301 B general_aviation 
1300  52.58570173  013.91731749 156.13 tie_down jets|turboprops|props Apron East 3
1301 A general_aviation 
1300  52.58578901  013.91765349 156.46 tie_down jets|turboprops|props Apron East 4
1301 A general_aviation 
1300  52.58587442  013.91799690 157.02 tie_down jets|turboprops|props Apron East 5
1301 A general_aviation 
1300  52.58615691  013.91906393 113.60 tie_down jets|turboprops|props Apron East B2
1301 B general_aviation 
1300  52.58601897  013.91854424 113.60 tie_down jets|turboprops|props Apron East B1
1301 B general_aviation 
1300  52.58592817  013.91826396 157.70 tie_down turboprops Apron East 6
1301 A general_aviation 
1300  52.58600114  013.91854709 157.24 tie_down props Apron East 7
1301 A general_aviation 
1300  52.58606520  013.91878567 156.27 tie_down props Apron East 8
1301 A general_aviation 
1300  52.58614032  013.91907487 155.69 tie_down props Apron East 9
1301 A general_aviation 
1300  52.58651458  013.91995495 -22.67 tie_down jets|turboprops|props Apron East 10
1301 A general_aviation 
1300  52.58660394  013.92029543 -22.58 tie_down jets|turboprops|props Apron East 11
1301 A general_aviation 
1300  52.58669052  013.92063420 -22.71 tie_down jets|turboprops|props Apron East 12
1301 A general_aviation 
1300  52.58479651  013.91540336 -23.88 tie_down helos Helipad 1
1301 B general_aviation 
1300  52.58456053  013.91450346 -23.33 tie_down helos Helipad 2
1301 B general_aviation 
19  52.57804040  013.90949559 1 WS
19  52.58350512  013.91988145 1 WS
1054 123050 Strausberg Tower
1056 132650 Departure
1000 Calm and East Flow
1001 EDDB 000 359 5
1001 EDDB 142 319 999
1002 EDDB 0
1003 EDDB 0.0
1004 0000 2359
1101 05 right
1110 23 132650 arrivals|departures heavy|jets|turboprops|props|helos|fighters 000359 230230 Arr,Dep Rwy 23
1000 West Flow
1001 EDDB 320 141 999
1002 EDDB 0
1003 EDDB 0.0
1004 0000 2359
1101 23 left
1110 05 132650 arrivals|departures heavy|jets|turboprops|props|helos|fighters 000359 230230 Arr,Dep Rwy 05
99
