I
1100 Generated by WorldEditor

1     16 1 0 EDCA Anklam
100 20.00 1 0 0.00 0 1 0 09 53.83333403 013.65982935 99 0 1 0 0 0 27 53.83220262 013.67794760 99 0 1 0 0 0
110  1 0.00 0.0000 Polygon from DSF lib/airport/pavement/concrete_6L.pol 
111  53.834779948  13.677076542 
111  53.834788534  13.677019816 
111  53.834779384  13.677016433 
111  53.834775831  13.677040357 
111  53.834758508  13.677033415 
111  53.834762031  13.677010428 
111  53.834753080  13.677006568 
111  53.834744859  13.677061008 
111  53.834753456  13.677064662 
111  53.834756539  13.677044488 
111  53.834774247  13.677052049 
113  53.834771351  13.677073160
110  1 0.00 0.0000 Polygon from DSF lib/airport/pavement/concrete_6L.pol 
111  53.832330710  13.662716656 
111  53.832352922  13.662721109 
111  53.832353848  13.662702241 
113  53.832332296  13.662697809
110  1 0.00 0.0000 Polygon from DSF lib/airport/pavement/concrete_6L.pol 
111  53.832273505  13.663621423 
111  53.832295717  13.663625876 
111  53.832296643  13.663607008 
113  53.832275091  13.663602575
110  1 0.00 0.0000 Polygon from DSF lib/airport/pavement/concrete_6L.pol 
111  53.832162066  13.665433334 
111  53.832184278  13.665437787 
111  53.832185204  13.665418919 
113  53.832163652  13.665414486
110  1 0.00 0.0000 Polygon from DSF lib/airport/pavement/concrete_6L.pol 
111  53.832049599  13.667244645 
111  53.832071811  13.667249098 
111  53.832072737  13.667230230 
113  53.832051185  13.667225798
110  1 0.00 0.0000 Polygon from DSF lib/airport/pavement/concrete_6L.pol 
111  53.831880742  13.669959866 
111  53.831902954  13.669964319 
111  53.831903880  13.669945451 
113  53.831882328  13.669941019
110  1 0.00 0.0000 Polygon from DSF lib/airport/pavement/concrete_6L.pol 
111  53.831770059  13.671767151 
111  53.831792272  13.671771603 
111  53.831793198  13.671752736 
113  53.831771645  13.671748303
110  1 0.00 0.0000 Polygon from DSF lib/airport/pavement/concrete_6L.pol 
111  53.831654423  13.673578473 
111  53.831676636  13.673582926 
111  53.831677562  13.673564058 
113  53.831656009  13.673559625
110  1 0.00 0.0000 Polygon from DSF lib/airport/pavement/concrete_6L.pol 
111  53.831542597  13.675396838 
111  53.831564810  13.675401290 
111  53.831565735  13.675382422 
113  53.831544183  13.675377990
110  1 0.00 0.0000 Polygon from DSF lib/airport/pavement/concrete_6L.pol 
111  53.832216492  13.664523347 
111  53.832238704  13.664527800 
111  53.832239630  13.664508932 
113  53.832218077  13.664504499
110  1 0.00 0.0000 Polygon from DSF lib/airport/pavement/concrete_6L.pol 
111  53.832105053  13.666335258 
111  53.832127265  13.666339711 
111  53.832128191  13.666320843 
113  53.832106639  13.666316410
110  1 0.00 0.0000 Polygon from DSF lib/airport/pavement/concrete_6L.pol 
111  53.831992586  13.668146569 
111  53.832014798  13.668151022 
111  53.832015724  13.668132154 
113  53.831994172  13.668127722
110  1 0.00 0.0000 Polygon from DSF lib/airport/pavement/concrete_6L.pol 
111  53.831823729  13.670861790 
111  53.831845941  13.670866243 
111  53.831846867  13.670847375 
113  53.831825315  13.670842943
110  1 0.00 0.0000 Polygon from DSF lib/airport/pavement/concrete_6L.pol 
111  53.831713046  13.672669075 
111  53.831735258  13.672673527 
111  53.831736184  13.672654659 
113  53.831714632  13.672650227
110  1 0.00 0.0000 Polygon from DSF lib/airport/pavement/concrete_6L.pol 
111  53.831597410  13.674480397 
111  53.831619622  13.674484850 
111  53.831620548  13.674465982 
113  53.831598996  13.674461549
110  1 0.00 0.0000 Polygon from DSF lib/airport/pavement/concrete_6L.pol 
111  53.831485584  13.676298761 
111  53.831507796  13.676303214 
111  53.831508722  13.676284346 
113  53.831487170  13.676279914
110  1 0.00 0.0000 Polygon from DSF lib/airport/pavement/concrete_6L.pol 
111  53.832711304  13.662790334 
111  53.832733516  13.662794786 
111  53.832734442  13.662775918 
113  53.832712890  13.662771486
110  1 0.00 0.0000 Polygon from DSF lib/airport/pavement/concrete_6L.pol 
111  53.832654099  13.663695101 
111  53.832676311  13.663699553 
111  53.832677237  13.663680685 
113  53.832655685  13.663676253
110  1 0.00 0.0000 Polygon from DSF lib/airport/pavement/concrete_6L.pol 
111  53.832542660  13.665507012 
111  53.832564873  13.665511464 
111  53.832565798  13.665492596 
113  53.832544246  13.665488164
110  1 0.00 0.0000 Polygon from DSF lib/airport/pavement/concrete_6L.pol 
111  53.832430193  13.667318323 
111  53.832452406  13.667322775 
111  53.832453331  13.667303907 
113  53.832431779  13.667299475
110  1 0.00 0.0000 Polygon from DSF lib/airport/pavement/concrete_6L.pol 
111  53.832261336  13.670033544 
111  53.832283548  13.670037996 
111  53.832284474  13.670019128 
113  53.832262922  13.670014696
110  1 0.00 0.0000 Polygon from DSF lib/airport/pavement/concrete_6L.pol 
111  53.832150654  13.671840828 
111  53.832172866  13.671845281 
111  53.832173792  13.671826413 
113  53.832152239  13.671821981
110  1 0.00 0.0000 Polygon from DSF lib/airport/pavement/concrete_6L.pol 
111  53.832035018  13.673652150 
111  53.832057230  13.673656603 
111  53.832058156  13.673637735 
113  53.832036603  13.673633303
110  1 0.00 0.0000 Polygon from DSF lib/airport/pavement/concrete_6L.pol 
111  53.831923192  13.675470515 
111  53.831945404  13.675474968 
111  53.831946330  13.675456100 
113  53.831924777  13.675451667
110  1 0.00 0.0000 Polygon from DSF lib/airport/pavement/concrete_6L.pol 
111  53.832597086  13.664597024 
111  53.832619298  13.664601477 
111  53.832620224  13.664582609 
113  53.832598672  13.664578177
110  1 0.00 0.0000 Polygon from DSF lib/airport/pavement/concrete_6L.pol 
111  53.832485647  13.666408935 
111  53.832507859  13.666413388 
111  53.832508785  13.666394520 
113  53.832487233  13.666390088
110  1 0.00 0.0000 Polygon from DSF lib/airport/pavement/concrete_6L.pol 
111  53.832373180  13.668220247 
111  53.832395392  13.668224699 
111  53.832396318  13.668205831 
113  53.832374766  13.668201399
110  1 0.00 0.0000 Polygon from DSF lib/airport/pavement/concrete_6L.pol 
111  53.832204323  13.670935468 
111  53.832226535  13.670939920 
111  53.832227461  13.670921052 
113  53.832205909  13.670916620
110  1 0.00 0.0000 Polygon from DSF lib/airport/pavement/concrete_6L.pol 
111  53.832093640  13.672742752 
111  53.832115853  13.672747205 
111  53.832116779  13.672728337 
113  53.832095226  13.672723904
110  1 0.00 0.0000 Polygon from DSF lib/airport/pavement/concrete_6L.pol 
111  53.831978004  13.674554074 
111  53.832000217  13.674558527 
111  53.832001142  13.674539659 
113  53.831979590  13.674535227
110  1 0.00 0.0000 Polygon from DSF lib/airport/pavement/concrete_6L.pol 
111  53.831866178  13.676372439 
111  53.831888390  13.676376891 
111  53.831889316  13.676358024 
113  53.831867764  13.676353591
110  1 0.00 0.0000 Polygon from DSF lib/airport/pavement/asphalt_1D.pol 
111  53.827972200  13.678397820 
111  53.827951435  13.678402667 
111  53.827927616  13.678366093 
111  53.827914218  13.678257635 
111  53.827871790  13.678242501 
111  53.827797355  13.678284119 
111  53.827828618  13.678411495 
111  53.827882211  13.678612016 
111  53.827917195  13.678608233 
111  53.827936548  13.678519953 
113  53.827976995  13.678487188
110  1 0.00 0.0000 Polygon from DSF lib/airport/pavement/asphalt_1D.pol 
111  53.835508430  13.678513162 
111  53.835444643  13.679092921 
111  53.835269378  13.679645922 
111  53.835229339  13.679746036 
111  53.835137033  13.679927037 
111  53.835108508  13.679951240 
111  53.835016640  13.679997027 
111  53.834980350  13.679993901 
111  53.834945143  13.679985576 
111  53.834943505  13.680003614 
111  53.834978713  13.680011939 
111  53.835006551  13.680020264 
111  53.835061410  13.680095188 
111  53.835081879  13.680161788 
111  53.835087611  13.680227000 
111  53.835101530  13.680233938 
111  53.835187502  13.679963376 
111  53.835242361  13.679780227 
111  53.835289850  13.679666452 
111  53.835293944  13.679667839 
111  53.835276749  13.679756639 
111  53.835268562  13.680063276 
111  53.835413707  13.680552070 
111  53.835435503  13.680533602 
111  53.835288380  13.680053444 
111  53.835296009  13.679761656 
111  53.835322164  13.679663778 
111  53.835460569  13.679255642 
111  53.835482365  13.679275957 
111  53.835448581  13.679395997 
111  53.835512879  13.679451400 
111  53.835557561  13.679307352 
111  53.835530316  13.679275957 
111  53.835576087  13.679130062 
111  53.835541214  13.679091280 
111  53.835612051  13.678854894 
111  53.836013769  13.678979008 
111  53.835994210  13.679172345 
111  53.835891223  13.679273126 
111  53.835952145  13.679457481 
111  53.835985507  13.679418152 
111  53.836044979  13.679442733 
111  53.835960848  13.680320265 
111  53.835988408  13.680332556 
111  53.835976804  13.680433337 
111  53.836166822  13.680472666 
111  53.836185679  13.680285852 
111  53.836201635  13.680288310 
111  53.836178427  13.680489872 
111  53.836258205  13.680509537 
111  53.836277062  13.680307975 
111  53.836472497  13.680366153 
111  53.836552276  13.680501348 
111  53.836589990  13.680604589 
111  53.836638291  13.680778037 
111  53.836702114  13.680537143 
111  53.836650912  13.680528388 
111  53.836611748  13.680489058 
111  53.836587089  13.680442354 
111  53.836572583  13.680346488 
111  53.836724888  13.679252630 
112  53.836823524  13.679215759  53.836885896  13.679250172 
111  53.836942520  13.679468083 
111  53.837042606  13.679010875 
112  53.836956972  13.679080563  53.836932313  13.679092854 
111  53.836875743  13.679090395 
111  53.836639307  13.679016654 
112  53.836613198  13.678965034  53.836604495  13.678928163 
111  53.836591440  13.678805257 
111  53.836614649  13.678220231 
111  53.836649461  13.677775315 
111  53.836645413  13.677684816 
111  53.836635506  13.677606975 
111  53.836603082  13.677422293 
111  53.837110967  13.677547869 
111  53.837125833  13.677393116 
111  53.836792142  13.677282214 
111  53.836764402  13.677314114 
111  53.836705949  13.677307398 
111  53.836700004  13.677340977 
111  53.836630654  13.677320830 
112  53.836604895  13.677268783  53.836589043  13.677223452 
111  53.836596969  13.677141184 
111  53.836553377  13.677119358 
111  53.836536535  13.677230167 
111  53.836510776  13.677267104 
111  53.836287862  13.677211699 
111  53.836449264  13.675455448 
111  53.836341302  13.675448992 
111  53.836139906  13.677514543 
111  53.835880456  13.677452763 
111  53.835790024  13.678560719 
113  53.835513427  13.678469573
111  53.835821462  13.678657512 
111  53.835815750  13.678707878 
111  53.835806701  13.678736865 
111  53.835650101  13.678702279 
111  53.835628470  13.678662269 
113  53.835632202  13.678608325
111  53.835939987  13.678685716 
111  53.835932062  13.678771393 
111  53.835852803  13.678753486 
111  53.835846264  13.678735579 
113  53.835854225  13.678663275
111  53.836193548  13.679006268 
111  53.836205257  13.679038320 
111  53.836205257  13.679064267 
111  53.836179137  13.679319156 
111  53.836005310  13.679271841 
111  53.836022422  13.679120739 
111  53.836062051  13.679131423 
113  53.836075561  13.678971164
111  53.836462157  13.679077600 
111  53.836340621  13.679966597 
111  53.836416409  13.679996412 
111  53.836403552  13.680220024 
111  53.836484754  13.680247545 
111  53.836511821  13.680034254 
111  53.836527384  13.680054895 
111  53.836500994  13.680256719 
111  53.836486784  13.680275067 
111  53.836474603  13.680286534 
111  53.836214758  13.680223463 
111  53.836200548  13.680211996 
111  53.836194458  13.680187915 
111  53.836262760  13.679496122 
111  53.836296108  13.679502071 
111  53.836332965  13.679154080 
111  53.836382109  13.679154080 
113  53.836392640  13.679058903
111  53.836504680  13.678736391 
111  53.836522694  13.678751654 
111  53.836530799  13.678847810 
111  53.836526296  13.678971440 
113  53.836481263  13.678954651
111  53.836484954  13.677876271 
111  53.836554305  13.677891534 
111  53.836534490  13.678247160 
113  53.836457034  13.678230371
111  53.835208612  13.679850024 
111  53.835101351  13.680171924 
111  53.835093164  13.680155274 
111  53.835087432  13.680115036 
111  53.835066963  13.680070636 
111  53.835037486  13.680027624 
111  53.835037486  13.680015136 
111  53.835117727  13.679977674 
111  53.835147203  13.679945762 
113  53.835202880  13.679843087
110  2 0.00 0.0000 Polygon from DSF lib/airport/Common_Elements/Misc_Buildings/Cargo_Terminal.fac 
111  53.835584071  13.679646466 
111  53.835564292  13.679778307 
111  53.835719893  13.679847579 
113  53.835740992  13.679713504
110  2 0.00 0.0000 Polygon from DSF lib/airport/Common_Elements/Misc_Buildings/White_Office.fac 
111  53.828284379  13.678278809 
111  53.828294533  13.678433639 
111  53.828509210  13.678384487 
113  53.828494705  13.678229657
110  2 0.00 0.0000 Polygon from DSF lib/airport/Common_Elements/Misc_Buildings/White_Office.fac 
111  53.835994787  13.679990298 
111  53.836112267  13.680024833 
111  53.836201141  13.679102695 
113  53.836081099  13.679065983
110  2 0.00 0.0000 Polygon from DSF lib/airport/Common_Elements/Misc_Buildings/Cargo_Terminal.fac 
111  53.836108689  13.676961121 
111  53.836306194  13.677015104 
111  53.836384771  13.676172972 
113  53.836189390  13.676126187
110  2 0.00 0.0000 Polygon from DSF lib/airport/Common_Elements/Misc_Buildings/White_Office.fac 
111  53.836118467  13.678593900 
111  53.836051770  13.678574067 
111  53.835782763  13.678502559 
111  53.835647667  13.678462086 
111  53.835632202  13.678602059 
113  53.836105366  13.678732652
110  1 0.00 0.0000 Polygon from DSF lib/airport/Common_Elements/Hangars/White_Hangar.fac 
111  53.835782763  13.678502559 
111  53.836051770  13.678574067 
111  53.836147937  13.677580705 
113  53.835876388  13.677503691
110  2 0.00 0.0000 Polygon from DSF lib/airport/Common_Elements/Misc_Buildings/Blue_Warehouse.fac 
111  53.836230739  13.678659795 
111  53.836466135  13.678726281 
111  53.836487931  13.678486196 
113  53.836254714  13.678423405
100 40.00 3 0 0.00 0 0 0 09R  53.83253161  013.66274418    0    0 0 0 0 0 27L  53.83168716  013.67632584    0    0 0 0 0 0
110  1 0.00 0.0000 Polygon from DSF lib/airport/pavement/concrete_6L.pol 
111  53.834779948  13.677076542 
111  53.834788534  13.677019816 
111  53.834779384  13.677016433 
111  53.834775831  13.677040357 
111  53.834758508  13.677033415 
111  53.834762031  13.677010428 
111  53.834753080  13.677006568 
111  53.834744859  13.677061008 
111  53.834753456  13.677064662 
111  53.834756539  13.677044488 
111  53.834774247  13.677052049 
113  53.834771351  13.677073160
110  1 0.00 0.0000 Polygon from DSF lib/airport/pavement/concrete_6L.pol 
111  53.832330710  13.662716656 
111  53.832352922  13.662721109 
111  53.832353848  13.662702241 
113  53.832332296  13.662697809
110  1 0.00 0.0000 Polygon from DSF lib/airport/pavement/concrete_6L.pol 
111  53.832273505  13.663621423 
111  53.832295717  13.663625876 
111  53.832296643  13.663607008 
113  53.832275091  13.663602575
110  1 0.00 0.0000 Polygon from DSF lib/airport/pavement/concrete_6L.pol 
111  53.832162066  13.665433334 
111  53.832184278  13.665437787 
111  53.832185204  13.665418919 
113  53.832163652  13.665414486
110  1 0.00 0.0000 Polygon from DSF lib/airport/pavement/concrete_6L.pol 
111  53.832049599  13.667244645 
111  53.832071811  13.667249098 
111  53.832072737  13.667230230 
113  53.832051185  13.667225798
110  1 0.00 0.0000 Polygon from DSF lib/airport/pavement/concrete_6L.pol 
111  53.831880742  13.669959866 
111  53.831902954  13.669964319 
111  53.831903880  13.669945451 
113  53.831882328  13.669941019
110  1 0.00 0.0000 Polygon from DSF lib/airport/pavement/concrete_6L.pol 
111  53.831770059  13.671767151 
111  53.831792272  13.671771603 
111  53.831793198  13.671752736 
113  53.831771645  13.671748303
110  1 0.00 0.0000 Polygon from DSF lib/airport/pavement/concrete_6L.pol 
111  53.831654423  13.673578473 
111  53.831676636  13.673582926 
111  53.831677562  13.673564058 
113  53.831656009  13.673559625
110  1 0.00 0.0000 Polygon from DSF lib/airport/pavement/concrete_6L.pol 
111  53.831542597  13.675396838 
111  53.831564810  13.675401290 
111  53.831565735  13.675382422 
113  53.831544183  13.675377990
110  1 0.00 0.0000 Polygon from DSF lib/airport/pavement/concrete_6L.pol 
111  53.832216492  13.664523347 
111  53.832238704  13.664527800 
111  53.832239630  13.664508932 
113  53.832218077  13.664504499
110  1 0.00 0.0000 Polygon from DSF lib/airport/pavement/concrete_6L.pol 
111  53.832105053  13.666335258 
111  53.832127265  13.666339711 
111  53.832128191  13.666320843 
113  53.832106639  13.666316410
110  1 0.00 0.0000 Polygon from DSF lib/airport/pavement/concrete_6L.pol 
111  53.831992586  13.668146569 
111  53.832014798  13.668151022 
111  53.832015724  13.668132154 
113  53.831994172  13.668127722
110  1 0.00 0.0000 Polygon from DSF lib/airport/pavement/concrete_6L.pol 
111  53.831823729  13.670861790 
111  53.831845941  13.670866243 
111  53.831846867  13.670847375 
113  53.831825315  13.670842943
110  1 0.00 0.0000 Polygon from DSF lib/airport/pavement/concrete_6L.pol 
111  53.831713046  13.672669075 
111  53.831735258  13.672673527 
111  53.831736184  13.672654659 
113  53.831714632  13.672650227
110  1 0.00 0.0000 Polygon from DSF lib/airport/pavement/concrete_6L.pol 
111  53.831597410  13.674480397 
111  53.831619622  13.674484850 
111  53.831620548  13.674465982 
113  53.831598996  13.674461549
110  1 0.00 0.0000 Polygon from DSF lib/airport/pavement/concrete_6L.pol 
111  53.831485584  13.676298761 
111  53.831507796  13.676303214 
111  53.831508722  13.676284346 
113  53.831487170  13.676279914
110  1 0.00 0.0000 Polygon from DSF lib/airport/pavement/concrete_6L.pol 
111  53.832711304  13.662790334 
111  53.832733516  13.662794786 
111  53.832734442  13.662775918 
113  53.832712890  13.662771486
110  1 0.00 0.0000 Polygon from DSF lib/airport/pavement/concrete_6L.pol 
111  53.832654099  13.663695101 
111  53.832676311  13.663699553 
111  53.832677237  13.663680685 
113  53.832655685  13.663676253
110  1 0.00 0.0000 Polygon from DSF lib/airport/pavement/concrete_6L.pol 
111  53.832542660  13.665507012 
111  53.832564873  13.665511464 
111  53.832565798  13.665492596 
113  53.832544246  13.665488164
110  1 0.00 0.0000 Polygon from DSF lib/airport/pavement/concrete_6L.pol 
111  53.832430193  13.667318323 
111  53.832452406  13.667322775 
111  53.832453331  13.667303907 
113  53.832431779  13.667299475
110  1 0.00 0.0000 Polygon from DSF lib/airport/pavement/concrete_6L.pol 
111  53.832261336  13.670033544 
111  53.832283548  13.670037996 
111  53.832284474  13.670019128 
113  53.832262922  13.670014696
110  1 0.00 0.0000 Polygon from DSF lib/airport/pavement/concrete_6L.pol 
111  53.832150654  13.671840828 
111  53.832172866  13.671845281 
111  53.832173792  13.671826413 
113  53.832152239  13.671821981
110  1 0.00 0.0000 Polygon from DSF lib/airport/pavement/concrete_6L.pol 
111  53.832035018  13.673652150 
111  53.832057230  13.673656603 
111  53.832058156  13.673637735 
113  53.832036603  13.673633303
110  1 0.00 0.0000 Polygon from DSF lib/airport/pavement/concrete_6L.pol 
111  53.831923192  13.675470515 
111  53.831945404  13.675474968 
111  53.831946330  13.675456100 
113  53.831924777  13.675451667
110  1 0.00 0.0000 Polygon from DSF lib/airport/pavement/concrete_6L.pol 
111  53.832597086  13.664597024 
111  53.832619298  13.664601477 
111  53.832620224  13.664582609 
113  53.832598672  13.664578177
110  1 0.00 0.0000 Polygon from DSF lib/airport/pavement/concrete_6L.pol 
111  53.832485647  13.666408935 
111  53.832507859  13.666413388 
111  53.832508785  13.666394520 
113  53.832487233  13.666390088
110  1 0.00 0.0000 Polygon from DSF lib/airport/pavement/concrete_6L.pol 
111  53.832373180  13.668220247 
111  53.832395392  13.668224699 
111  53.832396318  13.668205831 
113  53.832374766  13.668201399
110  1 0.00 0.0000 Polygon from DSF lib/airport/pavement/concrete_6L.pol 
111  53.832204323  13.670935468 
111  53.832226535  13.670939920 
111  53.832227461  13.670921052 
113  53.832205909  13.670916620
110  1 0.00 0.0000 Polygon from DSF lib/airport/pavement/concrete_6L.pol 
111  53.832093640  13.672742752 
111  53.832115853  13.672747205 
111  53.832116779  13.672728337 
113  53.832095226  13.672723904
110  1 0.00 0.0000 Polygon from DSF lib/airport/pavement/concrete_6L.pol 
111  53.831978004  13.674554074 
111  53.832000217  13.674558527 
111  53.832001142  13.674539659 
113  53.831979590  13.674535227
110  1 0.00 0.0000 Polygon from DSF lib/airport/pavement/concrete_6L.pol 
111  53.831866178  13.676372439 
111  53.831888390  13.676376891 
111  53.831889316  13.676358024 
113  53.831867764  13.676353591
110  1 0.00 0.0000 Polygon from DSF lib/airport/pavement/asphalt_1D.pol 
111  53.827972200  13.678397820 
111  53.827951435  13.678402667 
111  53.827927616  13.678366093 
111  53.827914218  13.678257635 
111  53.827871790  13.678242501 
111  53.827797355  13.678284119 
111  53.827828618  13.678411495 
111  53.827882211  13.678612016 
111  53.827917195  13.678608233 
111  53.827936548  13.678519953 
113  53.827976995  13.678487188
110  1 0.00 0.0000 Polygon from DSF lib/airport/pavement/asphalt_1D.pol 
111  53.835508430  13.678513162 
111  53.835444643  13.679092921 
111  53.835269378  13.679645922 
111  53.835229339  13.679746036 
111  53.835137033  13.679927037 
111  53.835108508  13.679951240 
111  53.835016640  13.679997027 
111  53.834980350  13.679993901 
111  53.834945143  13.679985576 
111  53.834943505  13.680003614 
111  53.834978713  13.680011939 
111  53.835006551  13.680020264 
111  53.835061410  13.680095188 
111  53.835081879  13.680161788 
111  53.835087611  13.680227000 
111  53.835101530  13.680233938 
111  53.835187502  13.679963376 
111  53.835242361  13.679780227 
111  53.835289850  13.679666452 
111  53.835293944  13.679667839 
111  53.835276749  13.679756639 
111  53.835268562  13.680063276 
111  53.835413707  13.680552070 
111  53.835435503  13.680533602 
111  53.835288380  13.680053444 
111  53.835296009  13.679761656 
111  53.835322164  13.679663778 
111  53.835460569  13.679255642 
111  53.835482365  13.679275957 
111  53.835448581  13.679395997 
111  53.835512879  13.679451400 
111  53.835557561  13.679307352 
111  53.835530316  13.679275957 
111  53.835576087  13.679130062 
111  53.835541214  13.679091280 
111  53.835612051  13.678854894 
111  53.836013769  13.678979008 
111  53.835994210  13.679172345 
111  53.835891223  13.679273126 
111  53.835952145  13.679457481 
111  53.835985507  13.679418152 
111  53.836044979  13.679442733 
111  53.835960848  13.680320265 
111  53.835988408  13.680332556 
111  53.835976804  13.680433337 
111  53.836166822  13.680472666 
111  53.836185679  13.680285852 
111  53.836201635  13.680288310 
111  53.836178427  13.680489872 
111  53.836258205  13.680509537 
111  53.836277062  13.680307975 
111  53.836472497  13.680366153 
111  53.836552276  13.680501348 
111  53.836589990  13.680604589 
111  53.836638291  13.680778037 
111  53.836702114  13.680537143 
111  53.836650912  13.680528388 
111  53.836611748  13.680489058 
111  53.836587089  13.680442354 
111  53.836572583  13.680346488 
111  53.836724888  13.679252630 
112  53.836823524  13.679215759  53.836885896  13.679250172 
111  53.836942520  13.679468083 
111  53.837042606  13.679010875 
112  53.836956972  13.679080563  53.836932313  13.679092854 
111  53.836875743  13.679090395 
111  53.836639307  13.679016654 
112  53.836613198  13.678965034  53.836604495  13.678928163 
111  53.836591440  13.678805257 
111  53.836614649  13.678220231 
111  53.836649461  13.677775315 
111  53.836645413  13.677684816 
111  53.836635506  13.677606975 
111  53.836603082  13.677422293 
111  53.837110967  13.677547869 
111  53.837125833  13.677393116 
111  53.836792142  13.677282214 
111  53.836764402  13.677314114 
111  53.836705949  13.677307398 
111  53.836700004  13.677340977 
111  53.836630654  13.677320830 
112  53.836604895  13.677268783  53.836589043  13.677223452 
111  53.836596969  13.677141184 
111  53.836553377  13.677119358 
111  53.836536535  13.677230167 
111  53.836510776  13.677267104 
111  53.836287862  13.677211699 
111  53.836449264  13.675455448 
111  53.836341302  13.675448992 
111  53.836139906  13.677514543 
111  53.835880456  13.677452763 
111  53.835790024  13.678560719 
113  53.835513427  13.678469573
111  53.835821462  13.678657512 
111  53.835815750  13.678707878 
111  53.835806701  13.678736865 
111  53.835650101  13.678702279 
111  53.835628470  13.678662269 
113  53.835632202  13.678608325
111  53.835939987  13.678685716 
111  53.835932062  13.678771393 
111  53.835852803  13.678753486 
111  53.835846264  13.678735579 
113  53.835854225  13.678663275
111  53.836193548  13.679006268 
111  53.836205257  13.679038320 
111  53.836205257  13.679064267 
111  53.836179137  13.679319156 
111  53.836005310  13.679271841 
111  53.836022422  13.679120739 
111  53.836062051  13.679131423 
113  53.836075561  13.678971164
111  53.836462157  13.679077600 
111  53.836340621  13.679966597 
111  53.836416409  13.679996412 
111  53.836403552  13.680220024 
111  53.836484754  13.680247545 
111  53.836511821  13.680034254 
111  53.836527384  13.680054895 
111  53.836500994  13.680256719 
111  53.836486784  13.680275067 
111  53.836474603  13.680286534 
111  53.836214758  13.680223463 
111  53.836200548  13.680211996 
111  53.836194458  13.680187915 
111  53.836262760  13.679496122 
111  53.836296108  13.679502071 
111  53.836332965  13.679154080 
111  53.836382109  13.679154080 
113  53.836392640  13.679058903
111  53.836504680  13.678736391 
111  53.836522694  13.678751654 
111  53.836530799  13.678847810 
111  53.836526296  13.678971440 
113  53.836481263  13.678954651
111  53.836484954  13.677876271 
111  53.836554305  13.677891534 
111  53.836534490  13.678247160 
113  53.836457034  13.678230371
111  53.835208612  13.679850024 
111  53.835101351  13.680171924 
111  53.835093164  13.680155274 
111  53.835087432  13.680115036 
111  53.835066963  13.680070636 
111  53.835037486  13.680027624 
111  53.835037486  13.680015136 
111  53.835117727  13.679977674 
111  53.835147203  13.679945762 
113  53.835202880  13.679843087
110  2 0.00 0.0000 Polygon from DSF lib/airport/Common_Elements/Misc_Buildings/Cargo_Terminal.fac 
111  53.835584071  13.679646466 
111  53.835564292  13.679778307 
111  53.835719893  13.679847579 
113  53.835740992  13.679713504
110  2 0.00 0.0000 Polygon from DSF lib/airport/Common_Elements/Misc_Buildings/White_Office.fac 
111  53.828284379  13.678278809 
111  53.828294533  13.678433639 
111  53.828509210  13.678384487 
113  53.828494705  13.678229657
110  2 0.00 0.0000 Polygon from DSF lib/airport/Common_Elements/Misc_Buildings/White_Office.fac 
111  53.835994787  13.679990298 
111  53.836112267  13.680024833 
111  53.836201141  13.679102695 
113  53.836081099  13.679065983
110  2 0.00 0.0000 Polygon from DSF lib/airport/Common_Elements/Misc_Buildings/Cargo_Terminal.fac 
111  53.836108689  13.676961121 
111  53.836306194  13.677015104 
111  53.836384771  13.676172972 
113  53.836189390  13.676126187
110  2 0.00 0.0000 Polygon from DSF lib/airport/Common_Elements/Misc_Buildings/White_Office.fac 
111  53.836118467  13.678593900 
111  53.836051770  13.678574067 
111  53.835782763  13.678502559 
111  53.835647667  13.678462086 
111  53.835632202  13.678602059 
113  53.836105366  13.678732652
110  1 0.00 0.0000 Polygon from DSF lib/airport/Common_Elements/Hangars/White_Hangar.fac 
111  53.835782763  13.678502559 
111  53.836051770  13.678574067 
111  53.836147937  13.677580705 
113  53.835876388  13.677503691
110  2 0.00 0.0000 Polygon from DSF lib/airport/Common_Elements/Misc_Buildings/Blue_Warehouse.fac 
111  53.836230739  13.678659795 
111  53.836466135  13.678726281 
111  53.836487931  13.678486196 
113  53.836254714  13.678423405
102 H1  53.83476570  013.67704484 281.73 11.20 10.70 15 0 0 0.00 0
110 1 0.00 0.0000 New Taxiway 38
111  53.83481990  013.67698355
111  53.83473323  013.67695340
111  53.83471257  013.67710562
113  53.83480067  013.67713771
110 2 0.00 0.0000 New Taxiway 20
111  53.83557682  013.67773532
111  53.83549472  013.67773403
111  53.83548611  013.67769963
111  53.83542767  013.67772464
111  53.83537907  013.67741399
111  53.83531335  013.67744175
111  53.83536162  013.67775696
111  53.83527941  013.67779866
111  53.83528495  013.67783097
111  53.83512108  013.67797342
111  53.83525528  013.67801463
113  53.83556511  013.67786963
110 1 0.00 0.0000 New Taxiway 14
111  53.83486583  013.67888323
111  53.83433697  013.67873618
111  53.83431627  013.67888761
112  53.83423344  013.67886730  53.83419312  013.67887284
112  53.83403292  013.67896887  53.83397734  013.67904828
112  53.83394901  013.67919047  53.83394574  013.67928650
112  53.83399587  013.67941762  53.83401766  013.67946378
111  53.83404709  013.67949333
112  53.83414081  013.67948964  53.83418004  013.67948410
112  53.83429120  013.67947856  53.83432717  013.67949518
112  53.83433697  013.67959490  53.83433262  013.67962999
111  53.83430101  013.67968908
111  53.83423126  013.67979989
112  53.83422472  013.67999933  53.83426396  013.68008982
112  53.83443506  013.68000672  53.83449173  013.67995870
112  53.83466827  013.67978880  53.83469661  013.67973155
112  53.83475219  013.67954134  53.83476200  013.67946009
111  53.83475873  013.67940653
113  53.83480995  013.67941207
111  53.83436422  013.67953395
112  53.83430210  013.67943977  53.83427268  013.67942499
111  53.83414408  013.67944346
112  53.83407760  013.67944346  53.83406126  013.67944162
112  53.83401548  013.67938991  53.83399260  013.67934743
112  53.83397298  013.67919416  53.83397734  013.67908705
112  53.83404600  013.67900210  53.83407978  013.67895224
112  53.83423235  013.67890792  53.83426723  013.67890607
111  53.83431409  013.67893192
111  53.83427922  013.67925694
113  53.83445031  013.67930681
110 1 0.00 0.0000 New Taxiway 13
111  53.82809233  013.67036779
111  53.82817804  013.67039683
111  53.82825584  013.66974445
113  53.82817276  013.66971764
110 1 0.00 0.0000 New Taxiway 12
111  53.82823143  013.67750933
111  53.82824332  013.67768390
111  53.82835429  013.67766040
113  53.82834240  013.67748079
110 1 0.00 0.0000 New Taxiway 11
111  53.82841575  013.67809519
111  53.82818079  013.67813987
111  53.82817599  013.67807488
111  53.82820956  013.67802207
111  53.82821076  013.67796114
111  53.82809275  013.67789005
111  53.82811147  013.67814296
111  53.82813403  013.67813987
111  53.82814482  013.67821705
111  53.82813164  013.67826986
111  53.82797220  013.67839782
111  53.82797700  013.67848719
111  53.82798419  013.67859280
111  53.82805730  013.67858112
111  53.82807470  013.67879644
111  53.82800816  013.67881066
111  53.82801296  013.67891778
111  53.82821435  013.67888528
111  53.82820986  013.67877150
111  53.82810167  013.67879185
111  53.82807050  013.67841407
111  53.82819397  013.67832267
111  53.82818918  013.67826174
112  53.82819302  013.67822699  53.82820041  013.67820719
111  53.82822747  013.67819677
113  53.82842064  013.67815716
110 3 0.00 0.0000 New Taxiway 10
111  53.82868971  013.67893721
111  53.82861113  013.67798729
112  53.82864980  013.67793715  53.82868276  013.67791704
111  53.82871573  013.67790810
112  53.82976084  013.67765254  53.82986106  013.67764383
112  53.83069773  013.67771364  53.83106369  013.67770205
112  53.83168885  013.67762486  53.83188275  013.67758132
111  53.83215373  013.67751798
111  53.83217242  013.67737548
112  53.83154168  013.67756548  53.83133143  013.67759319
112  53.83030919  013.67755704  53.83019047  013.67755704
112  53.83010284  013.67747083  53.83006044  013.67739420
111  53.83007175  013.67697273
111  53.83113374  013.66009121
112  53.83115944  013.65990122  53.83118514  013.65988538
112  53.83148182  013.65962018  53.83149350  013.65947768
112  53.83076698  013.65894728  53.83028575  013.65974684
111  53.83010918  013.66150761
111  53.82864215  013.67536563
112  53.82858571  013.67657675  53.82861205  013.67704207
112  53.82870016  013.67766887  53.82865556  013.67775882
111  53.82858760  013.67771564
111  53.82854088  013.67725148
111  53.82775298  013.67742779
111  53.82783368  013.67811143
111  53.82796323  013.67809344
113  53.82804393  013.67899298
110 3 0.00 0.0000 New Taxiway 9
111  53.82756744  013.67066984
111  53.82822481  013.67097261
111  53.82843703  013.66924245
112  53.82801899  013.66902078  53.82797750  013.66898293
113  53.82780677  013.66879099
110 3 0.00 0.0000 New Taxiway 8
111  53.83240166  013.66211589
111  53.83172326  013.66191559
111  53.83151511  013.66520297
112  53.83155880  013.66538584  53.83161276  013.66546857
111  53.83170527  013.66549905
113  53.83219094  013.66562533
110 1 0.00 0.0000 New Taxiway 7
111  53.83338039  013.66044476
112  53.83341704  013.66033396  53.83343686  013.66029703
112  53.83346955  013.66023324  53.83348342  013.66018119
112  53.83347054  013.65988740  53.83343884  013.65984543
113  53.83341308  013.65984711
110 2 0.00 0.0000 New Taxiway 3
111  53.83588046  013.67745276
111  53.83613991  013.67751454
111  53.83634130  013.67544899
111  53.83617736  013.67554479
111  53.83611382  013.67552448
111  53.83590763  013.67548791
112  53.83589365  013.67528349  53.83590642  013.67515911
111  53.83594152  013.67506178
111  53.83617448  013.67448315
111  53.83544849  013.67363144
111  53.83511169  013.67441114
112  53.83493078  013.67428660  53.83488555  013.67408063
111  53.83490534  013.67398004
111  53.83504102  013.67355374
111  53.83528976  013.67285440
112  53.83542262  013.67274423  53.83546219  013.67276339
111  53.83567419  013.67299810
111  53.83599926  013.67338609
111  53.83644587  013.67225086
111  53.83577030  013.67158026
111  53.83530390  013.67268196
111  53.83500699  013.67350274
111  53.83490344  013.67382098
112  53.83486833  013.67425819  53.83490870  013.67446638
111  53.83505087  013.67462104
111  53.83557916  013.67519506
111  53.83575159  013.67545833
112  53.83578537  013.67555436  53.83578755  013.67558576
111  53.83577883  013.67569287
111  53.83574069  013.67610101
111  53.83572325  013.67606592
111  53.83572216  013.67599944
111  53.83562844  013.67586832
111  53.83562408  013.67578521
111  53.83547478  013.67575936
111  53.83544754  013.67622844
111  53.83558485  013.67627091
111  53.83567748  013.67614533
111  53.83570691  013.67615272
111  53.83573306  013.67618966
111  53.83566441  013.67691544
111  53.83549113  013.67684342
111  53.83547805  013.67676031
111  53.83527644  013.67668275
111  53.83522739  013.67702255
111  53.83543337  013.67709273
111  53.83544645  013.67699670
111  53.83548895  013.67696530
111  53.83560991  013.67702255
111  53.83563498  013.67713151
113  53.83561017  013.67737543
111  53.83578093  013.67686285
111  53.83579534  013.67684148
111  53.83580255  013.67672548
111  53.83581245  013.67672701
111  53.83583227  013.67656370
111  53.83581065  013.67655301
111  53.83581335  013.67653012
112  53.83587910  013.67649807  53.83593314  013.67650570
111  53.83594395  013.67659422
111  53.83592053  013.67685216
111  53.83598898  013.67687964
111  53.83600610  013.67695747
111  53.83600519  013.67698800
111  53.83582506  013.67694679
111  53.83580615  013.67707195
111  53.83578003  013.67706126
113  53.83576562  013.67700479
112  53.83583060  013.67614560  53.83581317  013.67612898
111  53.83580663  013.67608096
111  53.83583060  013.67580948
112  53.83586221  013.67568206  53.83589490  013.67560264
111  53.83592324  013.67569868
113  53.83587420  013.67615668
112  53.83580696  013.67539596  53.83577927  013.67540937
112  53.83571993  013.67528870  53.83568037  013.67521273
112  53.83572125  013.67502502  53.83574103  013.67495128
114  53.83582410  013.67519932  53.83583202  013.67534904
110 1 0.00 0.0000 New Taxiway 2
111  53.83588046  013.67745276
111  53.83561017  013.67737543
111  53.83557682  013.67773532
111  53.83556511  013.67786963
111  53.83525528  013.67801463
111  53.83512108  013.67797342 102
111  53.83267618  013.67727096 102
112  53.83245199  013.67710604  53.83236061  013.67696348 102
111  53.83236206  013.67675456
111  53.83228048  013.67795917
111  53.83233812  013.67797138 102
111  53.83234803  013.67776993 102
112  53.83245521  013.67746317  53.83254257  013.67735329 102
111  53.83266326  013.67737466 102
111  53.83499111  013.67805024 102
111  53.83496282  013.67834414 102
111  53.83550843  013.67851316
111  53.83551343  013.67846957
113  53.83579002  013.67856072
110 3 0.00 0.0000 New Taxiway 21
111  53.83550693  013.67861443
111  53.83569002  013.67680555
111  53.83527378  013.67664360
111  53.83307876  013.67610452
113  53.83291802  013.67785816
130 Airport Boundary 1
111  53.82794243  013.67924285
111  53.82979107  013.67898427
111  53.83052600  013.67891724
111  53.83108002  013.67905136
111  53.83274493  013.67968361
111  53.83407063  013.68013865
111  53.83532849  013.68102957
111  53.83553469  013.68057793
111  53.83611056  013.68098523
111  53.83640100  013.68101069
111  53.83655624  013.68089189
111  53.83671147  013.68030639
111  53.83697995  013.67895822
111  53.83665882  013.67880421
111  53.83670729  013.67751047
111  53.83649329  013.67551656
111  53.83485834  013.67442329
111  53.83479236  013.67509416
111  53.83319406  013.67463451
111  53.83413984  013.65911817
111  53.83383191  013.65889455
111  53.83378793  013.65838521
111  53.83320140  013.65816159
111  53.83309142  013.65883244
111  53.83053268  013.65814929
111  53.82925698  013.65951581
111  53.82852382  013.66119273
111  53.82738009  013.67141568
111  53.82709415  013.67155232
113  53.82706483  013.67257087
120 Linear Feature 48
111  53.83275171  013.67729455 2
115  53.83274052  013.67739594
120 Linear Feature 39
111  53.83528920  013.67743793 22
115  53.83424858  013.67714349
120 Linear Feature 19
111  53.83528973  013.67788877 1
111  53.83513678  013.67802373 1
115  53.83512619  013.67803074
120 Linear Feature 18
111  53.83562171  013.67783705 1
111  53.83556886  013.67778533 1
115  53.83550038  013.67779416
120 Linear Feature 17
111  53.83553056  013.67815213 1
111  53.83512619  013.67803074 1
115  53.83234511  013.67721742
120 Linear Feature 16
111  53.83556511  013.67786963 20
115  53.83551343  013.67846957
21  53.83217268  013.67418204 2 274.7900 3.0 New Light Fixture 3
21  53.83335432  013.66360485 2 94.8600 3.0 New Light Fixture 2
20  53.83264821  013.66891014 275.9400 0 3 {@Y}1/2{@@}{@Y}1/2
20  53.83289057  013.66896563 275.9700 0 3 {@Y}1/2{@@}{@Y}1/2
20  53.83195134  013.66904949 276.3700 0 3 {@Y}1/2{@@}{@Y}1/2
20  53.83233015  013.66912261 275.5500 0 3 {@Y}1/2{@@}{@Y}1/2
14  53.83561998  013.67855788  22.97 0 New Tower Viewpoint 1
1300  53.83570977  013.67797936  99.38 tie_down props|helos North Hangar parking
1300  53.83532111  013.67833238 278.41 tie_down props|helos North Apron parking
1300  53.83477387  013.67752624  99.38 tie_down props|helos North gras parking 1
1300  53.83494799  013.67757366  99.38 tie_down props|helos North gras parking 2
1300  53.82818129  013.67780965 352.96 tie_down props|helos South aeroclub parking 1
1300  53.82830168  013.67764990  82.41 tie_down props|helos South aeroclub parking 2
19  53.83376978  013.67630649 1 New Windsock 4
54 12265 Anklam Info
1200 
1201  53.83214426  013.67744774 both 0 _stop
1201  53.83472572  013.67790956 both 1 _stop
1201  53.83491415  013.67796603 both 2 _stop
1201  53.83534314  013.67809559 both 3 _stop
1201  53.83565957  013.67819636 both 4 _stop
1201  53.83570205  013.67807760 both 5 _start
1201  53.83192800  013.67751611 both 6 _stop
1201  53.83154439  013.67760548 both 7 _stop
1201  53.83140494  013.67761616 both 8 _stop
1201  53.83061534  013.67763596 both 9 _stop
1201  53.83013177  013.67762408 both 10 _stop
1201  53.82976144  013.67747753 both 11 _stop
1201  53.82876580  013.67777092 both 12 _stop
1201  53.82858709  013.67787365 both 13 _stop
1201  53.82833180  013.67783040 both 14 _stop
1201  53.82830787  013.67773308 both 15 _stop
1201  53.82827596  013.67776552 both 16 _stop
1201  53.82822809  013.67781147 both 17 _start
1201  53.83251997  013.66291532 both 18 _stop
1201  53.83259940  013.66283219 both 19 _stop
1201  53.83265780  013.66291532 both 20 _stop
1201  53.83262042  013.66310928 both 21 _stop
1201  53.83180036  013.67634417 both 22 _stop
1201  53.83190570  013.67726215 both 23 _start
1201  53.83143918  013.67738327 both 24 _stop
1201  53.83167244  013.67658004 both 25 _stop
1201  53.83169655  013.67619343 both 26 _stop
1201  53.83251036  013.66307939 both 27 _start
1201  53.83331575  013.66016790 both 28 _stop
1201  53.83335050  013.66000760 both 29 _stop
1201  53.83343931  013.66005013 both 30 _stop
1201  53.83342773  013.66022679 both 31 _stop
1201  53.83334857  013.66040018 both 32 _stop
1201  53.83231026  013.67707470 both 33 _stop
1201  53.83275495  013.67733738 both 34 _stop
1201  53.83264810  013.67730543 both 35 _stop
1201  53.83238555  013.67731141 both 36 _stop
1201  53.83224982  013.67721404 both 37 _stop
1201  53.83229446  013.67647284 both 38 _stop
1201  53.83324702  013.66124342 both 39 _start
1202 0 6 twoway taxiway 
1204 departure 09,27
1204 arrival 09,27
1202 36 0 twoway taxiway 
1204 departure 09,27
1204 arrival 09,27
1202 1 34 twoway taxiway 
1202 2 1 twoway taxiway 
1202 3 2 twoway taxiway 
1202 4 3 twoway taxiway 
1202 5 4 twoway taxiway 
1202 24 8 twoway taxiway 
1202 6 23 twoway taxiway 
1202 7 6 twoway taxiway 
1202 8 7 twoway taxiway 
1202 9 8 twoway taxiway 
1202 10 9 twoway taxiway 
1202 11 10 twoway taxiway 
1202 12 11 twoway taxiway 
1202 13 12 twoway taxiway 
1202 14 13 twoway taxiway 
1202 15 14 twoway taxiway 
1202 16 15 twoway taxiway 
1202 17 16 twoway taxiway 
1202 18 27 twoway taxiway 
1204 departure 09R,27L
1204 arrival 09R,27L
1202 19 18 twoway taxiway 
1204 departure 09R,27L
1204 arrival 09R,27L
1202 20 19 twoway taxiway 
1204 departure 09R,27L
1204 arrival 09R,27L
1202 21 20 twoway taxiway 
1204 departure 09R,27L
1204 arrival 09R,27L
1202 22 21 twoway taxiway 
1204 departure 09R,27L
1204 arrival 09R,27L
1202 23 22 twoway taxiway 
1204 departure 09R,27L
1204 arrival 09R,27L
1202 25 24 twoway taxiway 
1204 departure 09R,27L
1204 arrival 09R,27L
1202 26 25 twoway taxiway 
1204 departure 09R,27L
1204 arrival 09R,27L
1202 27 26 twoway runway 09R/27L
1204 departure 09R,27L
1204 arrival 09R,27L
1202 28 39 twoway taxiway 
1204 departure 09,27
1204 arrival 09,27
1202 29 28 twoway taxiway 
1204 departure 09,27
1204 arrival 09,27
1202 30 29 twoway taxiway 
1204 departure 09,27
1204 arrival 09,27
1202 31 30 twoway taxiway 
1204 departure 09,27
1204 arrival 09,27
1202 32 31 twoway taxiway 
1204 departure 09,27
1204 arrival 09,27
1202 33 32 twoway taxiway 
1204 departure 09,27
1204 arrival 09,27
1202 36 33 twoway taxiway 
1204 departure 09,27
1204 arrival 09,27
1202 39 38 twoway runway 09/27
1204 departure 09,27
1204 arrival 09,27
1202 35 34 twoway taxiway 
1204 departure 09,27
1204 arrival 09,27
1202 36 35 twoway taxiway 
1204 departure 09,27
1204 arrival 09,27
1202 37 36 twoway taxiway 
1204 departure 09,27
1204 arrival 09,27
1202 38 37 twoway taxiway 
1204 departure 09,27
1204 arrival 09,27
99
