I
1130 Generated by WorldEditor 2.2.0r2

1   1057 1 0 EDDR Saarbruecken
1302 city Saarbrücken
1302 country Germany
1302 datum_lat 49.214552778
1302 datum_lon 7.109508333
1302 faa_code 
1302 iata_code SCN
1302 icao_code EDDR
1302 region_code ED
1302 state Saarland
1302 transition_alt 5000
1302 transition_level 060
100 45.11 1 0 0.00 1 3 0 09  49.21416566  007.09639235   55  100 3 11 0 0 27  49.21498502  007.12370325  104    0 3 1 0 0
100 49.99 3 0 0.00 0 0 0 09L  49.21602798  007.11155046    0    0 0 0 0 0 27R  49.21627528  007.11902394    0    0 0 0 0 0
110 1 0.00 0.0000 New Taxiway 4
111  49.21853948  007.11695891
111  49.21891352  007.11717126
111  49.21880312  007.11762609
111  49.21889345  007.11770599
111  49.21910622  007.11689468
111  49.21900586  007.11683629
111  49.21893560  007.11708214
113  49.21857024  007.11686063
110 2 0.00 0.0000 New Taxiway 4
111  49.21884917  007.11780603
111  49.21899621  007.11789309
111  49.21925823  007.11686455
113  49.21911455  007.11678827
110 2 0.00 0.0000 New Taxiway 3
111  49.21968047  007.11506442
111  49.21950811  007.11406845
111  49.21944921  007.11410559
112  49.21940557  007.11443983  49.21938376  007.11446008
111  49.21940557  007.11443983
113  49.21951902  007.11513532
110 1 0.00 87.4000 New Taxiway 2
111  49.21439046  007.09857135 102
112  49.21468326  007.09825025  49.21489201  007.09821705 102
111  49.21505746  007.09863777 102
112  49.21547397  007.09992226  49.21565169  007.10051565 102
112  49.21572841  007.10180030  49.21574244  007.10244435 102
112  49.21597881  007.11028195  49.21597881  007.11056303 102
112  49.21570233  007.11066403  49.21553613  007.11058628 102
112  49.21503729  007.11033538  49.21482169  007.11022409 102
111  49.21473909  007.10988191
111  49.21477915  007.11101365 102
112  49.21504940  007.11067810  49.21521869  007.11076707 102
112  49.21745426  007.11185239  49.21753412  007.11189687 102
112  49.21765071  007.11221124  49.21768584  007.11233975 102
112  49.21836119  007.11638194  49.21838579  007.11651243 102
112  49.21835460  007.11681710  49.21831595  007.11696934 102
111  49.21807597  007.11783604 102
112  49.21799566  007.11807222  49.21796949  007.11813016 102
111  49.21792422  007.11821806 102
111  49.21558296  007.12211062 102
112  49.21532609  007.12222872  49.21518512  007.12216439 102
111  49.21509136  007.12188370
111  49.21514995  007.12368326 102
112  49.21530784  007.12329565  49.21541066  007.12308930 102
111  49.21810013  007.11846049 102
112  49.21819239  007.11826943  49.21822402  007.11820026 102
111  49.21825684  007.11806848 102
111  49.21853948  007.11695891 102
111  49.21857024  007.11686063 102
111  49.21861233  007.11669406 102
112  49.21874255  007.11655514  49.21883970  007.11650663
111  49.21903424  007.11668727
111  49.21911455  007.11678827
111  49.21963808  007.11706062
111  49.21996131  007.11760199
111  49.22033578  007.11745517
111  49.21991468  007.11495640
111  49.21950811  007.11406845
111  49.21861985  007.11095040
111  49.21809213  007.11034980
111  49.21768053  007.10935769
111  49.21736160  007.10870133
111  49.21734119  007.10800347
111  49.21744411  007.10799221
111  49.21743371  007.10765795
111  49.21760175  007.10764077
111  49.21756433  007.10640704
112  49.21722854  007.10632734  49.21723358  007.10617478
111  49.21722854  007.10632734
111  49.21734455  007.10554670
111  49.21719447  007.10532203
111  49.21699311  007.10542882
111  49.21687620  007.10612854
112  49.21687620  007.10612854  49.21683512  007.10640542
112  49.21664044  007.10667280  49.21642134  007.10669731
112  49.21627326  007.10669672  49.21615711  007.10668446
112  49.21608369  007.10643298  49.21607313  007.10628184 102
112  49.21594474  007.10185237  49.21592136  007.10117214 102
112  49.21567175  007.09979501  49.21549403  007.09925228 102
112  49.21472340  007.09686452  49.21468215  007.09670276
111  49.21465175  007.09512201
112  49.21458574  007.09501942  49.21454509  007.09498328
111  49.21443276  007.09497860
111  49.21443410  007.09507709
111  49.21453235  007.09509437
112  49.21458399  007.09514689  49.21460187  007.09519513
111  49.21460137  007.09531494
112  49.21464668  007.09675089  49.21464638  007.09679468
112  49.21461904  007.09679873  49.21458953  007.09677083 102
111  49.21439318  007.09652808
113  49.21434338  007.09640481
112  49.21619709  007.11015252  49.21616195  007.10962858 102
112  49.21610262  007.10730100  49.21610262  007.10720457
112  49.21624645  007.10702189  49.21633044  007.10701141
112  49.21674650  007.10698421  49.21687112  007.10698631
112  49.21686468  007.10726595  49.21686468  007.10733094
112  49.21679440  007.10734653  49.21676189  007.10734653
112  49.21664053  007.10735005  49.21658092  007.10735215
112  49.21653317  007.10752680  49.21653723  007.10765048
112  49.21656443  007.10826440  49.21656578  007.10832728
112  49.21666664  007.10838303  49.21672895  007.10838093
112  49.21687291  007.10835547  49.21688781  007.10835757
112  49.21690485  007.10839141  49.21690485  007.10842495
112  49.21690940  007.10877351  49.21690940  007.10886742
112  49.21713938  007.11018222  49.21715535  007.11023165
112  49.21742367  007.11089398  49.21743964  007.11094341
112  49.21751949  007.11139321  49.21753866  007.11147724 102
112  49.21742687  007.11150690  49.21735339  007.11147725 102
114  49.21668261  007.11115101  49.21630889  007.11094836 102
112  49.21660456  007.10817094  49.21660284  007.10813116
112  49.21660042  007.10793991  49.21660212  007.10784974
112  49.21661078  007.10760619  49.21661934  007.10753989
112  49.21682022  007.10744253  49.21686478  007.10744253
112  49.21687693  007.10755220  49.21687693  007.10759993
112  49.21689902  007.10820302  49.21689902  007.10824015
112  49.21685340  007.10827041  49.21683626  007.10827041
114  49.21664189  007.10825116  49.21662304  007.10824851
110 1 0.25 0.0000 asphalt_1D.pol
111  49.22034974  007.11756512
111  49.22077429  007.11738698
112  49.22091098  007.11726574  49.22097143  007.11722763
111  49.22101055  007.11715141
111  49.22111724  007.11699353
111  49.22122392  007.11706975
111  49.22127015  007.11701530
112  49.22110301  007.11677576  49.22105322  007.11669409
111  49.22103189  007.11662876
112  49.22113128  007.11645388  49.22118229  007.11642041
111  49.22120658  007.11642041
111  49.22169478  007.11624563
111  49.22157820  007.11567296
111  49.22085196  007.11595558
111  49.22078153  007.11609317
111  49.22095641  007.11646131
111  49.22106571  007.11632744
111  49.22096855  007.11612292
111  49.22092483  007.11616382
112  49.22096612  007.11605970  49.22101713  007.11603367
111  49.22105599  007.11610433
111  49.22102199  007.11613407
111  49.22103899  007.11621217
111  49.22106813  007.11620101
111  49.22109728  007.11634604
111  49.22099284  007.11652453
111  49.22091511  007.11650965
111  49.22073781  007.11609317
111  49.22085231  007.11592445
111  49.22156397  007.11564184
111  49.22171699  007.11565299
111  49.22168299  007.11541872
111  49.22156397  007.11551912
111  49.22073815  007.11583892
112  49.22063128  007.11579802  49.22058271  007.11573480
111  49.22056085  007.11564184
111  49.22043212  007.11505058
112  49.22046369  007.11498364  49.22048312  007.11494274
111  49.22052927  007.11493530
111  49.22115592  007.11468615
112  49.22129437  007.11452253  49.22132352  007.11445188
111  49.22137695  007.11434404
111  49.22132352  007.11406514
111  49.22107091  007.11387177
112  49.22093004  007.11395730  49.22092518  007.11402052
111  49.22092518  007.11402796
111  49.22087265  007.11424271
111  49.22123473  007.11445058
112  49.22118947  007.11456937  49.22114744  007.11460897
111  49.22109895  007.11460402
111  49.22104399  007.11440604
111  49.22094700  007.11434170
111  49.22065605  007.11446543
111  49.22049764  007.11484159
111  49.22045373  007.11486446
111  49.22038950  007.11481836
111  49.22030519  007.11421293
111  49.22050004  007.11352469
111  49.22050061  007.11350183
111  49.22058476  007.11346066
111  49.22037846  007.11226047
111  49.22030440  007.11226696
111  49.22012997  007.11231429
111  49.22011009  007.11215879
112  49.22014101  007.11193229  49.22017192  007.11184439
111  49.22101666  007.11155829
111  49.22100341  007.11145688
111  49.21991578  007.11182749
112  49.21975018  007.11187482  49.21971264  007.11184439
111  49.21967510  007.11177678
111  49.21930194  007.11090123
111  49.21932623  007.11085053
111  49.21975018  007.11182749
111  49.21986720  007.11170917
111  49.21980538  007.11154015
111  49.21988266  007.11143873
111  49.21977888  007.11121900
111  49.21980980  007.11115815
111  49.21944105  007.11028936
111  49.21919595  007.11052262
111  49.21928648  007.11072883
111  49.21923570  007.11075249
111  49.21903046  007.11035206
111  49.21880069  007.10998393
111  49.21863771  007.10903907
112  49.21866710  007.10896953  49.21868046  007.10894908
111  49.21869649  007.10893272
111  49.21892092  007.10885909
112  49.21898237  007.10878547  49.21899039  007.10872411
111  49.21899039  007.10869139
111  49.21901443  007.10860958
111  49.21889153  007.10860958
111  49.21890756  007.10870366
112  49.21889153  007.10876501  49.21887283  007.10878547
111  49.21883008  007.10880183
111  49.21819954  007.10908815
111  49.21797779  007.10935404
111  49.21786023  007.10915771
111  49.21768053  007.10935769
111  49.21809213  007.11034980
111  49.21861985  007.11095040
111  49.21950811  007.11406845
111  49.21991468  007.11495640
111  49.22008314  007.11496594
111  49.22017398  007.11497821
111  49.22033161  007.11490867
111  49.22044917  007.11552223
112  49.22059077  007.11598854  49.22062818  007.11608671
111  49.22069765  007.11624624
111  49.22103696  007.11683527
111  49.22105032  007.11696207
111  49.22092742  007.11714614
112  49.22082589  007.11716250  49.22079116  007.11713796
111  49.22076177  007.11708478
111  49.22059345  007.11616443
111  49.22051864  007.11603763
111  49.22039307  007.11608671
113  49.22012322  007.11621761
111  49.22031024  007.11375924
111  49.22031558  007.11384514
111  49.22031024  007.11398013
111  49.22027016  007.11409466
113  49.22020604  007.11380833
111  49.22037169  007.11353836
111  49.22039039  007.11367743
111  49.22036902  007.11378788
113  49.22033963  007.11362835
111  49.21959688  007.11225398
111  49.21963428  007.11243396
111  49.21962627  007.11248304
111  49.21955947  007.11249122
113  49.21950871  007.11229488
112  49.21967436  007.11207400  49.21968505  007.11203310
111  49.21977054  007.11199628
111  49.21993085  007.11193902
111  49.21994955  007.11205355
113  49.21965833  007.11218444
112  49.21947130  007.11158315  49.21949001  007.11158724
111  49.21952741  007.11162406
111  49.21949001  007.11161997
111  49.21959421  007.11188584
111  49.21964497  007.11191447
112  49.21963695  007.11200856  49.21962627  007.11205355
111  49.21958085  007.11211082
113  49.21941787  007.11161179
111  49.21933772  007.11177131
111  49.21947398  007.11219671
111  49.21941253  007.11223353
111  49.21932169  007.11192675
111  49.21928963  007.11192675
113  49.21928161  007.11185721
111  49.21859764  007.11002883
111  49.21865642  007.10996748
111  49.21890489  007.11032334
113  49.21877932  007.11043377
111  49.21847474  007.10983659
111  49.21861634  007.10970570
112  49.21866176  007.10973024  49.21867245  007.10977932
111  49.21862970  007.10986113
113  49.21853886  007.10993885
130 Airport Boundary 3
111  49.21379511  007.09438962
111  49.21378395  007.09640965
111  49.21333034  007.09868254
111  49.21323692  007.10121341
111  49.21325211  007.10149736
111  49.21300406  007.10201199
111  49.21325474  007.11150888
111  49.21208570  007.11354156
111  49.21219073  007.12263976
111  49.21332475  007.12484546
111  49.21440407  007.12535743
111  49.21466653  007.12634083
111  49.21531708  007.12637859
111  49.21540857  007.12467468
111  49.21928766  007.11803296
111  49.22188184  007.11709784
111  49.22071001  007.10948216
111  49.22051155  007.10883950
111  49.21824535  007.10878721
111  49.21805456  007.10743277
111  49.21788228  007.10643952
111  49.21785044  007.10576988
111  49.21728940  007.10447363
111  49.21651752  007.10204810
111  49.21638373  007.10069027
111  49.21484027  007.09646592
111  49.21465438  007.09407921
113  49.21409779  007.09328353
120 Linear Feature 2
112  49.21746571  007.11169760  49.21757650  007.11174047 1
116  49.21761436  007.11135201  49.21759126  007.11120199
120 Linear Feature 1
112  49.21746571  007.11169768  49.21762087  007.11176853 51
116  49.21771209  007.11195949  49.21774006  007.11212480
120 Linear Feature 13
112  49.21705292  007.10625241  49.21704053  007.10635064 1
115  49.21712681  007.10659335
120 Linear Feature 12
111  49.21691991  007.10668724 1
112  49.21705292  007.10625241  49.21710410  007.10584651 1
115  49.21715221  007.10556248
120 Linear Feature 11
111  49.21643171  007.10700865 55
115  49.21642590  007.10669005
120 Linear Feature 10
111  49.21502100  007.09854378 54
115  49.21521367  007.09839647
120 Linear Feature 9
111  49.21587830  007.12227063 54
115  49.21567364  007.12199160
120 Linear Feature 8
111  49.21528594  007.11079067 54
115  49.21535047  007.11049843
120 Linear Feature 28
111  49.21684167  007.10741677 20
112  49.21668664  007.10742404  49.21665023  007.10742247 20
112  49.21661271  007.10749427  49.21660766  007.10755375 20
115  49.21660041  007.10793991
120 Linear Feature 13
111  49.21875281  007.11486458 20
115  49.21833530  007.11240840
120 Linear Feature 8
111  49.21846176  007.11683897 51
112  49.21883968  007.11537181  49.21885182  007.11532172 51
116  49.21891451  007.11525229  49.21893373  007.11524603
120 Linear Feature 7
112  49.21496130  007.11045763  49.21477083  007.11035939 51
112  49.21460292  007.11087167  49.21461341  007.11115522 51
115  49.21463647  007.11183761
120 Linear Feature 6
111  49.21454678  007.10878109 51
112  49.21458352  007.10989743  49.21459217  007.11012964 51
112  49.21496129  007.11045764  49.21518639  007.11057374 51
115  49.21638465  007.11117805
120 Linear Feature 5
111  49.21423505  007.09840458 51
111  49.21419288  007.09703708 51
112  49.21406712  007.09679085  49.21405763  007.09656675 51
111  49.21420445  007.09653106 51
111  49.21468800  007.09712952 51
115  49.21501394  007.09811331
120 Linear Feature 4
111  49.21426493  007.09938050 51
111  49.21423505  007.09840458 51
112  49.21451182  007.09770652  49.21481116  007.09758259 51
111  49.21501394  007.09811331 51
112  49.21557738  007.09985611  49.21577991  007.10047746 51
112  49.21583451  007.10185037  49.21584149  007.10236908 51
111  49.21597403  007.10647437 51
111  49.21599142  007.10723292 51
112  49.21609920  007.11058615  49.21609920  007.11088820 51
112  49.21638465  007.11117805  49.21643114  007.11120682 51
112  49.21746575  007.11169770  49.21749621  007.11170601
111  49.21746575  007.11169770
112  49.21746575  007.11169770  49.21748506  007.11170297 51
111  49.21777402  007.11184580 51
112  49.21787779  007.11189149  49.21790610  007.11190268
111  49.21787779  007.11189149
112  49.21787779  007.11189149  49.21790305  007.11190147 51
112  49.21793114  007.11190748  49.21794027  007.11190748
111  49.21793114  007.11190748
112  49.21793114  007.11190748  49.21798405  007.11190748 51
111  49.21829672  007.11172613 51
112  49.21847912  007.11179062  49.21856068  007.11188055 51
112  49.21864009  007.11228381  49.21868847  007.11243631 51
111  49.21876351  007.11285027 51
111  49.21891089  007.11342169 51
111  49.21908825  007.11414967 51
112  49.21925030  007.11480629  49.21931732  007.11510220 51
111  49.21912775  007.11517189 51
111  49.21891451  007.11525231 51
112  49.21855436  007.11539650  49.21837158  007.11546859 51
116  49.21836575  007.11580015  49.21839442  007.11598871
120 Linear Feature 3
111  49.21493825  007.12214150 51
111  49.21495345  007.12279439 51
112  49.21483634  007.12319383  49.21484284  007.12342043 51
111  49.21506001  007.12341723 51
115  49.21565739  007.12237003
120 Linear Feature 2
112  49.21623628  007.10685500  49.21603681  007.10686171 1
116  49.21599143  007.10723291  49.21599143  007.10728324
120 Linear Feature 1
111  49.21492149  007.12146416 51
111  49.21493825  007.12214150 51
112  49.21528131  007.12253799  49.21549142  007.12260197 51
111  49.21565739  007.12237003 51
111  49.21798145  007.11838668 51
112  49.21816096  007.11800548  49.21820031  007.11786745 51
112  49.21846175  007.11683897  49.21849454  007.11671921 51
112  49.21847179  007.11640837  49.21844550  007.11624661 51
111  49.21836576  007.11580016 51
111  49.21824213  007.11506053 51
111  49.21810440  007.11425159 51
111  49.21797261  007.11347931 51
111  49.21785710  007.11280901 51
111  49.21774958  007.11217126 51
115  49.21771209  007.11195949
120 Linear Feature 1
111  49.21771209  007.11195949 1
111  49.21765185  007.11158140 1
111  49.21761438  007.11135201 1
112  49.21751779  007.11084332  49.21748897  007.11072578 1
111  49.21743683  007.11061595 1
112  49.21723483  007.11009919  49.21721333  007.11001601 1
112  49.21712862  007.10949673  49.21712324  007.10941078 1
112  49.21705402  007.10714489  49.21704448  007.10697143 1
112  49.21668913  007.10682728  49.21647209  007.10682728 1
112  49.21623628  007.10685500  49.21596208  007.10686088 1
115  49.21597401  007.10647438
120 Linear Feature 21
111  49.21915220  007.11448807 1
115  49.21822122  007.11486214
120 Linear Feature 20
111  49.21900827  007.11391996 1
115  49.21813418  007.11427574
120 Linear Feature 19
111  49.21887673  007.11334674 1
115  49.21802151  007.11370122
120 Linear Feature 18
111  49.21872147  007.11278852 1
115  49.21792481  007.11312806
120 Linear Feature 17
111  49.21859195  007.11221536 1
115  49.21782190  007.11252910
120 Linear Feature 16
111  49.21888802  007.11432477 30
115  49.21846335  007.11453375
120 Linear Feature 15
111  49.21886668  007.11423427 30
115  49.21844443  007.11442561
120 Linear Feature 14
111  49.21875802  007.11377335 30
115  49.21836044  007.11394552
120 Linear Feature 13
111  49.21873297  007.11366709 30
115  49.21833968  007.11382685
120 Linear Feature 12
111  49.21862254  007.11319867 30
115  49.21825790  007.11335935
120 Linear Feature 11
111  49.21859894  007.11309858 30
115  49.21823829  007.11324725
120 Linear Feature 10
111  49.21848803  007.11262811 30
115  49.21815297  007.11275954
120 Linear Feature 9
111  49.21846764  007.11254161 30
115  49.21813587  007.11266179
120 Linear Feature 8
112  49.21817450  007.11212698  49.21826096  007.11211290 30
111  49.21836398  007.11221007 30
111  49.21843020  007.11238280 30
111  49.21846764  007.11254161 30
111  49.21848803  007.11262811 30
111  49.21859894  007.11309858 30
111  49.21862254  007.11319867 30
111  49.21873297  007.11366709 30
111  49.21875802  007.11377335 30
111  49.21886668  007.11423427 30
111  49.21888802  007.11432477 30
111  49.21895571  007.11461193 30
112  49.21895510  007.11478325  49.21893487  007.11482832 30
111  49.21889163  007.11484099 30
111  49.21863777  007.11495646 30
112  49.21857522  007.11496350  49.21853567  007.11495270 30
111  49.21853015  007.11491562 30
111  49.21846335  007.11453375 30
111  49.21844443  007.11442561 30
111  49.21836044  007.11394552 30
111  49.21833968  007.11382685 30
111  49.21825790  007.11335935 30
111  49.21823829  007.11324725 30
111  49.21815297  007.11275954 30
111  49.21813587  007.11266179 30
111  49.21806596  007.11226216 30
114  49.21807332  007.11218049  49.21809289  007.11214477 30
120 Linear Feature 22
111  49.21852895  007.11471523 1
115  49.21853540  007.11475984
120 Linear Feature 22
111  49.21887650  007.11457411 1
115  49.21888403  007.11461988
120 Linear Feature 22
111  49.21875434  007.11399949 1
115  49.21876233  007.11404472
120 Linear Feature 22
111  49.21844589  007.11412565 1
115  49.21845448  007.11417036
120 Linear Feature 22
111  49.21834755  007.11354175 1
115  49.21835598  007.11358845
120 Linear Feature 22
111  49.21859324  007.11344057 1
115  49.21860147  007.11348536
120 Linear Feature 22
111  49.21847558  007.11286959 1
115  49.21848348  007.11291368
120 Linear Feature 22
111  49.21824624  007.11296651 1
115  49.21825435  007.11301362
120 Linear Feature 22
111  49.21813496  007.11237646 1
115  49.21814321  007.11242553
120 Linear Feature 22
111  49.21834927  007.11229023 1
115  49.21835682  007.11233665
120 Linear Feature 22
111  49.21853470  007.11471321 1
115  49.21854148  007.11475670
120 Linear Feature 22
111  49.21888415  007.11457103 1
115  49.21889148  007.11461679
120 Linear Feature 22
111  49.21876218  007.11399715 1
115  49.21877009  007.11404123
120 Linear Feature 22
111  49.21845408  007.11412285 1
115  49.21846221  007.11416575
120 Linear Feature 22
111  49.21835550  007.11353819 1
115  49.21836390  007.11358501
120 Linear Feature 22
111  49.21860098  007.11343745 1
115  49.21860920  007.11348138
120 Linear Feature 22
111  49.21848271  007.11286555 1
115  49.21849132  007.11291126
120 Linear Feature 22
111  49.21825424  007.11296292 1
115  49.21826256  007.11300972
120 Linear Feature 22
111  49.21814270  007.11237415 1
115  49.21815061  007.11242132
120 Linear Feature 22
111  49.21835772  007.11228664 1
115  49.21836519  007.11233194
120 Linear Feature 22
111  49.21854042  007.11471084 1
115  49.21854737  007.11475433
120 Linear Feature 22
111  49.21889056  007.11456812 1
115  49.21889819  007.11461358
120 Linear Feature 22
111  49.21876867  007.11399462 1
115  49.21877630  007.11403852
120 Linear Feature 22
111  49.21846038  007.11412048 1
115  49.21846852  007.11416294
120 Linear Feature 22
111  49.21836227  007.11353710 1
115  49.21837027  007.11358159
120 Linear Feature 22
111  49.21860713  007.11343483 1
115  49.21861529  007.11347893
120 Linear Feature 22
111  49.21848931  007.11286424 1
115  49.21849745  007.11290779
120 Linear Feature 22
111  49.21826060  007.11296012 1
115  49.21826892  007.11300630
120 Linear Feature 22
111  49.21814923  007.11237229 1
115  49.21815697  007.11241789
120 Linear Feature 22
111  49.21836392  007.11228521 1
115  49.21837114  007.11232902
120 Linear Feature 27
111  49.21859438  007.11111386 20
111  49.21902532  007.11074104 20
111  49.21905337  007.11080350 20
111  49.21914772  007.11072347 20
111  49.21917577  007.11079374 20
111  49.21910947  007.11083473 20
111  49.21918214  007.11105921 20
111  49.21912604  007.11101236 20
111  49.21892205  007.11115681 20
111  49.21890292  007.11123293 20
111  49.21892460  007.11131687 20
115  49.21873718  007.11142422
120 Linear Feature 1
111  49.21727340  007.10772642 20
111  49.21729809  007.10857422 20
111  49.21823836  007.11083941 20
111  49.21876041  007.11157221 20
111  49.21947432  007.11430465 20
111  49.21966828  007.11530481 20
111  49.21993408  007.11569149 20
115  49.22019195  007.11720401
120 Linear Feature 1
111  49.21721759  007.10771757 20
111  49.21724331  007.10860065 20
111  49.21819545  007.11089445 20
111  49.21871359  007.11162175 20
111  49.21942185  007.11433258 20
111  49.21961930  007.11535076 20
111  49.21988438  007.11573640 20
115  49.22013826  007.11722547
120 Linear Feature 1
111  49.21724461  007.10772185 22
111  49.21726983  007.10858786 22
111  49.21821622  007.11086780 22
111  49.21873625  007.11159777 22
111  49.21944725  007.11431906 22
111  49.21964301  007.11532852 22
111  49.21990844  007.11571466 22
115  49.22016425  007.11721508
120 Linear Feature 2
111  49.21900333  007.11540007 25
115  49.21871797  007.11646136
120 Linear Feature 3
111  49.21787779  007.11189149 1
111  49.21824593  007.11133027 1
112  49.21810539  007.11097439  49.21794162  007.11091910 1
115  49.21789712  007.11114712
120 Linear Feature 3
111  49.21788940  007.11117372 1
111  49.21784800  007.11117104 1
115  49.21777402  007.11184580
120 Linear Feature 4
111  49.21787124  007.11112154 1
115  49.21786593  007.11122426
21  49.21474700  007.10007789 2 85.6400 3.20 xxx PAPI-4L
21  49.21433755  007.11791345 2 265.8700 3.00 xxx PAPI-4L
20  49.21720275  007.11197729 185.0000 0 3 {@L}B{@Y}09-27{^u}
20  49.21814781  007.11709006 120.0900 0 3 {@L}A{@Y}09{^u}
20  49.21608077  007.12229362 124.8400 0 3 {@L}A{@R}27
20  49.21575619  007.12169595 140.3900 0 3 {@L}A{@R}27
20  49.21539968  007.11109273 185.7400 0 3 {@L}B{@R}09-27
20  49.21555907  007.11034884 212.7700 0 3 {@L}B{@R}09-27
20  49.21537913  007.09839071 261.4500 0 3 {@L}C{@R}09
20  49.21492539  007.09871445 232.3400 0 3 {@L}C{@R}09
14  49.21904855  007.11264108  98.43 0 Tower Viewpoint
1300  49.21814459  007.11239682 164.41 gate jets|turboprops Ramp N1
1301 C airline ewe
1300  49.21825374  007.11298659 164.41 gate jets|turboprops Ramp N2
1301 C none 
1300  49.21835660  007.11356207 164.41 gate jets|turboprops Ramp N3
1301 C airline ewe
1300  49.21845853  007.11414572 164.41 gate jets|turboprops Ramp N4
1301 C airline ewe
1300  49.21853742  007.11473443 164.41 gate jets|turboprops Ramp N5
1301 C none ewe
1300  49.21786906  007.11117281 184.09 tie_down heavy|jets|turboprops Ramp N6
1301 C airline 
1300  49.21836113  007.11230945 345.47 gate jets|turboprops Ramp S1
1301 C none 
1300  49.21848727  007.11288863 345.47 gate jets|turboprops Ramp S2
1301 C none 
1300  49.21860512  007.11345863 345.47 gate jets|turboprops Ramp S3
1301 C none 
1300  49.21876756  007.11401962 345.47 gate jets|turboprops Ramp S4
1301 C none 
1300  49.21888785  007.11459235 345.47 gate jets|turboprops Ramp S5
1301 C none 
1300  49.21905371  007.11617603 202.89 tie_down turboprops|props|helos GA Ramp East
1301 B general_aviation 
1300  49.21917047  007.11574467 -158.22 tie_down turboprops|props|helos GA Ramp East
1301 B general_aviation 
1300  49.21726346  007.10740646 178.04 tie_down turboprops|props|helos GA Ramp West
1301 B general_aviation 
1300  49.21725069  007.10704975 178.04 tie_down turboprops|props|helos GA Ramp West
1301 B general_aviation 
1300  49.21723473  007.10669303 178.04 tie_down turboprops|props|helos GA Ramp West
1301 B general_aviation 
18  49.22073217  007.11361241 1 New Airport Beacon 4
19  49.21852342  007.11902423 0 New Windsock 6
19  49.21356184  007.09821357 1 Windsock
19  49.21725285  007.11762389 1 Windsock
1050 125475 Saarbruecken ATIS
1054 118350 Saarbruecken Tower
1056 129675 Langen Radar
1000 West flow
1001 EDDR 182 358 35
1002 EDDR 0
1003 EDDR 0.0
1101 27 left
1110 27 129675 arrivals|departures heavy|jets|turboprops 000000 000000 Arr,Dep Rwy 27
1000 East flow
1002 EDDR 0
1003 EDDR 0.0
1101 09 right
1110 09 129675 arrivals|departures heavy|jets|turboprops 000000 000000 Arr,Dep Rwy 09
1200 
1201  49.21878473  007.11560993 both 0 _stop
1201  49.21864009  007.11616813 both 1 _start
1201  49.21627222  007.11899378 both 2 _stop
1201  49.21603125  007.11157228 both 3 _start
1201  49.21944518  007.11535919 both 4 _stop
1201  49.21979545  007.11593157 both 5 _stop
1201  49.21985388  007.11619498 both 6 _stop
1201  49.21974076  007.11665490 both 7 _start
1201  49.21926054  007.11510262 both 8 _stop
1201  49.21891129  007.11525471 both 9 _stop(split)
1201  49.21918986  007.11455174 both 10 _stop
1201  49.21878182  007.11284498 both 11 _stop
1201  49.21890828  007.11340020 both 12 _stop(split)
1201  49.21904689  007.11396301 both 13 _stop(split)
1201  49.21850552  007.11174815 both 14 _stop
1201  49.21864009  007.11228381 both 15 _stop(split)
1201  49.21796897  007.11192522 both 16 _stop
1201  49.21702716  007.10684128 both 17 _stop
1201  49.21650280  007.10683138 both 18 _stop(split)
1201  49.21713231  007.10904118 both 19 _stop
1201  49.21725499  007.11007407 both 20 _stop
1201  49.21747989  007.11069559 both 21 _stop
1201  49.21812538  007.11434875 both 22 _stop
1201  49.21803140  007.11379694 both 23 _stop(split)
1201  49.21792895  007.11322952 both 24 _stop(split)
1201  49.21782951  007.11262520 both 25 _stop(split)
1201  49.21850800  007.11666050 both 26 A_stop
1201  49.21831917  007.11553054 both 27 A_stop(split)
1201  49.21817503  007.11797065 both 28 A_stop
1201  49.21804068  007.11830601 both 29 A_stop
1201  49.21769018  007.11180915 both 30 B_stop
1201  49.21611004  007.11104005 both 31 C_stop
1201  49.21668896  007.11132501 both 32 C_stop(split)
1201  49.21583871  007.10180704 both 33 C_stop
1201  49.21598263  007.10683079 both 34 C_stop(split)
1201  49.21604437  007.10899506 both 35 C_stop(split)(split)
1201  49.21575319  007.10051565 both 36 C_stop
1201  49.21563267  007.10002171 both 37 C_stop
1201  49.21518949  007.09867082 both 38 C_stop
1201  49.21468800  007.09712952 both 39 C_stop
1201  49.21546940  007.11070965 both 40 B_stop
1201  49.21493680  007.11043590 both 41 B_stop
1201  49.21591039  007.12200797 both 42 A_stop
1201  49.21697612  007.12014794 both 43 A_stop(split)
1201  49.21523434  007.12320514 both 44 A_stop
1201  49.21496999  007.12335391 both 45 09/27_stop
1201  49.21419288  007.09703708 both 46 09/27_start
1201  49.21458692  007.11033473 both 47 09/27_start(split)
1201  49.21717284  007.10940938 both 48 _stop
1201  49.21755435  007.10925639 both 49 _stop
1201  49.21822464  007.11088562 both 50 _stop
1201  49.21873031  007.11159099 both 51 _stop
1201  49.22015981  007.11720914 both 52 _start
1201  49.21990803  007.11570551 both 53 _start
1201  49.21963906  007.11532424 both 54 _start
1201  49.21944481  007.11431006 both 55 _start
1202 26 1 twoway taxiway_B 
1202 0 9 twoway taxiway_B 
1202 1 0 twoway taxiway_B 
1202 2 43 twoway taxiway_B 
1204 departure 09L,27R
1204 arrival 09L,27R
1202 3 31 twoway taxiway_B 
1204 departure 09L,27R
1204 arrival 09L,27R
1202 3 2 twoway runway 09L/27R
1204 departure 09L,27R
1204 arrival 09L,27R
1204 ils 09L,27R
1202 4 8 twoway taxiway_B 
1202 5 4 twoway taxiway_B 
1202 6 5 twoway taxiway_B 
1202 7 6 twoway taxiway_B 
1202 8 9 twoway taxiway_C 
1202 9 27 twoway taxiway_C 
1202 10 8 twoway taxiway_C 
1202 11 12 twoway taxiway_C 
1202 12 13 twoway taxiway_C 
1202 13 10 twoway taxiway_C 
1202 14 15 twoway taxiway_C 
1202 15 11 twoway taxiway_C 
1202 16 14 twoway taxiway_C 
1202 30 16 twoway taxiway_C 
1202 17 18 twoway taxiway_C 
1202 18 34 twoway taxiway_C 
1202 19 17 twoway taxiway_C 
1202 20 48 twoway taxiway_C 
1202 48 19 twoway taxiway_C 
1202 21 20 twoway taxiway_C 
1202 30 21 twoway taxiway_C 
1202 22 23 twoway taxiway_C 
1202 23 24 twoway taxiway_C 
1202 24 25 twoway taxiway_C 
1202 25 30 twoway taxiway_C 
1202 26 27 twoway taxiway_C 
1202 27 22 twoway taxiway_C 
1202 28 26 twoway taxiway_C A
1202 29 28 twoway taxiway_C A
1202 42 43 twoway taxiway_C A
1204 departure 09L,27R
1204 arrival 09L,27R
1202 43 29 twoway taxiway_C A
1202 31 32 twoway taxiway_C B
1204 departure 09L,27R
1204 arrival 09L,27R
1202 32 30 twoway taxiway_C B
1202 40 31 twoway taxiway_C B
1204 departure 09L,27R
1204 arrival 09L,27R
1202 33 34 twoway taxiway_C C
1202 34 35 twoway taxiway_C C
1202 35 31 twoway taxiway_C C
1204 departure 09L,27R
1204 arrival 09L,27R
1202 36 33 twoway taxiway_C C
1202 37 36 twoway taxiway_C C
1202 38 37 twoway taxiway_C C
1202 39 38 twoway taxiway_C C
1204 departure 09,27
1204 arrival 09,27
1202 46 39 twoway taxiway_C C
1204 departure 09,27
1204 arrival 09,27
1202 41 40 twoway taxiway_C B
1204 departure 09,27
1204 arrival 09,27
1202 47 41 twoway taxiway_C B
1204 departure 09,27
1204 arrival 09,27
1202 44 42 twoway taxiway_C A
1204 departure 09,27
1204 arrival 09,27
1202 45 44 twoway taxiway_C A
1204 departure 09,27
1204 arrival 09,27
1202 46 47 twoway runway 09/27
1204 departure 09,27
1204 arrival 09,27
1204 ils 09,27
1202 47 45 twoway runway 09/27
1204 departure 09,27
1204 arrival 09,27
1204 ils 09,27
1206 49 48 twoway  
1206 50 49 twoway  
1206 51 50 twoway  
1206 52 53 twoway  
1206 53 54 twoway  
1206 54 55 twoway  
1206 55 51 twoway  
1400  49.21784266  7.11032579  45.00 food 0 New Service Truck 6
1400  49.21849719  7.11097478  176.06 gpu 0 New Service Truck 5
1400  49.21979568  7.11512825  164.48 gpu 0 New Service Truck 4
1400  49.21997838  7.11660770  205.97 pushback 0 New Service Truck 3
1400  49.22002096  7.11677604  199.50 pushback 0 New Service Truck 2
1401  49.22004489  7.11712274  255.66 baggage_loader|baggage_train|fuel_jets|fuel_liners|fuel_props|food|pushback New Service Truck Destination 9
1401  49.21733802  7.10894341  53.13 baggage_loader|baggage_train|fuel_jets|fuel_liners|fuel_props|food|pushback New Service Truck Destination 8
99
