I
1130 Generated by WorldEditor 2.0.0r4

1    309 1 0 EDFM Mannheim City
1302 city Mannheim
1302 country Germany
1302 datum_lat 49.472705556
1302 datum_lon 8.514263889
1302 faa_code 
1302 iata_code MHG
1302 icao_code EDFM
1302 region_code ED
1302 state Baden-Württemberg
1302 transition_alt 5000
1302 transition_level 
100 24.99 1 0 0.00 0 3 0 09  49.47298878  008.50610100    0    0 3 0 0 1 27  49.47248522  008.52074007   55    0 3 9 0 1
100 29.87 3 0 0.00 0 0 0 09L  49.47354500  008.51054567   75    0 0 0 0 0 27R  49.47321655  008.52019030   25    0 0 0 0 0
110 1 0.00 18.4300 New Taxiway 1
112  49.47465167  008.52188666  49.47464481  008.52183168
111  49.47465167  008.52188666
111  49.47454668  008.52222264
112  49.47454668  008.52222264  49.47458704  008.52223595
112  49.47468075  008.52248113  49.47476716  008.52254324
111  49.47468075  008.52248113
111  49.47466858  008.52258506
111  49.47483366  008.52268459
111  49.47599317  008.52315125
111  49.47604708  008.52285156
111  49.47595018  008.52281208
111  49.47604896  008.52231991
111  49.47589406  008.52222563
112  49.47589406  008.52222563  49.47586727  008.52220536
111  49.47586772  008.52216031
111  49.47578028  008.52215690
111  49.47556788  008.52218481
111  49.47546133  008.52218376
112  49.47541167  008.52220538  49.47535880  008.52218373
111  49.47541167  008.52220538
113  49.47485810  008.52199124
111  49.47594874  008.52270455
111  49.47592953  008.52280301
111  49.47584965  008.52276813
111  49.47586714  008.52267166
112  49.47586714  008.52267166  49.47588065  008.52261942
111  49.47592907  008.52264760
113  49.47592169  008.52269253
110 2 0.00 92.5000 New Taxiway 7
111  49.47413719  008.52199254
111  49.47412554  008.52233732
111  49.47439831  008.52236207
113  49.47440876  008.52201426
110 2 0.00 92.5000 New Taxiway 6
111  49.47603894  008.52024847
111  49.47600401  008.52156350
111  49.47623164  008.52157596
111  49.47623838  008.52132095
111  49.47640929  008.52133332
111  49.47643512  008.52057536
111  49.47634580  008.52057343
111  49.47634994  008.52042634
111  49.47633328  008.52042549
111  49.47629722  008.52042364
111  49.47626182  008.52042183
113  49.47626652  008.52026121
110 1 0.00 92.5000 New Taxiway 5
111  49.47584075  008.51684741
111  49.47570113  008.51682726
111  49.47568065  008.51755513
111  49.47538498  008.51753050
111  49.47531160  008.51971349
111  49.47520676  008.51971183
111  49.47520782  008.51966308
111  49.47517614  008.51966308
111  49.47517336  008.52017253
111  49.47520820  008.52016928
111  49.47520715  008.52010753
112  49.47527544  008.52014135  49.47528674  008.52016572
111  49.47527544  008.52014135
112  49.47527544  008.52014135  49.47534022  008.52027159
111  49.47534233  008.52026183
112  49.47534233  008.52026183  49.47535776  008.52030904
112  49.47535622  008.52047881  49.47535052  008.52071054
111  49.47535622  008.52047881
111  49.47533086  008.52143987
111  49.47571969  008.52147656
112  49.47571969  008.52147656  49.47576638  008.52147881
111  49.47576104  008.52156085
111  49.47600411  008.52156435
111  49.47603894  008.52024847
111  49.47593200  008.52024000
112  49.47593200  008.52024000  49.47594880  008.52018469
111  49.47597909  008.52019033
111  49.47630248  008.52021011
111  49.47629722  008.52042364
111  49.47633328  008.52042549
111  49.47634083  008.52021245
111  49.47652145  008.52022350
112  49.47652145  008.52022350  49.47655856  008.52023382
111  49.47654887  008.52029607
111  49.47654475  008.52040043
111  49.47663280  008.52040035
111  49.47663845  008.52028572
112  49.47663845  008.52028572  49.47664527  008.52021866
111  49.47670042  008.52021514
111  49.47688171  008.52022055
112  49.47688171  008.52022055  49.47690744  008.52022136
112  49.47692207  008.52025802  49.47692417  008.52029195
111  49.47692207  008.52025802
111  49.47691398  008.52040095
111  49.47690589  008.52056731
111  49.47709995  008.52059699
111  49.47716520  008.52028416
111  49.47741487  008.52031231
111  49.47749857  008.51869404
111  49.47752922  008.51727304
111  49.47694430  008.51723535
111  49.47694020  008.51742445
112  49.47694020  008.51742445  49.47694020  008.51745315
112  49.47688767  008.51741622  49.47689018  008.51737980
111  49.47688767  008.51741622
111  49.47689074  008.51730671
111  49.47683574  008.51730157
111  49.47683322  008.51741497
111  49.47678083  008.51744572
111  49.47664452  008.51734301
112  49.47658527  008.51729818  49.47658664  008.51724324
111  49.47658527  008.51729818
111  49.47658672  008.51716467
111  49.47649235  008.51716019
111  49.47649306  008.51703902
111  49.47616340  008.51702620
113  49.47616747  008.51686813
111  49.47563162  008.52008637
111  49.47563138  008.51993918
111  49.47581333  008.51994930
112  49.47583304  008.51996926  49.47583333  008.51999024
111  49.47583304  008.51996926
111  49.47582629  008.52014871
112  49.47582629  008.52014871  49.47582480  008.52017653
112  49.47578968  008.52022861  49.47576315  008.52022750
111  49.47578968  008.52022861
111  49.47543342  008.52019151
112  49.47543342  008.52019151  49.47541451  008.52017671
111  49.47541228  008.52014742
113  49.47541282  008.52008263
111  49.47563575  008.51978885
111  49.47553572  008.51978081
111  49.47553718  008.51971729
111  49.47573796  008.51972348
111  49.47573795  008.51968202
112  49.47573795  008.51968202  49.47573762  008.51963988
111  49.47575064  008.51965761
111  49.47581722  008.51972576
112  49.47583899  008.51977355  49.47583850  008.51979692
111  49.47583899  008.51977355
111  49.47583645  008.51985911
112  49.47581566  008.51990458  49.47579462  008.51990230
111  49.47581566  008.51990458
113  49.47563345  008.51989327
112  49.47574616  008.51955378  49.47574485  008.51953572
111  49.47574616  008.51955378
111  49.47576941  008.51892617
112  49.47581791  008.51887191  49.47586173  008.51887875
111  49.47586116  008.51895964
111  49.47584164  008.51964470
112  49.47584164  008.51964470  49.47584189  008.51967677
111  49.47583423  008.51966600
113  49.47575674  008.51958237
111  49.47542666  008.51833427
112  49.47542666  008.51833427  49.47542815  008.51829323
111  49.47544917  008.51829618
111  49.47569109  008.51831522
111  49.47568924  008.51843764
112  49.47565171  008.51847801  49.47561621  008.51847436
111  49.47565171  008.51847801
111  49.47545421  008.51846078
112  49.47545421  008.51846078  49.47541984  008.51845029
113  49.47542441  008.51841192
111  49.47564984  008.51858182
112  49.47564984  008.51858182  49.47568139  008.51858728
111  49.47567534  008.51863732
111  49.47567084  008.51871525
111  49.47543116  008.51869101
111  49.47543164  008.51862763
112  49.47546830  008.51858018  49.47550154  008.51857717
113  49.47546830  008.51858018
111  49.47595872  008.51872678
112  49.47595872  008.51872678  49.47596157  008.51868452
112  49.47603835  008.51869287  49.47605959  008.51870576
111  49.47603835  008.51869287
112  49.47603835  008.51869287  49.47604988  008.51872248
112  49.47603922  008.51888451  49.47602284  008.51889569
114  49.47595891  008.51889629  49.47594593  008.51888002
111  49.47592626  008.51976667
112  49.47592626  008.51976667  49.47595171  008.51972253
112  49.47601602  008.51977181  49.47602915  008.51979275
112  49.47600507  008.51998456  49.47598646  008.52001725
111  49.47600507  008.51998456
112  49.47592449  008.51997955  49.47589077  008.51993441
113  49.47592449  008.51997955
112  49.47708867  008.51975086  49.47705653  008.51974118
111  49.47705788  008.51968394
111  49.47706845  008.51942942
112  49.47706845  008.51942942  49.47707473  008.51935414
111  49.47714513  008.51937119
113  49.47712650  008.51972957
111  49.47713913  008.51835160
111  49.47728416  008.51836026
111  49.47727066  008.51861309
111  49.47712004  008.51860193
112  49.47712004  008.51860193  49.47709069  008.51858258
111  49.47709884  008.51852408
111  49.47710292  008.51839590
114  49.47710292  008.51839590  49.47710501  008.51833999
111  49.47687238  008.51792630
112  49.47687238  008.51792630  49.47687427  008.51788775
111  49.47689775  008.51788705
111  49.47692827  008.51788705
111  49.47692520  008.51801872
111  49.47707706  008.51803017
111  49.47706962  008.51820621
111  49.47689107  008.51817472
112  49.47686481  008.51812552  49.47686445  008.51808248
113  49.47686481  008.51812552
111  49.47689845  008.51779567
112  49.47688077  008.51775241  49.47688113  008.51771047
111  49.47689873  008.51770814
111  49.47693292  008.51770825
113  49.47693177  008.51779688
111  49.47690096  008.51762272
112  49.47688413  008.51757558  49.47688449  008.51752978
111  49.47690259  008.51752716
111  49.47693634  008.51752781
113  49.47693507  008.51762513
111  49.47659370  008.51751653
112  49.47657397  008.51746657  49.47657397  008.51742469
111  49.47659444  008.51741836
111  49.47663868  008.51741836
113  49.47663801  008.51751941
111  49.47659257  008.51768931
112  49.47657115  008.51764424  49.47657115  008.51760357
111  49.47659407  008.51760172
111  49.47663529  008.51760460
113  49.47663417  008.51768970
111  49.47658898  008.51786428
112  49.47657036  008.51782239  49.47657036  008.51778719
111  49.47659079  008.51777969
111  49.47663219  008.51778087
113  49.47663070  008.51786722
111  49.47655506  008.51796403
111  49.47676420  008.51797033
111  49.47676505  008.51788446
111  49.47682000  008.51790658
111  49.47681070  008.51814728
111  49.47679041  008.51816419
113  49.47655116  008.51813947
111  49.47626297  008.51787282
111  49.47629583  008.51787287
111  49.47629425  008.51797878
111  49.47649735  008.51799653
111  49.47649482  008.51813664
113  49.47625900  008.51813034
111  49.47595050  008.51796707
112  49.47595050  008.51796707  49.47595995  008.51792694
111  49.47599206  008.51792931
111  49.47620672  008.51793841
111  49.47620543  008.51806007
112  49.47620543  008.51806007  49.47620380  008.51809268
112  49.47616978  008.51812367  49.47615609  008.51812868
111  49.47616978  008.51812367
111  49.47597071  008.51811613
112  49.47594387  008.51806852  49.47594257  008.51802367
113  49.47594387  008.51806852
112  49.47603429  008.51823007  49.47608955  008.51822616
111  49.47603429  008.51823007
111  49.47641785  008.51825193
112  49.47655405  008.51831825  49.47659917  008.51833874
111  49.47655405  008.51831825
112  49.47655298  008.51852064  49.47655453  008.51852574
111  49.47655298  008.51852064
112  49.47660761  008.51851777  49.47660848  008.51850451
111  49.47660761  008.51851777
112  49.47661186  008.51830655  49.47661982  008.51828350
111  49.47661186  008.51830655
112  49.47670097  008.51827867  49.47679008  008.51825079
111  49.47670097  008.51827867
112  49.47669973  008.51839672  49.47669726  008.51849383
111  49.47669973  008.51839672
112  49.47678015  008.51840244  49.47685191  008.51841005
111  49.47678015  008.51840244
112  49.47678386  008.51828819  49.47678569  008.51820776
111  49.47678386  008.51828819
112  49.47681369  008.51828739  49.47684352  008.51828658
111  49.47681369  008.51828739
111  49.47680348  008.51888428
111  49.47647796  008.51887965
111  49.47646052  008.51888000
111  49.47647988  008.51838437
111  49.47613568  008.51836059
112  49.47605694  008.51850629  49.47602455  008.51850922
111  49.47605694  008.51850629
111  49.47600113  008.51850458
112  49.47600113  008.51850458  49.47597953  008.51847917
114  49.47595400  008.51837846  49.47595400  008.51830808
112  49.47652800  008.51993458  49.47652864  008.51993657
111  49.47652800  008.51993458
112  49.47652800  008.51993458  49.47653626  008.51996034
111  49.47647495  008.52002915
111  49.47632668  008.52002069
111  49.47632653  008.51990365
111  49.47640980  008.51991321
111  49.47641293  008.51973899
111  49.47646681  008.51974221
111  49.47646657  008.51978062
111  49.47653369  008.51978381
111  49.47652910  008.51992443
112  49.47651806  008.51992887  49.47654682  008.51993805
111  49.47651806  008.51992887
114  49.47651806  008.51992887  49.47652371  008.51993068
110 1 0.00 3.0000 New Taxiway 2
111  49.47255521  008.52116524
111  49.47252923  008.52154677
111  49.47253159  008.52154713 102
111  49.47354900  008.52164677
112  49.47354900  008.52164677  49.47356988  008.52164712
111  49.47357179  008.52167742
111  49.47356489  008.52186444
111  49.47353678  008.52186251
111  49.47353331  008.52200412
111  49.47363031  008.52200901
111  49.47363432  008.52186641
111  49.47361453  008.52186639
111  49.47362012  008.52171092
112  49.47365605  008.52165681  49.47368049  008.52165428
111  49.47365605  008.52165681 102
111  49.47386324  008.52167043
112  49.47396062  008.52188643  49.47395707  008.52208812
111  49.47396062  008.52188643
112  49.47396062  008.52188643  49.47396297  008.52204437
112  49.47412855  008.52224932  49.47427975  008.52232649
111  49.47412855  008.52224932
111  49.47413652  008.52205536
112  49.47405410  008.52187672  49.47405940  008.52175987
111  49.47405410  008.52187672
112  49.47405410  008.52187672  49.47406999  008.52174628
111  49.47423812  008.52169275
111  49.47441013  008.52171011
112  49.47450608  008.52182629  49.47450883  008.52194152
111  49.47450608  008.52182629
112  49.47450608  008.52182629  49.47450663  008.52188106
112  49.47449699  008.52202501  49.47448404  008.52208842
111  49.47449699  008.52202501
112  49.47449699  008.52202501  49.47448404  008.52209114
111  49.47440657  008.52207294
111  49.47440118  008.52226911
112  49.47454668  008.52222264  49.47459459  008.52216783
111  49.47454668  008.52222264
111  49.47465167  008.52188666
112  49.47475039  008.52174481  49.47486953  008.52171193
111  49.47475039  008.52174481 102
111  49.47544077  008.52179306
112  49.47544077  008.52179306  49.47547373  008.52180296
111  49.47547065  008.52186142
111  49.47546133  008.52218376
111  49.47556788  008.52218481
111  49.47557254  008.52188136
112  49.47560556  008.52181078  49.47563413  008.52180720
111  49.47560556  008.52181078
111  49.47573521  008.52182845
112  49.47573521  008.52182845  49.47577943  008.52184342
111  49.47578014  008.52191190
111  49.47578028  008.52215690
111  49.47586772  008.52216031
111  49.47586752  008.52192203
112  49.47591592  008.52184000  49.47596103  008.52184000
111  49.47591592  008.52184000
111  49.47632826  008.52187298
111  49.47633251  008.52173114
111  49.47590299  008.52169496
112  49.47590299  008.52169496  49.47586170  008.52166796
112  49.47600401  008.52156415  49.47607276  008.52156036
111  49.47600401  008.52156415
111  49.47576094  008.52156065
112  49.47566416  008.52167621  49.47555988  008.52167621
111  49.47566416  008.52167621
111  49.47545639  008.52165652
112  49.47545639  008.52165652  49.47538855  008.52157974
112  49.47547207  008.52145158  49.47550812  008.52145134
111  49.47547207  008.52145158
111  49.47533076  008.52143967
112  49.47525043  008.52164009  49.47516720  008.52163466
111  49.47525043  008.52164009 102
111  49.47313116  008.52145170
112  49.47313116  008.52145170  49.47293248  008.52143285 102
111  49.47294173  008.52121433 102
111  49.47294284  008.52118932
111  49.47294910  008.52097167 102
111  49.47295725  008.52076559
112  49.47295725  008.52076559  49.47296050  008.52049324 102
111  49.47281525  008.52042341 102
111  49.47269094  008.52037687
112  49.47269094  008.52037687  49.47260787  008.52033023 102
111  49.47261493  008.52030049
111  49.47261113  008.52029933
111  49.47260258  008.52054468
111  49.47260609  008.52054411 102
111  49.47276651  008.52056374 102
112  49.47286497  008.52075639  49.47286467  008.52092660
111  49.47286497  008.52075639 102
111  49.47284858  008.52128737
112  49.47284858  008.52128737  49.47284579  008.52135960 102
112  49.47269122  008.52140007  49.47256342  008.52138362
111  49.47269122  008.52140007
112  49.47269122  008.52140007  49.47266528  008.52139799 102
112  49.47255884  008.52116527  49.47256633  008.52098520
113  49.47255884  008.52116527
110 1 0.00 93.0000 main taxiway
111  49.47286759  008.50635399
111  49.47286412  008.50637405 102
111  49.47238024  008.50766075 102
112  49.47236226  008.50785670  49.47236181  008.50800386
111  49.47236226  008.50785670 102
111  49.47228154  008.51034046
111  49.47195100  008.51031428
111  49.47194450  008.51050761
111  49.47227209  008.51052849 102
111  49.47205862  008.51683050
112  49.47202059  008.51686390  49.47199299  008.51686606
111  49.47202059  008.51686390
111  49.47178362  008.51687679
111  49.47178374  008.51698204
111  49.47202151  008.51697934
112  49.47202151  008.51697934  49.47204989  008.51698493
111  49.47205056  008.51701302 102
111  49.47192530  008.52069804
112  49.47192530  008.52069804  49.47194564  008.52089202 102
111  49.47209255  008.52114077
112  49.47209255  008.52114077  49.47223064  008.52134458 102
112  49.47252923  008.52154677  49.47280147  008.52157512
111  49.47252923  008.52154677
111  49.47255521  008.52116524 102
111  49.47257074  008.52075515
111  49.47257117  008.52074617
111  49.47238257  008.52072997
111  49.47238260  008.52075751 102
111  49.47237519  008.52109587 102
112  49.47234430  008.52125380  49.47231119  008.52126800
111  49.47234430  008.52125380
112  49.47234430  008.52125380  49.47228621  008.52127638 102
111  49.47215280  008.52102923 102
112  49.47201751  008.52062484  49.47201494  008.52046753
111  49.47201751  008.52062484
112  49.47201751  008.52062484  49.47200841  008.52045180 102
111  49.47222579  008.51444054
112  49.47222579  008.51444054  49.47225166  008.51427573 102
111  49.47237578  008.51428293 102
111  49.47248538  008.51429618
112  49.47248538  008.51429618  49.47256256  008.51432676 102
111  49.47258858  008.51444356
111  49.47258950  008.51444356
111  49.47260333  008.51404070
111  49.47260206  008.51404106 102
112  49.47250539  008.51415059  49.47245488  008.51415284
111  49.47250539  008.51415059 102
111  49.47237763  008.51414133 102
112  49.47224318  008.51395764  49.47223263  008.51378108
111  49.47224318  008.51395764 102
111  49.47238052  008.50991990
112  49.47238052  008.50991990  49.47238453  008.50979366 102
111  49.47243379  008.50973137 102
111  49.47255860  008.50962628
112  49.47255860  008.50962628  49.47269466  008.50953291 102
112  49.47274876  008.50976931  49.47275060  008.50980758
111  49.47274876  008.50976931
111  49.47274976  008.50978161
111  49.47276640  008.50930989 102
111  49.47245571  008.50955817 102
112  49.47239729  008.50949242  49.47239689  008.50938988
111  49.47239729  008.50949242 102
111  49.47244544  008.50787689 102
112  49.47246197  008.50771724  49.47248037  008.50765957
111  49.47246197  008.50771724 102
111  49.47272166  008.50702589
112  49.47272166  008.50702589  49.47280715  008.50687775 102
111  49.47284108  008.50708474
113  49.47284296  008.50709103
110 3 0.00 3.0000 New Taxiway 2
111  49.47294284  008.52118932
111  49.47533190  008.52139582
111  49.47533787  008.52118787
111  49.47494100  008.52115195
113  49.47294910  008.52097167
110 1 0.00 0.0000 New Taxiway 1
111  49.47623573  008.52141784
111  49.47639667  008.52142748
111  49.47639714  008.52139541
113  49.47623666  008.52138516
110 2 0.00 6.0000 New Taxiway 25
111  49.47670083  008.52036102
111  49.47669341  008.52054069
111  49.47690579  008.52056711
113  49.47691388  008.52040075
110 1 0.00 93.0000 09 circle pad
111  49.47310175  008.50611028
111  49.47310182  008.50610966 20 102
111  49.47330672  008.50551753
112  49.47330672  008.50551753  49.47334212  008.50526667 20 102
112  49.47301539  008.50528397  49.47288167  008.50549302
111  49.47301539  008.50528397 20 102
111  49.47289815  008.50555371 20 102
111  49.47287705  008.50609149
113  49.47287704  008.50609186
110 2 0.00 10.0000 auto parking lot
111  49.47741477  008.52031211
111  49.47716510  008.52028396
111  49.47709985  008.52059679
111  49.47690579  008.52056711
111  49.47669341  008.52054069
111  49.47669892  008.52039969
111  49.47663270  008.52040015
111  49.47654465  008.52040023
111  49.47644226  008.52039485
111  49.47638624  008.52198235
111  49.47606242  008.52196056
111  49.47604896  008.52231991
111  49.47595018  008.52281208
111  49.47604708  008.52285156
111  49.47599317  008.52315125
111  49.47593459  008.52352237
111  49.47630683  008.52366578
111  49.47673475  008.52321176
111  49.47691042  008.52301530
111  49.47704932  008.52277251
111  49.47711965  008.52253310
111  49.47714741  008.52215504
111  49.47719493  008.52151656
113  49.47725910  008.52097685
110 2 0.00 0.0000 New Taxiway 48
111  49.47646657  008.51978062
111  49.47646681  008.51974221
111  49.47641293  008.51973899
111  49.47640980  008.51991321
111  49.47652910  008.51992443
113  49.47653369  008.51978381
110 3 0.00 0.0000 grass parking
111  49.47520820  008.52016928
111  49.47494788  008.52017994
111  49.47494100  008.52115195
111  49.47533787  008.52118787
111  49.47536817  008.52029435
111  49.47527203  008.52009318
113  49.47520715  008.52010753
110 2 0.25 0.0000 lib/airport/pavement/concrete_6L.pol
111  49.47657172  008.51949345
111  49.47657161  008.51959454
111  49.47676030  008.51959313
113  49.47676298  008.51949051
110 2 0.25 0.0000 lib/airport/pavement/concrete_6L.pol
111  49.47654702  008.51909765
111  49.47654691  008.51919874
111  49.47673664  008.51919733
113  49.47673933  008.51909472
110 2 0.25 0.0000 lib/airport/pavement/concrete_6L.pol
111  49.47605447  008.51962809
111  49.47605438  008.51972918
111  49.47621651  008.51972776
113  49.47621881  008.51962515
110 2 0.25 0.0000 lib/airport/pavement/concrete_6L.pol
111  49.47606019  008.51927138
111  49.47606010  008.51937247
111  49.47621309  008.51937106
113  49.47621526  008.51926845
110 2 0.25 0.0000 lib/airport/pavement/concrete_6L.pol
111  49.47607021  008.51890147
111  49.47607011  008.51900256
111  49.47622653  008.51900115
113  49.47622875  008.51889853
110 1 0.25 90.0000 lib/airport/pavement/asphalt_3L.pol
111  49.47440111  008.52227001
111  49.47439345  008.52261190
111  49.47444595  008.52261012
112  49.47447476  008.52226316  49.47451755  008.52211538
111  49.47447476  008.52226316
114  49.47447476  008.52226316  49.47445859  008.52227094
110 1 0.25 0.0000 lib/airport/pavement/asphalt_1D.pol
111  49.47372096  008.50891288
111  49.47372311  008.50903872
111  49.47406956  008.50904866
113  49.47407171  008.50891951
110 1 0.25 0.0000 lib/airport/pavement/asphalt_1D.pol
111  49.47267432  008.52071256
111  49.47266936  008.52086417
111  49.47276755  008.52087177
113  49.47277250  008.52072016
130 Airport Boundary 1
111  49.47348929  008.50428811
111  49.47336628  008.50419115
111  49.47271294  008.50566290
111  49.47188676  008.50779922
111  49.47173502  008.50881314
111  49.47206174  008.50878811
111  49.47199970  008.51038341
111  49.47178065  008.51680602
111  49.47163022  008.52140745
111  49.47192335  008.52160114
111  49.47339074  008.52242581
111  49.47450859  008.52297607
111  49.47546444  008.52335369
111  49.47630729  008.52367220
111  49.47673789  008.52321839
111  49.47691449  008.52302130
111  49.47705279  008.52277738
111  49.47712509  008.52253511
111  49.47715281  008.52215591
111  49.47719916  008.52152033
111  49.47726536  008.52098065
111  49.47745394  008.52014576
111  49.47753331  008.51872116
111  49.47756202  008.51715194
111  49.47693000  008.51707079
111  49.47686465  008.51688469
111  49.47521336  008.51671447
111  49.47528421  008.51394388
111  49.47643314  008.51402578
111  49.47646145  008.51341950
111  49.47530628  008.51333431
111  49.47534671  008.51202374
111  49.47542478  008.50981419
111  49.47412834  008.50959880
111  49.47419752  008.50813826
111  49.47398598  008.50820875
111  49.47359348  008.50831313
111  49.47363202  008.50708232
111  49.47362144  008.50697459
111  49.47367351  008.50549175
111  49.47369660  008.50483047
111  49.47370591  008.50453411
113  49.47348305  008.50451649
120 Linear Feature 3
112  49.47601369  008.51891231  49.47600677  008.51907216 30
115  49.47599847  008.51975099
120 Linear Feature 16
111  49.47625307  008.52074662 30
111  49.47623977  008.52074662 30
111  49.47625135  008.52030428 30
112  49.47624051  008.52028950  49.47622943  008.52028912 30
111  49.47599570  008.52027699 30
111  49.47596270  008.52153841 30
111  49.47620702  008.52155319 30
112  49.47621958  008.52153727  49.47622007  008.52152325 30
111  49.47622475  008.52132426 30
115  49.47623682  008.52132501
120 Linear Feature 1
112  49.47585036  008.52065731  49.47585507  008.52051321 24
112  49.47602253  008.52053284  49.47613674  008.52060362
111  49.47602253  008.52053284 24
111  49.47609854  008.52058315
112  49.47609854  008.52058315  49.47615232  008.52064443 24
112  49.47616763  008.52069890  49.47616578  008.52076447
111  49.47616763  008.52069890 24
115  49.47616209  008.52086979
120 Linear Feature 2
111  49.47585712  008.52041837 24
111  49.47586214  008.52024042 24
111  49.47587618  008.51974871 24
111  49.47588238  008.51949580 1
111  49.47589544  008.51897906 1
111  49.47590296  008.51869523
112  49.47590296  008.51869523  49.47590848  008.51856612 1
111  49.47591291  008.51832289
112  49.47591291  008.51832289  49.47591843  008.51819378 1
112  49.47603311  008.51817027  49.47607169  008.51817404
111  49.47603311  008.51817027 1
115  49.47694027  008.51824271
120 Linear Feature 13
112  49.47582336  008.52161874  49.47582827  008.52154593 24
112  49.47591610  008.52146997  49.47597228  008.52147231
111  49.47591610  008.52146997 24
111  49.47605488  008.52147823
112  49.47605488  008.52147823  49.47614766  008.52148181 24
111  49.47615088  008.52130268 24
115  49.47615601  008.52114636
120 Linear Feature 14
112  49.47583473  008.52120793  49.47584057  008.52106953 24
112  49.47594004  008.52100414  49.47598897  008.52100543
111  49.47594004  008.52100414 24
115  49.47618611  008.52101768
120 Linear Feature 1
111  49.47270455  008.52081262 1
115  49.47268008  008.52084837
120 Linear Feature 1
111  49.47270662  008.52081587 1
115  49.47268214  008.52085163
120 Linear Feature 1
111  49.47270625  008.52081412 1
115  49.47268116  008.52085076
120 Linear Feature 1
111  49.47270563  008.52081325 1
115  49.47268064  008.52085012
120 Linear Feature 20
111  49.47276085  008.52073822 24
111  49.47276039  008.52075045 24
111  49.47275877  008.52075188 24
111  49.47275917  008.52073688 24
111  49.47275755  008.52073599 24
111  49.47275726  008.52075197 24
111  49.47275558  008.52075174 24
111  49.47275582  008.52073670 24
111  49.47275417  008.52073733 24
111  49.47275424  008.52075010 24
111  49.47275250  008.52074911 24
115  49.47275285  008.52073837
120 Linear Feature 20
111  49.47273394  008.52073690 24
111  49.47273358  008.52074858 24
111  49.47273196  008.52074944 24
111  49.47273236  008.52073501 24
111  49.47273074  008.52073488 24
111  49.47273045  008.52075029 24
111  49.47272877  008.52074977 24
111  49.47272919  008.52073516 24
111  49.47272744  008.52073578 24
111  49.47272743  008.52074822 24
111  49.47272569  008.52074724 24
115  49.47272593  008.52073694
120 Linear Feature 18
112  49.47273563  008.52074252  49.47273571  008.52073686 24
112  49.47273003  008.52073365  49.47272644  008.52073339 24
112  49.47272450  008.52074190  49.47272425  008.52074653 24
114  49.47273010  008.52075078  49.47273353  008.52075103 24
120 Linear Feature 18
112  49.47276249  008.52074452  49.47276258  008.52073886 24
112  49.47275664  008.52073500  49.47275305  008.52073475 24
112  49.47275066  008.52074372  49.47275040  008.52074835 24
114  49.47275651  008.52075324  49.47275993  008.52075349 24
120 Linear Feature 15
111  49.47276249  008.52074452 24
115  49.47272450  008.52074190
120 Linear Feature 14
111  49.47269444  008.52076794 24
115  49.47271635  008.52076911
120 Linear Feature 13
111  49.47269415  008.52075017 24
115  49.47271731  008.52075162
120 Linear Feature 12
111  49.47268616  008.52073386 24
111  49.47270613  008.52073502 24
115  49.47270523  008.52077950
120 Linear Feature 3
111  49.47277155  008.52072159 24
111  49.47276652  008.52087021 24
111  49.47267048  008.52086279 24
113  49.47267519  008.52071417 24
120 Linear Feature 8
111  49.47327300  008.52154275 1
115  49.47256760  008.52148418
120 Linear Feature 7
111  49.47390359  008.52159613 1
115  49.47332963  008.52154751
120 main taxi line
111  49.47288659  008.50647431 1
111  49.47268493  008.50699241 1
111  49.47245941  008.50756894 1
112  49.47241594  008.50774114  49.47241350  008.50780512
111  49.47241594  008.50774114 1
111  49.47234232  008.50983898 1
111  49.47218160  008.51444182 1
111  49.47197267  008.52061531
112  49.47197267  008.52061531  49.47196928  008.52080792 1
111  49.47211396  008.52106745
112  49.47211396  008.52106745  49.47218300  008.52118335 1
112  49.47249215  008.52147733  49.47266337  008.52149187
111  49.47249215  008.52147733 1
115  49.47256760  008.52148418
120 main taxi line
111  49.47573394  008.52175290 1
112  49.47582103  008.52191581  49.47582457  008.52206890
111  49.47582103  008.52191581 1
115  49.47582109  008.52213208
120 tank taxi 3
112  49.47469769  008.52166327  49.47459170  008.52165877 1
115  49.47459894  008.52184113
120 tank taxi 2
112  49.47412065  008.52161453  49.47402126  008.52160708 1
116  49.47399769  008.52179092  49.47399830  008.52187762
120 tank taxi 1
112  49.47390359  008.52159613  49.47399983  008.52160425 1
111  49.47399769  008.52179092 1
111  49.47399762  008.52197276
112  49.47399762  008.52197276  49.47401470  008.52212918 1
112  49.47416135  008.52216581  49.47421352  008.52217016
111  49.47416135  008.52216581 1
111  49.47440396  008.52218531
112  49.47440396  008.52218531  49.47455029  008.52220624 1
112  49.47459186  008.52195127  49.47460611  008.52186857
111  49.47459186  008.52195127
112  49.47459186  008.52195127  49.47459963  008.52189248 1
116  49.47451523  008.52164780  49.47441032  008.52163060
120 Linear Feature 1
111  49.47603304  008.51967545 1
115  49.47617558  008.51967984
120 Linear Feature 1
111  49.47604091  008.51932086 1
115  49.47618095  008.51932417
120 Linear Feature 1
111  49.47604841  008.51895227 1
115  49.47619385  008.51895526
120 Linear Feature 1
111  49.47605212  008.51859945 1
115  49.47623126  008.51860552
120 Linear Feature 20
111  49.47715253  008.51919663 1
115  49.47706048  008.51918732
120 Linear Feature 12
112  49.47586214  008.52024042  49.47586660  008.52014354 1
112  49.47594434  008.52008514  49.47600907  008.52008606
111  49.47594434  008.52008514 1
115  49.47673828  008.52013293
120 Linear Feature 10
112  49.47595100  008.51967413  49.47585930  008.51968093 1
112  49.47595193  008.51932008  49.47604443  008.51931260
111  49.47595193  008.51932008
112  49.47595193  008.51932008  49.47603352  008.51931998 1
112  49.47603352  008.51931998  49.47611511  008.51931989
111  49.47603352  008.51931998
112  49.47603352  008.51931998  49.47612577  008.51932308 1
112  49.47603304  008.51967545  49.47593894  008.51967176
111  49.47603304  008.51967545
112  49.47603304  008.51967545  49.47595100  008.51967413 1
115  49.47595100  008.51967413
120 Linear Feature 10
112  49.47594434  008.52008514  49.47584848  008.52008462 1
112  49.47594352  008.51967520  49.47603771  008.51966648
111  49.47594352  008.51967520
112  49.47594352  008.51967520  49.47602660  008.51967508 1
112  49.47602660  008.51967508  49.47610968  008.51967497
111  49.47602660  008.51967508
112  49.47602660  008.51967508  49.47612054  008.51967869 1
112  49.47602611  008.52008934  49.47593140  008.52008229
111  49.47602611  008.52008934
112  49.47602611  008.52008934  49.47594257  008.52008780 1
115  49.47594434  008.52008514
120 Linear Feature 10
112  49.47595978  008.51931948  49.47586908  008.51932654 1
112  49.47596070  008.51895181  49.47605218  008.51894404
111  49.47596070  008.51895181
112  49.47596070  008.51895181  49.47604139  008.51895171 1
112  49.47604139  008.51895171  49.47612208  008.51895161
111  49.47604139  008.51895171
112  49.47604139  008.51895171  49.47613263  008.51895493 1
112  49.47604091  008.51932086  49.47594849  008.51931911
111  49.47604091  008.51932086
112  49.47604091  008.51932086  49.47595978  008.51931948 1
115  49.47595978  008.51931948
120 Linear Feature 10
112  49.47596768  008.51895096  49.47588008  008.51894953 1
112  49.47596859  008.51859917  49.47605962  008.51860110
111  49.47596859  008.51859917
112  49.47596859  008.51859917  49.47604889  008.51859908 1
112  49.47604889  008.51859907  49.47612918  008.51859898
111  49.47604889  008.51859907
112  49.47604889  008.51859907  49.47613968  008.51860215 1
112  49.47604841  008.51895227  49.47595644  008.51895060
111  49.47604841  008.51895227
112  49.47604841  008.51895227  49.47596768  008.51895096 1
115  49.47596768  008.51895096
120 Linear Feature 9
111  49.47540603  008.52037768 1
116  49.47537783  008.52020245  49.47534672  008.52015298
120 Linear Feature 8
111  49.47540548  008.51754622 1
111  49.47532464  008.52002226
112  49.47532464  008.52002226  49.47532365  008.52012162 1
112  49.47537783  008.52020245  49.47538490  008.52021515 1
116  49.47548244  008.52028247  49.47553995  008.52028572
120 Linear Feature 4
112  49.47591291  008.51832289  49.47588523  008.51810551 1
116  49.47583800  008.51798003  49.47584957  008.51772809
120 Linear Feature 3
111  49.47586866  008.51699064 1
115  49.47583800  008.51798003
120 Linear Feature 2
111  49.47276011  008.52055857 5
115  49.47278022  008.52041408
120 Linear Feature 1
111  49.47325987  008.52161378 4 103
115  49.47326494  008.52147483
120 Linear Feature 11
111  49.47215453  008.52103605 4
115  49.47208814  008.52112559
120 Linear Feature 8
111  49.47252670  008.50950479 5
115  49.47254560  008.50963440
120 Linear Feature 10
111  49.47237839  008.51414601 5
115  49.47237479  008.51427748
120 Linear Feature 6
111  49.47250061  008.50733707 5
115  49.47257843  008.50740930
120 Linear Feature 22
111  49.47561289  008.52022205 6
115  49.47558035  008.52145422
120 Linear Feature 2
111  49.47463261  008.52188173 2
115  49.47453875  008.52187278
120 Linear Feature 7
111  49.47584833  008.52276740 1
111  49.47561274  008.52266633 1
115  49.47555901  008.52296160
120 Linear Feature 5
111  49.47552358  008.52222505 1
115  49.47550405  008.52222391
120 Linear Feature 9
112  49.47573394  008.52175290  49.47582510  008.52174324 24
112  49.47582336  008.52161874  49.47582420  008.52159428
111  49.47582336  008.52161874 24
111  49.47582827  008.52147193 24
111  49.47583473  008.52120793 24
111  49.47584317  008.52092522 24
111  49.47585036  008.52065731 24
111  49.47585712  008.52041837
112  49.47585712  008.52041837  49.47585832  008.52031188 1
111  49.47579754  008.52030511 1
111  49.47548244  008.52028247
112  49.47548244  008.52028247  49.47541393  008.52027879 1
111  49.47540603  008.52037768 1
111  49.47539976  008.52062486 1
111  49.47539259  008.52089683 1
111  49.47538392  008.52117998 1
111  49.47537625  008.52145991 1
111  49.47537136  008.52164732 1
116  49.47543155  008.52172706  49.47548446  008.52173344
120 Linear Feature 10
112  49.47528871  008.52171473  49.47535759  008.52172500 1
115  49.47537136  008.52164732
120 Linear Feature 11
112  49.47537625  008.52145991  49.47537994  008.52137287 1
111  49.47541632  008.52137497 1
111  49.47577833  008.52140387 1
116  49.47582827  008.52147193  49.47582668  008.52154412
120 Linear Feature 11
112  49.47538392  008.52117998  49.47538761  008.52109465 1
111  49.47542802  008.52110009 1
111  49.47578499  008.52112862 1
116  49.47583473  008.52120793  49.47583276  008.52128830
120 Linear Feature 11
112  49.47539259  008.52089683  49.47539628  008.52081751 1
111  49.47543586  008.52082269 1
111  49.47579349  008.52085327 1
116  49.47584317  008.52092522  49.47584158  008.52099623
120 Linear Feature 11
112  49.47539976  008.52062486  49.47540234  008.52054211 1
111  49.47544376  008.52054780 1
111  49.47580069  008.52057659 1
116  49.47585036  008.52065731  49.47584876  008.52073886
120 Linear Feature 21
111  49.47711039  008.52000423 1
115  49.47702468  008.51999488
120 Linear Feature 9
112  49.47218160  008.51444182  49.47218789  008.51432557 1
112  49.47229399  008.51420382  49.47235672  008.51420669
111  49.47229399  008.51420382 1
111  49.47258845  008.51423700
112  49.47258845  008.51423700  49.47267633  008.51424154 1
116  49.47270450  008.51445367  49.47270134  008.51457207
120 Linear Feature 5
112  49.47268493  008.50699241  49.47285343  008.50665200 1
116  49.47295923  008.50706828  49.47296660  008.50719932
120 Linear Feature 7
112  49.47234232  008.50983898  49.47234631  008.50972264 1
112  49.47246544  008.50962793  49.47255455  008.50955788
111  49.47246544  008.50962793 1
111  49.47259974  008.50952326
112  49.47259974  008.50952326  49.47264902  008.50948050 1
116  49.47285694  008.50975409  49.47284238  008.51007932
120 Linear Feature 3
112  49.47256760  008.52148418  49.47250763  008.52147278 1
112  49.47246686  008.52136076  49.47246636  008.52130563
111  49.47246686  008.52136076 1
115  49.47246697  008.52121436
120 Linear Feature 3
111  49.47546243  008.52172961 1
112  49.47552297  008.52183618  49.47552452  008.52192839
111  49.47552297  008.52183618 1
115  49.47551350  008.52222442
120 Linear Feature 4
112  49.47560328  008.52174115  49.47556188  008.52173710 1
116  49.47552297  008.52183618  49.47552471  008.52187596
120 Linear Feature 8
111  49.47564565  008.52245876 1
115  49.47562802  008.52254545
120 Linear Feature 8
111  49.47575140  008.52250879 1
115  49.47573464  008.52259396
120 Linear Feature 8
111  49.47585909  008.52256007 1
115  49.47584157  008.52264600
120 Linear Feature 5
111  49.47563710  008.52254888 1
115  49.47561816  008.52254045
120 Linear Feature 5
111  49.47574302  008.52259838 1
115  49.47572629  008.52259027
120 Linear Feature 5
111  49.47584988  008.52265042 1
115  49.47583358  008.52264199
120 Linear Feature 12
111  49.47553417  008.52139989 1
115  49.47553558  008.52136643
120 Linear Feature 12
111  49.47554227  008.52112790 1
115  49.47554368  008.52109445
120 Linear Feature 12
111  49.47554542  008.52084838 1
115  49.47554682  008.52081493
120 Linear Feature 12
111  49.47556334  008.52030448 1
115  49.47556475  008.52027103
120 Linear Feature 12
111  49.47555374  008.52057345 1
115  49.47555515  008.52054000
120 27 end taxi 2
112  49.47306606  008.52152528  49.47289817  008.52149610 1
115  49.47289502  008.52129394
120 27 end taxi 1
112  49.47276063  008.52149944  49.47286625  008.52150912 1
112  49.47289502  008.52129394  49.47289132  008.52120846
111  49.47289502  008.52129394 1
111  49.47290875  008.52074504
112  49.47290875  008.52074504  49.47291299  008.52053226 1
111  49.47277595  008.52048756 1
111  49.47257989  008.52042633 1
116  49.47250218  008.52024196  49.47250909  008.52005937
120 09 circle pad hold
111  49.47314151  008.50531011 1
115  49.47314189  008.50524472
120 09 circle pad line
111  49.47300535  008.50616283 1
111  49.47302911  008.50609867 1
111  49.47318637  008.50569903 1
112  49.47324557  008.50545544  49.47324231  008.50534726
111  49.47324557  008.50545544
112  49.47324557  008.50545544  49.47324543  008.50527331 1
115  49.47314103  008.50527901
120 white cross 1
111  49.47592054  008.52174906 1
115  49.47594963  008.52179086
120 white cross 2
111  49.47595115  008.52175458 1
115  49.47591931  008.52178834
120 09 displaced line
111  49.47300085  008.50577720 20
115  49.47300865  008.50551075
120 09 displaced arrow
111  49.47301611  008.50577618 20
111  49.47299603  008.50592119 20
115  49.47298600  008.50577532
120 Linear Feature 2
111  49.47611845  008.51878567 1
112  49.47609747  008.51988759  49.47608716  008.52069120
111  49.47609747  008.51988759
112  49.47609747  008.51988759  49.47608487  008.52010824 1
115  49.47613379  008.52009676
120 Linear Feature 7
111  49.47657823  008.51837824 1
115  49.47657725  008.51851855
120 Linear Feature 9
111  49.47573394  008.52175290 1
111  49.47560328  008.52174115 1
111  49.47546243  008.52172961 1
111  49.47543155  008.52172706 1
111  49.47528871  008.52171473 1
111  49.47469769  008.52166327 1
111  49.47451523  008.52164780 1
111  49.47412065  008.52161453 1
115  49.47390359  008.52159613
120 Linear Feature 44
111  49.47622209  008.52273415 24
111  49.47621243  008.52273381 24
115  49.47622077  008.52274191
120 Linear Feature 43
111  49.47623678  008.52274562 24
115  49.47622055  008.52273752
120 Linear Feature 42
111  49.47621507  008.52277972 24
111  49.47622143  008.52278647 24
115  49.47621397  008.52278681
120 Linear Feature 41
111  49.47619633  008.52277478 24
115  49.47621491  008.52278353
120 Linear Feature 39
111  49.47611440  008.52254397 23
115  49.47611345  008.52259453
120 Linear Feature 38
111  49.47622653  008.52277342 24
115  49.47621965  008.52280943
120 Linear Feature 37
111  49.47618210  008.52269777 24
115  49.47627352  008.52274397
120 Linear Feature 36
111  49.47614253  008.52253747 24
116  49.47615026  008.52265717  49.47618210  008.52271947
21  49.47315809  008.50941241 2 93.0000 4.00 09  PAPI-4L
21  49.47290317  008.51692863 3 273.0000 4.00 27  PAPI-4R
21  49.47233461  008.51687852 2 273.0000 4.00 27  PAPI-4L
20  49.47543390  008.52184150 183.4600 0 2 {@L}A
20  49.47250912  008.50695970 122.3200 0 2 {@L}A
20  49.47216335  008.50992812 93.3700 0 2 {@L}A
20  49.47274693  008.50731924 274.6200 0 2 {@Y}{^l}D
20  49.47265578  008.50980895 274.6200 0 2 {@Y}{^l}C
20  49.47250898  008.51450134 274.6200 0 2 {@Y}{^l}B
20  49.47200564  008.51454877 93.3700 0 2 {@L}A
20  49.47270323  008.52170845 3.1900 0 2 {@L}A
20  49.47521995  008.52160307 183.4600 0 2 {@L}A
20  49.47530491  008.52114026 184.0300 0 2 {@L}G
20  49.47512246  008.52032460 180.0000 0 1 {@B}5
20  49.47512407  008.52051701 180.0000 0 1 {@B}4
20  49.47512482  008.52072307 180.0000 0 1 {@B}3
20  49.47512304  008.52090974 180.0000 0 1 {@B}2
20  49.47512567  008.52109519 180.0000 0 1 {@B}1
20  49.47224217  008.52075722 222.1600 0 3 {@Y}TORA_1120
14  49.47639752  008.52069752  82.02 0 Tower Viewpoint 1
1300  49.47553515  008.52138395 180.94 tie_down jets|turboprops|props|helos Business 1
1301 B general_aviation 
1300  49.47554284  008.52111010 180.60 tie_down jets|turboprops|props|helos Business 2
1301 B general_aviation 
1300  49.47554629  008.52083126 179.85 tie_down jets|turboprops|props|helos Business 3
1301 B general_aviation 
1300  49.47555423  008.52055831 179.85 tie_down jets|turboprops|props|helos Business 4
1301 B general_aviation 
1300  49.47556516  008.52028785 180.94 tie_down jets|turboprops|props|helos Business 5
1301 B general_aviation 
1300  49.47564469  008.52246764 285.01 tie_down heavy|props GA 1
1301 A none 
1300  49.47575044  008.52251395 286.22 tie_down props GA 2
1301 A none 
1300  49.47585798  008.52256626 -73.46 tie_down props GA 3
1301 A none 
1300  49.47610299  008.51967351 182.10 hangar props|helos Hangar 1
1301 A none 
1300  49.47611469  008.51895088 182.51 hangar props|helos Hangar 2
1301 A none 
1300  49.47704054  008.51918494 184.26 hangar heavy|jets|turboprops Hangar 3
1301 B none 
1300  49.47541050  008.51762986  93.03 tie_down props Hangar 10 South
1301 A general_aviation 
1300  49.47584727  008.51769268  93.03 tie_down props Hangar 10 North
1301 A general_aviation 
1300  49.47529041  008.51993717  14.38 tie_down turboprops Hangar 4
1301 B cargo 
1300  49.47616218  008.52087924  92.58 tie_down jets|turboprops|props Airline 1
1301 B airline 
1300  49.47615526  008.52116083 270.00 tie_down jets|turboprops|props Airline 2
1301 B airline 
1300  49.47514383  008.52106513 182.00 tie_down props Grass 1
1301 A general_aviation 
1300  49.47514477  008.52087714 182.00 tie_down props Grass 2
1301 A general_aviation 
1300  49.47514663  008.52068915 182.00 tie_down props Grass 3
1301 A general_aviation 
1300  49.47514942  008.52048773 182.00 tie_down props Grass 4
1301 A general_aviation 
1300  49.47514942  008.52028631 182.00 tie_down props Grass 5
1301 A general_aviation 
1300  49.47358604  008.52193551 -88.32 tie_down helos Heli 1
1301 B general_aviation 
19  49.47227827  008.52043799 0 Windsock
1050 136550 MANNHEIM ATIS
1054 122500 MANNHEIM INFO
1054 129775 MANNHEIM TWR
99
