I
1130 Generated by WorldEditor 2.0.0r4

1    354 0 0 EDIE [X] Heidelberg AAF
100 29.87 1 0 0.00 0 0 0 08  49.39263060  008.64479893    0    0 0 0 0 0 26  49.39427220  008.65913813    0    0 0 0 0 0
110 1 0.00 0.0000 New Taxiway 23
111  49.39450061  008.65680446
112  49.39412322  008.65707934  49.39404445  008.65713772
112  49.39363569  008.65747628  49.39358899  008.65751319
111  49.39354228  008.65756649
111  49.39355829  008.65766286
112  49.39408140  008.65721179  49.39422285  008.65710313
113  49.39453148  008.65689219
110 2 0.00 0.0000 New Taxiway 24
111  49.39449828  008.65680676
112  49.39440097  008.65684236  49.39437472  008.65684710
112  49.39434846  008.65684710  49.39433379  008.65685303
112  49.39423494  008.65695389  49.39421486  008.65697287
112  49.39419015  008.65698711  49.39418397  008.65699186
112  49.39417007  008.65700372  49.39415848  008.65701440
112  49.39391106  008.65720261  49.39390661  008.65720944
112  49.39386102  008.65724362  49.39384100  008.65725045
112  49.39379652  008.65729487  49.39378985  008.65730342
112  49.39374981  008.65734271  49.39373647  008.65735467
112  49.39371534  008.65736834  49.39370199  008.65737859
112  49.39367197  008.65741106  49.39366307  008.65742131
112  49.39363638  008.65743839  49.39362526  008.65744523
112  49.39360636  008.65746744  49.39360080  008.65747257
112  49.39358523  008.65749136  49.39358078  008.65749649
112  49.39355965  008.65751357  49.39355854  008.65752212
114  49.39355187  008.65755287  49.39355075  008.65756141
110 2 0.00 0.0000 New Taxiway 18
111  49.39276720  008.65326182
111  49.39270170  008.65305401
112  49.39263495  008.65298450  49.39258895  008.65297606
112  49.39236083  008.65294283  49.39231716  008.65294283
112  49.39216036  008.65295984  49.39213015  008.65296511
111  49.39212260  008.65296933
111  49.39221941  008.65320986
112  49.39224757  008.65335544  49.39225031  008.65341768
112  49.39222642  008.65348322  49.39221323  008.65349081
112  49.39220417  008.65345283  49.39219593  008.65343005
112  49.39205998  008.65310091  49.39204679  008.65306293
111  49.39203608  008.65300216
112  49.39200312  008.65301229  49.39199241  008.65301735
111  49.39197181  008.65303381
111  49.39215849  008.65351270
112  49.39215596  008.65356089  49.39213948  008.65357460
111  49.39211957  008.65359675
112  49.39217862  008.65371913  49.39219167  008.65374023
111  49.39219295  008.65374216
111  49.39218024  008.65375620
111  49.39220050  008.65379527
111  49.39216490  008.65382884
111  49.39215460  008.65381565
112  49.39208136  008.65389477  49.39206133  008.65390268
111  49.39204000  008.65391631
111  49.39179180  008.65415990
112  49.39177687  008.65424809  49.39180071  008.65430181
111  49.39182516  008.65434297
111  49.39243289  008.65381261
113  49.39236272  008.65363724
110 3 0.00 0.0000 New Taxiway 3
111  49.39204673  008.65355845
112  49.39198904  008.65353208  49.39196758  008.65355406
112  49.39197521  008.65364050  49.39198331  008.65367860
112  49.39200096  008.65373281  49.39201336  008.65375259
112  49.39204960  008.65377603  49.39206676  008.65377310
112  49.39209251  008.65372036  49.39210348  008.65368886
114  49.39208583  008.65364636  49.39207725  008.65362658
110 1 0.00 0.0000 Asphalt
111  49.39316112  008.65050617
112  49.39315220  008.65093924  49.39313169  008.65114070
112  49.39309601  008.65154773  49.39309422  008.65154910
112  49.39302376  008.65159980  49.39297470  008.65161762
111  49.39282125  008.65165674
112  49.39276345  008.65155427  49.39275106  008.65144863
112  49.39275911  008.65140581  49.39276778  008.65138297
111  49.39277708  008.65136488
111  49.39275663  008.65122498
111  49.39264514  008.65126115
111  49.39266991  008.65141152
112  49.39270522  008.65146862  49.39271451  008.65151811
111  49.39272752  008.65161804
112  49.39269097  008.65170655  49.39264947  008.65171607
112  49.39257100  008.65162362  49.39255836  008.65151513
112  49.39255836  008.65145916  49.39257100  008.65144889
111  49.39257843  008.65144089
111  49.39255613  008.65129128
111  49.39245058  008.65132212
111  49.39247437  008.65147858
112  49.39251005  008.65152083  49.39251748  008.65157337
111  49.39252714  008.65165103
112  49.39246842  008.65178579  49.39241713  008.65180064
111  49.39235493  008.65175472
111  49.39232282  008.65155738
111  49.39223812  008.65103585
111  49.39200691  008.65116577
111  49.39202511  008.65134174
111  49.39193412  008.65136476
111  49.39191164  008.65129569
111  49.39182066  008.65132036
111  49.39182815  008.65149303
111  49.39169890  008.65154499
111  49.39166545  008.65130802
111  49.39163572  008.65133276
111  49.39193655  008.65368897
111  49.39049663  008.65486647
111  49.39079105  008.65567794
111  49.39058863  008.65631434
112  49.39050835  008.65638857  49.39044219  008.65639999
111  49.39018220  008.65645408
111  49.39019183  008.65674186
111  49.39029031  008.65672377
111  49.39029459  008.65668924
111  49.39071992  008.65657174
111  49.39071814  008.65660189
111  49.39117573  008.65647993
111  49.39117306  008.65644978
111  49.39373401  008.65576561
112  49.39375982  008.65576879  49.39377014  008.65577513
111  49.39378305  008.65581717
111  49.39400962  008.65577798
112  49.39403371  008.65573961  49.39405333  008.65573412
111  49.39483194  008.65552578
111  49.39480518  008.65524757
111  49.39436096  008.65534762
111  49.39428336  008.65538462
111  49.39401392  008.65546161
112  49.39396254  008.65543200  49.39394220  008.65540240
111  49.39370564  008.65520341
112  49.39365596  008.65526494  49.39360021  008.65522611
111  49.39268783  008.65453554
111  49.39267802  008.65446428
111  49.39277542  008.65445277
111  49.39277971  008.65420608
111  49.39282573  008.65416004
111  49.39290601  008.65431133
111  49.39299057  008.65422088
111  49.39292207  008.65407123
111  49.39306871  008.65394295
111  49.39313615  008.65411070
111  49.39324105  008.65401038
111  49.39317790  008.65383770
111  49.39311300  008.65353888
112  49.39311428  008.65325865  49.39313483  008.65307117
112  49.39323889  008.65169129  49.39325004  008.65160335
113  49.39330207  008.65168444
112  49.39153294  008.65613280  49.39148669  008.65614069
112  49.39143275  008.65609728  49.39141348  008.65604597
111  49.39144816  008.65597098
111  49.39223225  008.65523217
111  49.39230932  008.65539202
111  49.39233886  008.65536636
111  49.39240694  008.65549859
111  49.39263557  008.65529335
111  49.39257649  008.65512955
111  49.39259961  008.65509797
111  49.39254438  008.65492234
111  49.39256942  008.65488189
111  49.39267732  008.65480098
112  49.39358416  008.65546209  49.39367536  008.65552525
113  49.39358673  008.65559037
112  49.39127826  008.65613259  49.39130235  008.65619426
111  49.39126578  008.65620248
112  49.39081442  008.65628471  49.39074842  008.65629567
111  49.39077607  008.65621207
112  49.39091730  008.65573037  49.39093291  008.65568012
111  49.39096265  008.65562645
113  49.39104441  008.65555793
111  49.39297230  008.65312307
111  49.39282587  008.65324385
111  49.39273874  008.65294787
111  49.39274002  008.65284328
111  49.39277342  008.65281762
111  49.39275672  008.65262225
111  49.39259488  008.65266172
111  49.39258460  008.65270119
111  49.39241762  008.65275053
111  49.39238165  008.65258476
111  49.39222623  008.65262620
111  49.39219155  008.65233413
111  49.39234055  008.65225914
111  49.39235495  008.65238724
111  49.39258062  008.65231187
111  49.39255654  008.65218578
111  49.39253513  008.65214467
112  49.39250837  008.65202955  49.39249410  008.65194595
111  49.39254137  008.65189388
111  49.39262344  008.65185550
111  49.39268499  008.65192951
111  49.39270729  008.65210219
111  49.39268053  008.65214056
111  49.39269837  008.65229131
111  49.39278935  008.65225568
111  49.39276705  008.65212822
111  49.39274653  008.65211041
111  49.39271888  008.65194184
111  49.39275545  008.65181165
112  49.39305249  008.65172120  49.39309590  008.65171160
113  49.39308282  008.65178013
130 Airport Boundary 36
111  49.39281379  008.64406250
111  49.39278493  008.64397725
111  49.39276274  008.64394314
111  49.39232104  008.64432849
111  49.39231438  008.64438987
111  49.39251414  008.64610855
111  49.39296258  008.65019312
111  49.39163508  008.65136815
111  49.39193015  008.65368417
111  49.39048462  008.65486332
111  49.39077306  008.65568430
111  49.39056035  008.65628578
111  49.38992993  008.65641301
111  49.39000237  008.65689609
111  49.39362192  008.65595633
111  49.39379082  008.65717894
111  49.39377084  008.65723691
111  49.39357108  008.65738355
111  49.39362435  008.65771433
111  49.39376418  008.65755405
111  49.39380191  008.65757110
111  49.39382411  008.65771092
111  49.39407093  008.65984770
111  49.39411355  008.65988862
111  49.39413752  008.65988044
111  49.39457433  008.65956943
111  49.39460097  008.65953670
111  49.39459564  008.65943849
111  49.39427868  008.65720418
111  49.39429733  008.65709778
111  49.39439321  008.65703640
111  49.39436924  008.65681133
111  49.39470374  008.65662105
111  49.39462383  008.65573224
111  49.39485396  008.65566840
111  49.39480282  008.65506440
111  49.39428184  008.65517244
111  49.39419874  008.65532466
111  49.39411883  008.65533940
113  49.39409646  008.65532957
120 Linear Feature 25
111  49.39451552  008.65684812 22
112  49.39404628  008.65718534  49.39387792  008.65732100 22
115  49.39354986  008.65761242
120 Linear Feature 22
111  49.39183672  008.65267524 22
115  49.39172063  008.65183506
120 Linear Feature 21
111  49.39190538  008.65294443 25
115  49.39192624  008.65308281
120 Linear Feature 20
111  49.39188150  008.65276209 20
111  49.39190611  008.65290803 20
112  49.39194216  008.65296429  49.39197248  008.65295638 20
112  49.39201712  008.65292913  49.39202284  008.65292473 20
115  49.39202284  008.65292473
120 Linear Feature 19
111  49.39210268  008.65298256 20
112  49.39199187  008.65301445  49.39196980  008.65302929 20
112  49.39193392  008.65307762  49.39193006  008.65308652 20
112  49.39193061  008.65310772  49.39193475  008.65312468 20
112  49.39199311  008.65330455  49.39201302  008.65335413 20
112  49.39210503  008.65356723  49.39211670  008.65359043 20
115  49.39212082  008.65359676
120 Linear Feature 17
111  49.39165242  008.65411268 20
115  49.39161965  008.65414418
120 Linear Feature 17
111  49.39166621  008.65414341 20
115  49.39163344  008.65417492
120 Linear Feature 17
111  49.39167748  008.65417097 20
115  49.39164471  008.65420247
120 Linear Feature 17
111  49.39168745  008.65419688 20
115  49.39165468  008.65422838
120 Linear Feature 17
111  49.39169894  008.65422485 20
115  49.39166617  008.65425635
120 Linear Feature 17
111  49.39171025  008.65425164 20
115  49.39167748  008.65428314
120 Linear Feature 17
111  49.39173286  008.65430640 20
115  49.39170009  008.65433790
120 Linear Feature 17
111  49.39172117  008.65427932 20
115  49.39168840  008.65431082
120 Linear Feature 17
111  49.39174474  008.65433378 20
115  49.39171197  008.65436528
120 Linear Feature 16
111  49.39157014  008.65416916 20
111  49.39161306  008.65412740 20
115  49.39171285  008.65436948
120 Linear Feature 15
111  49.39180792  008.65405957 20
115  49.39183053  008.65411356
120 Linear Feature 15
111  49.39179164  008.65407398 20
115  49.39181425  008.65412798
120 Linear Feature 15
111  49.39177371  008.65409264 20
115  49.39179631  008.65414663
120 Linear Feature 15
111  49.39182172  008.65404473 20
115  49.39184433  008.65409872
120 Linear Feature 15
111  49.39184545  008.65402268 20
115  49.39186806  008.65407668
120 Linear Feature 15
111  49.39186749  008.65400090 20
115  49.39189010  008.65405489
120 Linear Feature 15
111  49.39188570  008.65398117 20
115  49.39190830  008.65403516
120 Linear Feature 15
111  49.39190677  008.65396292 20
115  49.39192938  008.65401691
120 Linear Feature 15
111  49.39192747  008.65394378 20
115  49.39195008  008.65399777
120 Linear Feature 15
111  49.39194587  008.65392553 20
115  49.39196847  008.65397952
120 Linear Feature 14
111  49.39177588  008.65416540 20
111  49.39175243  008.65410740 20
112  49.39175641  008.65420081  49.39176674  008.65423988 20
115  49.39177031  008.65424843
120 Linear Feature 13
111  49.39196510  008.65390516 20
111  49.39198735  008.65396072 20
111  49.39177618  008.65416613 20
112  49.39177045  008.65424818  49.39178762  008.65429361 20
115  49.39180479  008.65432731
120 Linear Feature 12
111  49.39198417  008.65388319 20
115  49.39198377  008.65392531
120 Linear Feature 11
111  49.39200523  008.65388502 20
115  49.39200443  008.65392714
120 Linear Feature 10
111  49.39194939  008.65389706 20
111  49.39197140  008.65387768 20
112  49.39199723  008.65387158  49.39201273  008.65387402 20
112  49.39202306  008.65389111  49.39202822  008.65390088 20
112  49.39201312  008.65393080  49.39200041  008.65393995 20
115  49.39199365  008.65393446
120 Linear Feature 9
111  49.39159874  008.65398277 20
115  49.39161861  008.65404230
120 Linear Feature 9
111  49.39168219  008.65391611 20
115  49.39170206  008.65397563
120 Linear Feature 9
111  49.39176611  008.65384944 20
115  49.39178598  008.65390896
120 Linear Feature 9
111  49.39184956  008.65378178 20
115  49.39186943  008.65384130
120 Linear Feature 9
111  49.39161927  008.65396598 20
115  49.39163914  008.65402551
120 Linear Feature 9
111  49.39170272  008.65389932 20
115  49.39172259  008.65395884
120 Linear Feature 9
111  49.39178664  008.65383265 20
115  49.39180651  008.65389218
120 Linear Feature 9
111  49.39187009  008.65376499 20
115  49.39188996  008.65382451
120 Linear Feature 9
111  49.39164080  008.65394971 20
115  49.39166067  008.65400923
120 Linear Feature 9
111  49.39172424  008.65388304 20
115  49.39174411  008.65394256
120 Linear Feature 9
111  49.39180817  008.65381637 20
115  49.39182803  008.65387590
120 Linear Feature 9
111  49.39189161  008.65374871 20
115  49.39191148  008.65380823
120 Linear Feature 9
111  49.39166133  008.65393241 20
115  49.39168120  008.65399193
120 Linear Feature 9
111  49.39174477  008.65386574 20
115  49.39176464  008.65392526
120 Linear Feature 9
111  49.39182870  008.65379908 20
115  49.39184857  008.65385860
120 Linear Feature 9
111  49.39191214  008.65373141 20
115  49.39193201  008.65379094
120 Linear Feature 8
111  49.39193228  008.65371545 20
115  49.39159625  008.65398441
120 Linear Feature 7
111  49.39202343  008.65349755 20
115  49.39201543  008.65352680
120 Linear Feature 7
111  49.39201184  008.65347847 20
115  49.39199970  008.65352256
120 Linear Feature 7
111  49.39200191  008.65345515 20
115  49.39196466  008.65358870
120 Linear Feature 7
111  49.39199611  008.65343141 20
115  49.39195886  008.65356496
120 Linear Feature 7
111  49.39198673  008.65341233 20
115  49.39195334  008.65352850
120 Linear Feature 7
111  49.39195307  008.65341488 20
115  49.39194313  008.65345303
120 Linear Feature 7
111  49.39197542  008.65339495 20
115  49.39194865  008.65349119
120 Linear Feature 4
111  49.39197961  008.65338749 20
115  49.39193829  008.65342473
120 Linear Feature 2
111  49.39194945  008.65330413 20
111  49.39192131  008.65332293 20
111  49.39196298  008.65359981 20
112  49.39199445  008.65373681  49.39200542  008.65375585 20
112  49.39205007  008.65378483  49.39207010  008.65378263 20
112  49.39210062  008.65372768  49.39210682  008.65370864 20
112  49.39209585  008.65365223  49.39208774  008.65363464 20
114  49.39197616  008.65337823  49.39195995  008.65333648 20
120 Linear Feature 1
111  49.39183683  008.65267480 20
111  49.39191473  008.65325913 20
111  49.39193023  008.65324386 20
116  49.39189725  008.65311444  49.39188930  008.65304667
120 Linear Feature 64
111  49.39354769  008.65313388 24
115  49.39356122  008.65324996
120 Linear Feature 65
111  49.39355421  008.65319227 24
115  49.39352404  008.65320100
120 Linear Feature 64
111  49.39351678  008.65314312 24
115  49.39352979  008.65325814
120 Linear Feature 63
111  49.39360370  008.65315383 24
115  49.39361055  008.65320642
120 Linear Feature 62
111  49.39361656  008.65325813 24
111  49.39361914  008.65327607 24
115  49.39360706  008.65328018
120 Linear Feature 61
111  49.39357148  008.65328966 24
115  49.39353464  008.65330113
120 Linear Feature 60
111  49.39348461  008.65330350 24
111  49.39348677  008.65331656 24
115  49.39349635  008.65331282
120 Linear Feature 59
111  49.39347009  008.65318870 24
115  49.39347787  008.65324767
120 Linear Feature 58
111  49.39346992  008.65311353 24
111  49.39346110  008.65311645 24
115  49.39346266  008.65312814
120 Linear Feature 57
111  49.39354691  008.65308993 24
115  49.39350646  008.65310242
120 Linear Feature 56
111  49.39359549  008.65309073 24
111  49.39359341  008.65307559 24
115  49.39358422  008.65307856
120 Linear Feature 54
111  49.39416467  008.65872249 10
115  49.39429289  008.65886525
120 Linear Feature 53
111  49.39427307  008.65870345 10
115  49.39418697  008.65890427
120 Linear Feature 52
111  49.39257253  008.64506372 10
115  49.39273830  008.64525330
120 Linear Feature 51
111  49.39271749  008.64502946 10
115  49.39260227  008.64528756
120 Linear Feature 50
111  49.39299546  008.65307996 3
115  49.39306414  008.65230702
120 Linear Feature 49
111  49.39309069  008.65326355 3
115  49.39319259  008.65200962
120 Linear Feature 48
111  49.39302175  008.65281218 4
115  49.39312246  008.65283434
120 Linear Feature 47
111  49.39341392  008.65509733 4
115  49.39335477  008.65527358
120 Linear Feature 46
111  49.39354272  008.65525998 10
115  49.39357068  008.65537344
120 Linear Feature 45
111  49.39359434  008.65529578 10
115  49.39351762  008.65533598
120 Linear Feature 44
111  49.39280687  008.65470845 10
115  49.39283644  008.65482411
120 Linear Feature 43
111  49.39285855  008.65474287 10
115  49.39278297  008.65478464
120 Linear Feature 42
111  49.39303579  008.65296097 10
115  49.39308239  008.65306066
120 Linear Feature 41
111  49.39309028  008.65297694 10
115  49.39302683  008.65305240
120 Linear Feature 40
111  49.39316219  008.65141017 10
115  49.39321180  008.65150180
120 Linear Feature 39
112  49.39321509  008.65142265  49.39321457  008.65142504 10
115  49.39315648  008.65149569
120 Linear Feature 38
111  49.39336033  008.65173486 10
115  49.39354676  008.65218164
120 Linear Feature 37
112  49.39349235  008.65170060  49.39349235  008.65170334 10
115  49.39341742  008.65222001
14  49.39246969  008.65369739   6.56 0 Apron View
1300  49.39248635  008.65483425 256.18 misc jets|turboprops|props|helos|fighters Apron 1
1301 B none 
1300  49.39200453  008.65467990 320.59 misc jets|turboprops|props|helos|fighters Apron 3
1301 B none 
1300  49.39215830  008.65497600 295.29 misc jets|turboprops|props|helos|fighters Apron 2
1301 B none 
99
