I
1130 Generated by WorldEditor 2.0.0r4

1   1919 1 0 EDMO Oberpfaffenhofen
1302 city 
1302 country Germany
1302 datum_lat 48.081363889
1302 datum_lon 11.283066667
1302 faa_code 
1302 iata_code OBF
1302 icao_code EDMO
1302 region_code ED
1302 state Bavaria
1302 transition_alt 5000
1302 transition_level 
100 45.00 1 0 0.00 0 3 0 04  48.07402800  011.27306600    0    0 1 0 0 0 22  48.08919400  011.29377300    0    0 1 8 0 0
100 30.00 3 0 0.00 0 0 0 04L  48.07920549  011.27817191    0    0 1 0 0 0 22R  48.08085462  011.28041833    0    0 1 0 0 0
100 45.00 3 0 0.00 0 0 0 08  48.07948002  011.28228357   76    0 1 0 0 0 26  48.07998537  011.29134321    0    0 1 0 0 0
110 1 0.25 0.0000 lib/airport/pavement/asphalt_1D.pol
111  48.09025413  011.29202114
111  48.09038937  011.29262545
111  48.09061886  011.29250888
113  48.09049182  011.29191377
111  48.09044247  011.29205755
111  48.09052390  011.29243088
111  48.09043993  011.29247088
113  48.09035977  011.29209755
110 2 0.25 0.0000 lib/airport/pavement/concrete_6L.pol
111  48.08511110  011.28635997
111  48.08512293  011.28637738
111  48.08511530  011.28639011
111  48.08510388  011.28637415
111  48.08510121  011.28637875
111  48.08512721  011.28641393
111  48.08512973  011.28641016
111  48.08511813  011.28639392
111  48.08512568  011.28638111
111  48.08513779  011.28639848
111  48.08514057  011.28639378
113  48.08511412  011.28635608
110 2 0.25 0.0000 lib/airport/pavement/concrete_6L.pol
111  48.08371417  011.28013517
111  48.08430699  011.28083688
111  48.08431156  011.28082516
113  48.08371939  011.28012638
110 1 0.25 0.0000 lib/airport/pavement/asphalt_1D.pol
111  48.08371055  011.28003620
111  48.08210993  011.27742185
112  48.08204682  011.27708447  48.08206034  011.27693940
111  48.08210317  011.27685169
111  48.08233533  011.27631188
111  48.08237590  011.27633212
111  48.08261932  011.27580581
111  48.08258101  011.27576533
112  48.08277710  011.27551229  48.08286951  011.27550554
111  48.08292812  011.27556627
111  48.08319633  011.27583280
111  48.08323916  011.27594076
111  48.08341948  011.27612295
111  48.08350738  011.27614319
111  48.08364938  011.27627814
111  48.08326395  011.27720595
111  48.08366290  011.27764792
111  48.08363360  011.27772551
111  48.08498372  011.27905485
111  48.08506036  011.27888615
111  48.08503879  011.27885827
111  48.08464995  011.27847024
111  48.08507696  011.27738425
111  48.08501302  011.27732065
111  48.08496569  011.27742862
111  48.08329326  011.27578892
111  48.08337440  011.27555275
111  48.08299348  011.27518500
111  48.08282669  011.27540092
112  48.08270272  011.27542794  48.08264637  011.27546168
111  48.08257875  011.27557976
111  48.08223840  011.27627814
111  48.08226996  011.27633212
111  48.08211894  011.27664589
111  48.08200625  011.27656829
111  48.08181241  011.27639285
111  48.08170647  011.27659528
111  48.08190482  011.27678084
111  48.08198596  011.27662902
111  48.08208514  011.27673023
111  48.08202203  011.27691916
112  48.08199272  011.27718907  48.08200399  011.27730040
111  48.08204456  011.27741849
113  48.08369154  011.28010438
112  48.08367836  011.27749930  48.08367666  011.27745875
111  48.08368513  011.27743340
111  48.08374271  011.27743340
111  48.08379182  011.27748663
111  48.08378335  011.27750944
111  48.08391205  011.27762351
111  48.08407631  011.27715456
111  48.08435234  011.27743847
111  48.08414574  011.27794037
111  48.08426767  011.27806205
111  48.08425412  011.27809500
113  48.08370545  011.27756521
111  48.08389850  011.27709879
111  48.08385786  011.27711147
111  48.08375795  011.27734975
111  48.08374440  011.27730158
111  48.08399164  011.27673377
112  48.08402720  011.27669321  48.08404414  011.27668054
113  48.08407293  011.27669068
111  48.08479568  011.27740019
111  48.08464852  011.27777104
111  48.08444175  011.27759259
113  48.08459450  011.27719664
110 1 0.25 0.0000 lib/airport/pavement/asphalt_1D.pol
111  48.07394382  011.27181718
112  48.07373621  011.27275263  48.07366051  011.27323595
111  48.07364605  011.27356637
111  48.07374424  011.27358592
112  48.07383423  011.27277202  48.07388881  011.27244146
113  48.07403150  011.27188120
110 1 0.25 0.0000 lib/airport/pavement/asphalt_1D.pol
111  48.08691883  011.30001368
111  48.08695580  011.30044010
112  48.08700542  011.30055628  48.08703850  011.30058675
111  48.08708430  011.30058294
111  48.08754869  011.30052390
111  48.08791130  011.30050676
112  48.08801054  011.30044581  48.08803089  011.30040581
112  48.08809451  011.30012965  48.08811105  011.30002299
113  48.08810077  011.29992258
110 1 0.25 0.0000 lib/airport/pavement/asphalt_1D.pol
111  48.07782197  011.29268715
111  48.07771958  011.29322802
111  48.07766085  011.29330013
111  48.07755546  011.29389058
112  48.07752909  011.29394971  48.07751572  011.29396202
111  48.07748076  011.29398203
111  48.07625487  011.29411440
111  48.07625590  011.29416673
111  48.07747356  011.29403282
111  48.07756611  011.29408670
112  48.07760314  011.29450075  48.07764973  011.29465745
111  48.07779679  011.29478074
111  48.07923833  011.29540123
112  48.07932384  011.29546960  48.07934852  011.29551732
111  48.07935866  011.29559673
111  48.07949408  011.29800099
112  48.07957327  011.29816524  48.07963210  011.29820926
111  48.07971355  011.29819572
111  48.08018868  011.29813646
112  48.08021583  011.29815508  48.08022375  011.29817202
111  48.08022714  011.29818556
111  48.08023167  011.29826006
111  48.08018642  011.29826684
111  48.08020452  011.29861226
111  48.08025316  011.29861057
111  48.08026441  011.29868663
111  48.08065179  011.29881367
111  48.08146761  011.29868664
111  48.08144708  011.29820515
111  48.08191385  011.29814164
111  48.08209784  011.29821809
111  48.08681547  011.29784209
111  48.08685576  011.29789039
111  48.08685410  011.29776096
111  48.08682425  011.29779341
111  48.08402636  011.29801675
111  48.08402499  011.29797167
111  48.08454651  011.29790815
111  48.08452735  011.29767662
111  48.08481617  011.29763359
111  48.08482028  011.29691438
111  48.08500507  011.29665210
111  48.08505161  011.29668284
111  48.08539382  011.29615214
112  48.08546363  011.29601895  48.08547869  011.29596773
111  48.08550606  011.29584478
111  48.08544583  011.29584888
111  48.08548553  011.29555177
112  48.08551701  011.29548210  48.08553207  011.29546161
111  48.08555945  011.29543702
111  48.08572918  011.29537145
112  48.08578667  011.29540014  48.08580173  011.29542268
111  48.08580857  011.29547595
111  48.08584690  011.29631812
112  48.08589892  011.29642057  48.08594683  011.29646464
111  48.08598242  011.29645130
111  48.08678866  011.29635500
111  48.08685299  011.29640213
111  48.08685410  011.29776096
111  48.08695969  011.29776344
111  48.08691034  011.29747663
112  48.08691596  011.29738364  48.08692143  011.29736725
111  48.08693786  011.29735291
111  48.08706653  011.29733242
111  48.08709032  011.29726253
111  48.08747718  011.29723815
111  48.08750593  011.29762134
111  48.08748513  011.29769126
111  48.08756993  011.29764770
111  48.08754529  011.29763724
111  48.08752920  011.29731397
112  48.08754699  011.29725865  48.08755931  011.29723611
111  48.08761543  011.29722586
112  48.08764007  011.29717463  48.08764692  011.29715209
111  48.08764555  011.29710496
111  48.08757163  011.29572590
112  48.08753924  011.29561387  48.08751970  011.29557230
111  48.08750016  011.29554767
111  48.08756804  011.29524746
111  48.08758988  011.29522663
112  48.08776471  011.29526820  48.08782333  011.29527898
111  48.08788503  011.29528205
111  48.08793954  011.29534056
111  48.08821207  011.29531438
111  48.08824807  011.29525126
111  48.08834680  011.29522509
112  48.08837559  011.29525126  48.08839205  011.29527282
111  48.08839822  011.29528514
111  48.08838268  011.29539490
111  48.08849953  011.29534673
112  48.08855248  011.29519892  48.08857511  011.29517121
111  48.08866972  011.29508807
112  48.08882296  011.29498338  48.08893094  011.29490332
111  48.08897965  011.29485157
111  48.08919415  011.29460637
112  48.08956212  011.29392963  48.08968120  011.29361405
111  48.08973870  011.29328412
111  48.08989748  011.29226567
112  48.08995360  011.29211813  48.08998645  011.29208534
111  48.09006311  011.29204640
112  48.09023011  011.29197058  48.09029170  011.29192140
111  48.09040532  011.29179845
111  48.09045733  011.29176362
111  48.09067908  011.29141114
112  48.09076544  011.29137942  48.09082356  011.29138242
111  48.09085763  011.29141843
111  48.09096986  011.29147843
111  48.09096785  011.29155944
111  48.09150295  011.29161645
111  48.09164724  011.28928820
111  48.09095276  011.28916800
111  48.09086314  011.29057702
111  48.09070457  011.29099903
111  48.09063183  011.29100992
111  48.09053968  011.29089738
111  48.09049603  011.29074491
111  48.09060758  011.29051257
111  48.09070943  011.29051983
111  48.09077732  011.28954691
111  48.09018563  011.28945252
111  48.09024480  011.28864541
111  48.09015443  011.28806236
111  48.09002801  011.28776080
111  48.09023578  011.28422278
111  48.09015891  011.28420923
112  48.09007683  011.28437712  48.09000380  011.28439642
111  48.08990929  011.28438525
111  48.08892787  011.28388974
111  48.08891480  011.28396805
111  48.08893913  011.28399958
112  48.08878334  011.28403463  48.08872986  011.28405003
111  48.08864553  011.28408852
111  48.08866029  011.28416128
112  48.08882036  011.28410546  48.08888412  011.28409314
111  48.08900754  011.28409160
111  48.08903222  011.28411007
111  48.08903222  011.28415164
111  48.08897353  011.28418551
111  48.08893753  011.28457041
111  48.08899336  011.28455358
112  48.08899417  011.28475670  48.08900034  011.28481829
111  48.08904250  011.28500304
111  48.08906821  011.28497532
112  48.08902502  011.28476902  48.08902090  011.28471205
111  48.08902296  011.28462584
111  48.08907056  011.28413253
111  48.08909495  011.28408867
111  48.08991245  011.28445601
112  48.09003699  011.28457811  48.09005241  011.28462583
111  48.09003801  011.28477826
111  48.08961290  011.28472048
111  48.08957599  011.28539175
111  48.08943022  011.28536793
111  48.08940348  011.28576977
111  48.08967177  011.28581093
111  48.08970189  011.28544801
111  48.08979186  011.28545587
111  48.08974555  011.28636996
112  48.08961907  011.28641955  48.08956788  011.28647365
111  48.08951066  011.28657959
111  48.08946549  011.28655480
111  48.08935858  011.28677119
111  48.08938719  011.28682304
111  48.08935156  011.28689078
111  48.08938397  011.28693488
111  48.08942484  011.28686587
111  48.08946248  011.28691771
111  48.08960853  011.28663144
112  48.08972146  011.28652098  48.08977416  011.28651422
111  48.08984493  011.28652098
111  48.08985095  011.28644209
112  48.08992925  011.28647365  48.08996087  011.28650070
111  48.08998044  011.28654352
111  48.08984192  011.28850687
111  48.08973598  011.28857315
111  48.08972273  011.28865033
111  48.08981331  011.28866917
112  48.08984172  011.28870719  48.08984723  011.28873272
111  48.08983590  011.28887655
111  48.08989063  011.28887964
111  48.08995485  011.28797490
111  48.09000002  011.28793433
112  48.09007229  011.28805605  48.09009187  011.28812818
111  48.09011295  011.28822736
112  48.09016414  011.28855196  48.09016980  011.28863987
111  48.09016715  011.28872778
111  48.09005573  011.29028087
111  48.09001357  011.29034399
111  48.08999701  011.29055362
111  48.08989763  011.29050629
111  48.08992774  011.28996304
111  48.08985528  011.28992479
111  48.08972299  011.29211253
111  48.08976814  011.29211573
111  48.08979976  011.29206163
111  48.08983288  011.29204360
111  48.08986300  011.29212475
111  48.08969586  011.29318193
112  48.08930890  011.29430673  48.08900311  011.29478982
111  48.08875329  011.29490858
111  48.08864410  011.29485899
111  48.08845662  011.29494798
111  48.08840998  011.29502354
111  48.08834759  011.29497680
111  48.08826326  011.29479513
111  48.08824159  011.29439407
111  48.08820945  011.29424574
111  48.08672366  011.29443030
111  48.08671610  011.29433752
111  48.08625118  011.29440039
111  48.08625870  011.29449505
111  48.08601478  011.29452661
111  48.08604640  011.29513068
111  48.08571213  011.29516674
111  48.08571617  011.29522276
111  48.08548243  011.29525150
111  48.08541692  011.29530507
111  48.08542303  011.29535606
111  48.08504209  011.29541015
111  48.08504359  011.29536507
111  48.08494422  011.29537634
111  48.08494723  011.29541916
111  48.08432838  011.29550255
111  48.08432552  011.29545940
111  48.08417198  011.29548211
111  48.08418233  011.29570765
111  48.08407843  011.29636578
111  48.08393238  011.29644466
111  48.08330600  011.29652580
111  48.08321060  011.29644847
111  48.08322124  011.29662806
111  48.08366737  011.29657764
111  48.08365834  011.29723351
111  48.08322854  011.29739879
111  48.08171449  011.29758960
111  48.08165847  011.29645594
111  48.08120900  011.29654383
111  48.08112275  011.29628823
111  48.08057511  011.29634835
111  48.08067240  011.29792743
111  48.08027055  011.29798337
111  48.08017110  011.29799298
111  48.08016056  011.29784649
111  48.08011690  011.29784424
111  48.08008678  011.29743857
111  48.07996934  011.29744307
111  48.07999493  011.29789833
112  48.07999644  011.29806059  48.07998289  011.29808313
111  48.07996331  011.29809665
111  48.07973896  011.29812594
112  48.07957032  011.29809439  48.07953720  011.29805157
111  48.07953418  011.29797044
111  48.07940319  011.29560181
112  48.07940690  011.29554879  48.07941673  011.29553302
111  48.07944764  011.29551935
111  48.07944975  011.29550148
111  48.07980342  011.29564038
111  48.07981362  011.29557677
111  48.07941925  011.29541648
112  48.07938780  011.29539037  48.07937830  011.29537826
111  48.07937590  011.29536178
112  48.07936910  011.29512516  48.07936910  011.29507173
111  48.07939205  011.29496359
111  48.07947279  011.29498649
111  48.07953144  011.29467354
111  48.07941840  011.29463665
112  48.07940653  011.29450678  48.07939569  011.29440717
112  48.07935116  011.29419456  48.07931050  011.29401894
112  48.07923523  011.29383493  48.07919409  011.29374677
112  48.07897532  011.29358024  48.07886033  011.29349908
112  48.07874813  011.29347669  48.07869858  011.29346970
111  48.07856395  011.29351727
111  48.07854993  011.29346690
111  48.07853123  011.29326959
111  48.07848074  011.29329618
111  48.07848448  011.29346830
111  48.07836294  011.29350748
111  48.07834331  011.29362222
112  48.07824818  011.29368168  48.07820704  011.29371386
111  48.07819956  011.29372226
111  48.07820517  011.29376563
112  48.07830241  011.29368867  48.07835476  011.29365649
111  48.07837533  011.29364529
111  48.07863244  011.29352775
112  48.07877735  011.29351935  48.07884653  011.29353894
111  48.07887832  011.29356693
112  48.07900080  011.29364390  48.07908450  011.29370429
112  48.07921490  011.29386499  48.07926563  011.29397435
111  48.07927754  011.29402312
112  48.07935420  011.29433098  48.07937103  011.29442474
112  48.07938599  011.29455768  48.07939066  011.29461925
111  48.07939160  011.29471301
111  48.07933550  011.29509504
111  48.07934579  011.29537491
111  48.07929904  011.29536372
111  48.07885401  011.29517760
111  48.07810887  011.29485014
111  48.07782437  011.29472472
112  48.07765450  011.29449751  48.07760401  011.29434314
111  48.07761149  011.29420925
111  48.07761523  011.29402174
113  48.07787303  011.29268679
111  48.08033157  011.29826275
112  48.08029051  011.29821358  48.08028640  011.29815621
113  48.08032336  011.29813982
111  48.08213295  011.29790423
112  48.08217128  011.29802307  48.08218223  011.29812961
111  48.08215759  011.29816034
111  48.08209736  011.29817264
111  48.08192352  011.29808453
112  48.08190573  011.29800463  48.08190299  011.29794111
113  48.08193310  011.29792677
111  48.08229250  011.29814119
112  48.08221228  011.29805499  48.08220405  011.29796878
113  48.08226679  011.29793337
112  48.08435900  011.29660381  48.08446534  011.29672235
111  48.08451285  011.29685105
111  48.08447552  011.29687984
111  48.08456489  011.29711861
111  48.08460675  011.29710167
112  48.08460222  011.29718465  48.08457960  011.29724223
111  48.08450041  011.29724053
111  48.08449362  011.29718296
111  48.08431828  011.29721005
111  48.08428321  011.29664784
111  48.08425040  011.29664784
111  48.08425153  011.29662583
111  48.08418592  011.29662414
113  48.08417913  011.29651068
111  48.08426058  011.29587903
112  48.08430357  011.29576727  48.08433525  011.29573001
111  48.08443480  011.29573679
112  48.08505813  011.29561317  48.08518143  011.29557761
111  48.08540090  011.29550310
111  48.08540542  011.29553188
112  48.08542805  011.29554374  48.08543597  011.29555051
111  48.08544389  011.29557930
111  48.08540769  011.29582315
111  48.08536244  011.29579437
112  48.08532284  011.29592984  48.08529682  011.29600096
111  48.08524139  011.29609241
111  48.08494952  011.29653269
111  48.08497554  011.29661398
111  48.08482621  011.29676130
111  48.08471988  011.29695096
112  48.08465426  011.29698483  48.08462598  011.29697806
111  48.08460336  011.29693064
112  48.08447552  011.29664954  48.08440086  011.29653100
111  48.08427303  011.29645988
112  48.08423796  011.29641924  48.08422778  011.29639045
111  48.08423569  011.29636166
113  48.08430470  011.29589089
111  48.08538318  011.29539421
111  48.08523838  011.29547380
111  48.08508566  011.29551614
113  48.08507661  011.29543655
111  48.08590606  011.29594711
112  48.08594713  011.29610172  48.08596704  011.29612407
111  48.08599939  011.29612780
111  48.08619849  011.29609800
111  48.08621840  011.29615202
111  48.08642995  011.29612222
111  48.08643120  011.29605329
112  48.08655812  011.29599927  48.08659048  011.29596388
111  48.08661288  011.29586701
111  48.08666763  011.29585024
111  48.08667261  011.29594897
111  48.08675722  011.29593966
111  48.08674851  011.29581671
111  48.08681198  011.29580926
111  48.08684433  011.29613712
112  48.08682816  011.29619673  48.08680949  011.29624144
111  48.08677216  011.29625634
111  48.08599566  011.29635506
112  48.08594588  011.29632526  48.08591353  011.29629918
111  48.08590731  011.29623957
113  48.08589113  011.29594897
111  48.08608152  011.29586701
111  48.08609148  011.29602721
111  48.08601432  011.29604211
112  48.08598321  011.29602721  48.08597450  011.29601603
111  48.08596704  011.29598623
113  48.08596455  011.29587818
112  48.08596206  011.29540131  48.08596953  011.29537150
111  48.08600437  011.29532493
111  48.08606534  011.29531003
111  48.08607156  011.29537709
111  48.08641004  011.29533984
111  48.08641128  011.29529140
111  48.08649964  011.29527836
111  48.08651084  011.29542366
113  48.08596330  011.29548700
111  48.08654785  011.29589245
112  48.08650365  011.29597133  48.08646455  011.29600695
111  48.08642716  011.29599678
113  48.08642121  011.29591535
111  48.08697604  011.29543048
111  48.08697810  011.29547051
111  48.08686086  011.29548437
113  48.08684954  011.29531348
111  48.08698118  011.29526883
111  48.08699147  011.29541047
113  48.08687628  011.29528731
111  48.08699044  011.29574455
111  48.08700587  011.29596316
113  48.08692154  011.29575379
112  48.08750100  011.29565606  48.08752584  011.29569573
111  48.08752915  011.29575524
111  48.08747781  011.29576268
111  48.08754241  011.29703463
111  48.08752419  011.29706934
113  48.08743972  011.29560151
111  48.08746125  011.29702471
112  48.08746787  011.29712884  48.08746622  011.29716356
111  48.08745297  011.29717843
111  48.08710680  011.29722058
113  48.08709686  011.29707926
111  48.09001278  011.29151981
111  48.09004284  011.29148980
111  48.09010697  011.29085075
111  48.09029536  011.29086575
111  48.09031540  011.29064973
112  48.09038354  011.29068873  48.09042362  011.29070974
111  48.09045168  011.29078174
111  48.09051581  011.29096176
111  48.09066612  011.29115677
111  48.09064007  011.29124678
111  48.09056391  011.29138179
111  48.09049577  011.29130979
111  48.09045168  011.29139079
111  48.09047573  011.29146580
111  48.09037152  011.29163382
111  48.09036350  011.29168782
112  48.09022522  011.29184983  48.09015107  011.29190084
112  48.09001078  011.29189184  48.08997470  011.29184383
113  48.08997070  011.29178383
111  48.09025728  011.28958763
111  48.09022923  011.28995967
111  48.09026530  011.28998367
111  48.09023724  011.29058973
111  48.09012501  011.29056873
113  48.09018914  011.28957263
111  48.09085392  011.29100168
111  48.09082157  011.29126064
111  48.09071330  011.29124014
113  48.09085392  011.29079862
111  48.09112662  011.28929159
111  48.09098633  011.29134078
112  48.09092621  011.29130778  48.09090617  011.29128378
111  48.09089414  011.29120877
113  48.09102641  011.28927958
111  48.08984391  011.28480531
111  48.09008034  011.28484088
111  48.09005659  011.28515249
111  48.08979413  011.28511523
113  48.08980997  011.28485781
111  48.08628470  011.29462663
111  48.08630461  011.29504018
111  48.08636682  011.29504018
111  48.08637554  011.29512214
111  48.08610426  011.29515753
111  48.08609430  011.29502713
111  48.08613910  011.29501037
113  48.08611919  011.29464899
111  48.08665677  011.29439937
111  48.08668539  011.29485948
111  48.08673517  011.29486507
111  48.08674014  011.29490233
111  48.08646762  011.29493027
111  48.08643900  011.29462477
111  48.08651740  011.29461918
113  48.08650495  011.29442359
111  48.08647758  011.29500665
111  48.08648006  011.29506439
111  48.08670281  011.29503645
111  48.08672272  011.29499547
112  48.08674885  011.29501037  48.08675259  011.29504390
111  48.08667419  011.29511096
111  48.08640416  011.29513704
113  48.08639545  011.29501782
110 2 0.00 0.0000 New Taxiway 13
111  48.08560999  011.27877877
111  48.08538042  011.27853955
111  48.08526465  011.27881215
113  48.08549489  011.27903802
110 13 0.00 0.0000 New Taxiway 68
111  48.09044860  011.29204027
111  48.09034919  011.29208892
111  48.09043618  011.29249248
113  48.09053368  011.29243667
110 2 0.00 0.0000 New Taxiway 1
111  48.08803917  011.29771563
111  48.08788320  011.29913408
111  48.08808383  011.29919271
113  48.08824099  011.29776615
110 3 0.00 0.0000 New Taxiway 39
111  48.08059281  011.28518818
112  48.08050444  011.28533589  48.08051033  011.28547698
111  48.08061196  011.28547037
114  48.08069444  011.28531605  48.08068855  011.28518378
110 2 0.00 0.0000 New Taxiway 38
111  48.08952837  011.28801185
111  48.08911086  011.28822141
111  48.08920215  011.28863871
113  48.08961967  011.28843462
110 12 0.00 0.0000 New Taxiway 37
111  48.08369739  011.28726689
111  48.08341265  011.28773517
111  48.08371017  011.28815406
113  48.08399713  011.28767037
110 1 0.00 0.0000 New Taxiway 36
111  48.08018218  011.29653717
111  48.07955787  011.29661194
111  48.07960778  011.29743182
113  48.08023078  011.29735507
110 1 0.00 0.0000 New Taxiway 28
111  48.07675567  011.27512079
112  48.07675490  011.27517149  48.07674809  011.27518959
111  48.07672542  011.27520091
112  48.07660449  011.27525521  48.07653344  011.27530385
111  48.07646693  011.27540000
111  48.07629460  011.27567715
111  48.07622885  011.27568281
111  48.07637094  011.27588077
111  48.07636943  011.27579706
111  48.07652966  011.27554027
112  48.07676245  011.27538756  48.07691513  011.27536720
113  48.07714398  011.27565530
110 2 0.00 0.0000 New Taxiway 35
111  48.08176881  011.29625246
111  48.08177585  011.29640605
111  48.08165413  011.29642412
111  48.08171449  011.29758960
111  48.08322854  011.29739879
111  48.08317498  011.29663170
111  48.08322124  011.29662806
111  48.08321060  011.29644847
111  48.08319446  011.29614339
113  48.08217319  011.29627277
110 2 0.00 0.0000 New Taxiway 34
111  48.08055235  011.29592748
111  48.08014978  011.29597280
111  48.08018218  011.29653717
111  48.08023078  011.29735507
111  48.08027055  011.29798337
111  48.08067240  011.29792743
113  48.08057511  011.29634835
110 2 0.00 0.0000 New Taxiway 33
111  48.07848170  011.29050978
111  48.07722793  011.29047881
111  48.07720259  011.29218400
111  48.07719507  011.29288365
111  48.07731867  011.29287694
111  48.07731923  011.29296199
111  48.07756633  011.29295653
111  48.07756257  011.29287496
111  48.07763206  011.29287454
111  48.07763571  011.29277981
111  48.07769414  011.29277981
111  48.07769779  011.29268507
111  48.07845492  011.29269783
113  48.07845821  011.29212580
110 2 0.00 0.0000 New Taxiway 32
111  48.08123695  011.29138831 102
111  48.08100531  011.29142638
111  48.08104414  011.29198555
113  48.08127383  011.29195052
110 2 0.00 0.0000 New Taxiway 31
111  48.08176472  011.29131129 102
111  48.08137085  011.29136826
111  48.08141012  011.29193520
111  48.08146519  011.29192843 102
113  48.08180119  011.29187681 102
110 1 0.00 0.0000 New Taxiway 30
111  48.08379658  011.28710550
111  48.08369739  011.28726689
111  48.08399713  011.28767037
113  48.08408986  011.28750253
110 1 0.00 0.0000 New Taxiway 29
111  48.07972737  011.28122662
111  48.07955732  011.28156532
111  48.07963498  011.28167154
111  48.07977557  011.28140699
113  48.07987198  011.28141701
110 1 0.00 0.0000 New Taxiway 27
111  48.07470081  011.27288976
111  48.07459828  011.27304129
111  48.07437146  011.27271637
111  48.07424185  011.27273092
111  48.07416084  011.27285215
111  48.07372178  011.27225082
111  48.07346904  011.27269697
111  48.07389185  011.27328011
111  48.07382520  011.27341507
111  48.07381736  011.27359404
111  48.07431138  011.27423950
111  48.07455054  011.27419842
111  48.07481525  011.27374033
111  48.07481793  011.27334756
111  48.07469207  011.27317322
113  48.07478020  011.27303767
110 2 0.00 0.0000 New Taxiway 26
111  48.07929904  011.27788025
111  48.07923611  011.27792584
111  48.07919587  011.27779936
111  48.07881762  011.27809598
111  48.07904497  011.27833238
111  48.07921197  011.27806135
111  48.07939058  011.27792392
111  48.07938455  011.27790736
111  48.07935638  011.27792392
111  48.07934229  011.27789230
113  48.07931010  011.27791037
110 2 0.00 0.0000 New Taxiway 25
111  48.07934739  011.27763050
112  48.07863778  011.27726903  48.07829431  011.27699744
111  48.07811772  011.27675737
111  48.07528245  011.27289219
112  48.07499244  011.27273458  48.07482232  011.27273943
111  48.07470081  011.27288976
111  48.07478020  011.27303767
112  48.07500702  011.27290916  48.07516580  011.27291401
111  48.07529865  011.27312497
111  48.07675567  011.27512079
111  48.07714398  011.27565530
111  48.07794675  011.27675143
112  48.07860532  011.27743092  48.07892287  011.27765886
111  48.07923987  011.27776498
113  48.07933856  011.27768561
110 2 0.00 0.0000 New Taxiway 24
111  48.08431663  011.28003547
111  48.08438905  011.27987448
111  48.08457195  011.28004560
111  48.08478047  011.27955962
111  48.08391989  011.27871633
111  48.08390069  011.27876151
111  48.08385679  011.27872044
111  48.08354493  011.27945010
111  48.08398893  011.27989140
111  48.08411206  011.27961492
111  48.08425187  011.27974442
111  48.08370132  011.28100249
111  48.08353121  011.28105041
111  48.08385130  011.28148847
111  48.08381746  011.28111338
113  48.08429393  011.28001411
110 2 0.00 0.0000 New Taxiway 23
111  48.08657905  011.28450575
111  48.08674962  011.28422819
111  48.08654943  011.28396013
113  48.08637951  011.28423941
110 1 0.00 0.0000 New Taxiway 22
111  48.08556367  011.29066429 20
111  48.08551370  011.29074938 20
111  48.08557054  011.29081951 20
113  48.08561739  011.29073536 20
110 1 0.00 0.0000 New Taxiway 21
111  48.08511722  011.28628228
111  48.08505222  011.28638637
111  48.08512251  011.28648480
113  48.08518751  011.28637958
110 1 0.00 0.0000 Main asphalt taxiway
111  48.08947068  011.29332419
111  48.08876812  011.29235843
111  48.08888890  011.29203210
111  48.08905828  011.29189540
111  48.08930277  011.29193950
111  48.08929835  011.29200124
111  48.08948983  011.29203651
111  48.08948688  011.29207841
111  48.08972299  011.29211253
111  48.08985528  011.28992479
111  48.08987591  011.28955436
111  48.08986118  011.28954995
111  48.08989063  011.28887964
111  48.08950769  011.28881790
111  48.08951947  011.28875176
111  48.08972273  011.28865033
111  48.08973598  011.28857315
111  48.08970947  011.28849598
111  48.08975513  011.28847393
111  48.08947381  011.28717963
111  48.08943110  011.28719947
111  48.08939428  011.28706056
111  48.08938397  011.28693488
111  48.08935156  011.28689078
111  48.08932358  011.28694149
111  48.08926319  011.28697016
111  48.08903932  011.28596911
111  48.08866230  011.28611606
111  48.08833837  011.28463717
111  48.08856975  011.28453477
111  48.08852549  011.28434049
111  48.08867638  011.28426369
111  48.08866029  011.28416128
111  48.08864520  011.28408598
111  48.08854761  011.28412166
112  48.08851944  011.28410510  48.08851642  011.28409154
111  48.08851743  011.28407046
111  48.08857779  011.28384757
112  48.08859489  011.28381444  48.08859992  011.28381294
111  48.08861199  011.28382047
111  48.08891480  011.28396805
111  48.08892787  011.28388974
111  48.08862909  011.28373613
111  48.08865022  011.28366234
112  48.08868342  011.28363674  48.08870253  011.28363222
111  48.08874679  011.28365782
111  48.08884941  011.28328735
111  48.08845707  011.28304639
111  48.08835848  011.28339728
111  48.08827197  011.28336264
111  48.08825889  011.28342590
111  48.08850737  011.28356595
112  48.08853956  011.28363222  48.08854258  011.28366234
111  48.08853755  011.28368493
111  48.08813876  011.28348190
111  48.08714559  011.28296545
111  48.08694206  011.28284318
111  48.08621249  011.28233980
111  48.08598843  011.28217688
111  48.08410592  011.28081601
111  48.08416523  011.28064117
111  48.08419272  011.28067109
111  48.08420521  011.28063930
111  48.08411151  011.28051868
111  48.08431663  011.28003547
112  48.08440660  011.27993291  48.08442851  011.27993473
111  48.08446990  011.27999668
111  48.08422767  011.28060162
111  48.08464396  011.28096604
111  48.08491785  011.28029369
111  48.08468170  011.28006228
111  48.08467805  011.28001490
111  48.08479612  011.27996753
112  48.08483751  011.27994567  48.08485698  011.27993291
111  48.08487159  011.27990011
111  48.08532927  011.27887426
111  48.08560999  011.27877877
111  48.08567318  011.27885638
111  48.08556949  011.27929777
111  48.08566508  011.27935355
111  48.08583196  011.27878119
111  48.08566994  011.27865023
111  48.08584492  011.27824279
111  48.08507696  011.27738425
111  48.08464995  011.27847024
111  48.08503879  011.27885827
111  48.08511656  011.27866910
111  48.08523807  011.27878794
111  48.08478767  011.27984048
112  48.08472448  011.27983078  48.08470342  011.27979925
111  48.08471152  011.27971922
111  48.08411206  011.27961492
111  48.08398893  011.27989140
111  48.08399541  011.28023334
112  48.08396909  011.28030124  48.08394796  011.28030274
111  48.08392181  011.28028016
111  48.08371055  011.28003620
111  48.08369154  011.28010438
111  48.08372102  011.28010441
111  48.08387832  011.28028922
111  48.08382710  011.28040010
111  48.08388655  011.28050962
111  48.08387191  011.28053426
111  48.08207450  011.27759553
112  48.08198122  011.27749423  48.08194830  011.27747781
111  48.08175533  011.27749286
111  48.08169040  011.27745180
112  48.08164833  011.27767767  48.08162729  011.27773379
111  48.08162181  011.27774748 102
111  48.08157883  011.27768999 102
111  48.08148554  011.27769546 102
111  48.08133739  011.27793776 102
111  48.08124319  011.27794186
112  48.08107202  011.27772857  48.08101549  011.27768875
111  48.08093235  011.27769497
111  48.07978415  011.27768499
112  48.07946158  011.27766313  48.07940802  011.27765038
111  48.07934739  011.27763050
111  48.07933856  011.27768561
111  48.07923987  011.27776498
111  48.07933414  011.27780025
111  48.07932620  011.27785014
111  48.07929904  011.27788025
111  48.07931010  011.27791037
111  48.07934229  011.27789230
111  48.07935638  011.27792392
111  48.07938455  011.27790736
111  48.07939058  011.27792392
111  48.07947207  011.27786520
111  48.08084876  011.27787695
111  48.08114311  011.27805086 102
111  48.08146291  011.27848814 102
111  48.08146955  011.27863225 102
111  48.08132570  011.27887905
111  48.08132680  011.27906125
111  48.08130799  011.27909934
111  48.08139652  011.27920038
111  48.08141976  011.27914738
111  48.08152488  011.27915069 102
111  48.08167095  011.27891217 102
111  48.08176833  011.27890720 102
111  48.08207375  011.27931965 102
111  48.08207375  011.27946375 102
111  48.08193211  011.27969730 102
111  48.08194317  011.27985797
111  48.08186018  011.27999711
111  48.08194317  011.28010312
111  48.08202617  011.27997061 102
111  48.08212908  011.27997723 102
111  48.08227847  011.27973706 102
111  48.08237253  011.27972877 102
111  48.08279303  011.28030189 102
111  48.08278639  011.28047250 102
111  48.08265011  011.28068480
112  48.08237651  011.28078662  48.08234325  011.28081717
112  48.08219965  011.28109774  48.08218151  011.28120522
111  48.08218604  011.28132514
111  48.08207645  011.28150163
111  48.08205151  011.28166793 102
111  48.08149680  011.28256941 102
112  48.08142197  011.28262417  48.08139204  011.28263537 102
111  48.08132886  011.28264781
111  48.08156081  011.28296266 102
112  48.08156663  011.28279715  48.08157910  011.28272995 102
111  48.08160737  011.28266523 102
111  48.08281373  011.28068902 102
111  48.08305649  011.28066413 102
111  48.08328596  011.28097650 102
111  48.08329095  011.28111837 102
111  48.08314628  011.28135482 102
111  48.08314795  011.28149670 102
111  48.08324938  011.28163608 102
111  48.08334665  011.28162986 102
111  48.08349131  011.28139589 102
111  48.08358776  011.28138967 102
111  48.08389371  011.28181032
111  48.08389620  011.28195469
111  48.08361519  011.28241515
111  48.08367588  011.28249356
111  48.08350711  011.28276611
111  48.08359441  011.28288434
111  48.08375570  011.28260681
111  48.08381888  011.28268148
111  48.08410073  011.28222599
111  48.08419384  011.28222101 102
111  48.08449730  011.28264166
111  48.08450063  011.28279100
111  48.08436178  011.28301875
111  48.08436095  011.28316063
111  48.08446238  011.28329628
111  48.08455882  011.28329255
111  48.08471596  011.28304613
111  48.08479827  011.28304240 102
111  48.08510256  011.28345434
111  48.08510755  011.28359248
111  48.08496454  011.28383268
111  48.08496953  011.28402061
111  48.08495207  011.28405421
111  48.08502773  011.28414879
111  48.08505600  011.28410648
111  48.08516408  011.28410897
111  48.08530874  011.28387126
111  48.08540685  011.28386753 102
111  48.08570781  011.28428072
111  48.08571197  011.28442758
111  48.08556897  011.28466280
111  48.08557146  011.28479970
111  48.08567289  011.28493785
111  48.08576601  011.28493412
111  48.08591234  011.28469765
111  48.08600878  011.28469392 102
111  48.08631473  011.28511209
111  48.08632055  011.28526020
111  48.08617921  011.28549418
111  48.08618836  011.28564851
111  48.08601626  011.28593102
111  48.08610356  011.28604553
111  48.08627399  011.28576674
111  48.08637625  011.28576301
111  48.08652424  011.28553027
111  48.08661902  011.28552405 102
111  48.08692581  011.28594596
111  48.08693079  011.28607789
111  48.08665976  011.28653092
111  48.08685680  011.28680722
111  48.08713781  011.28635419
111  48.08722344  011.28635419 102
111  48.08752940  011.28677238
111  48.08753605  011.28691551
111  48.08738972  011.28714700
111  48.08739139  011.28731502
111  48.08713532  011.28774192
111  48.08722012  011.28784273
111  48.08748284  011.28741459
111  48.08749947  011.28743575
111  48.08759092  011.28742704
111  48.08773558  011.28718807
111  48.08783119  011.28718310 102
111  48.08821197  011.28769837 102
112  48.08846690  011.28823691  48.08855473  011.28857291 102
111  48.08853942  011.28882693 102
111  48.08854717  011.29065911 102
111  48.08850733  011.29078170 102
111  48.08851287  011.29140955 102
112  48.08839510  011.29179501  48.08829334  011.29190124 102
111  48.08825183  011.29190325 102
111  48.08812463  011.29192530
111  48.08793985  011.29244445 102
111  48.08800262  011.29280271 102
112  48.08800536  011.29286979  48.08799804  011.29289580 102
111  48.08796603  011.29292045 102
111  48.08781514  011.29305051 102
111  48.08777581  011.29307378 102
111  48.08645926  011.29324591
112  48.08643914  011.29322483  48.08643511  011.29322031
111  48.08643109  011.29320073
111  48.08632445  011.29152463
111  48.08627516  011.29153216
111  48.08621749  011.29058804
111  48.08641777  011.29045437
111  48.08647512  011.29045097
111  48.08601459  011.28982702
111  48.08602595  011.29022655
111  48.08608841  011.29040761
111  48.08615315  011.29154839
111  48.08610658  011.29155434
111  48.08620312  011.29318561
112  48.08619857  011.29325701  48.08618892  011.29327571
111  48.08617984  011.29328166 102
111  48.08394748  011.29358343
111  48.08318556  011.29253666
112  48.08313123  011.29243878  48.08312017  011.29240867
111  48.08310105  011.29228368
111  48.08293406  011.29223098
112  48.08286364  011.29226411  48.08284151  011.29230627
111  48.08284050  011.29236048
111  48.08285257  011.29236349
112  48.08289784  011.29245234  48.08293808  011.29246890
112  48.08297430  011.29243427  48.08298536  011.29242222
111  48.08299039  011.29240264
111  48.08304069  011.29242975
111  48.08386158  011.29354558
112  48.08386844  011.29357110  48.08386782  011.29357952
111  48.08385845  011.29359728 102
112  48.08352233  011.29360800  48.08342827  011.29359475 102
111  48.08333532  011.29355500 102
111  48.08167323  011.29275164 102
112  48.08150282  011.29263072  48.08145191  011.29255453 102
111  48.08144195  011.29246840 102
111  48.08141540  011.29202449 102
111  48.08146519  011.29192843
111  48.08137085  011.29136826 102
111  48.08123695  011.29138831
111  48.08100531  011.29142638 102
111  48.08083124  011.29146246 102
111  48.08086472  011.29201361 102
111  48.08104414  011.29198555 102
111  48.08113519  011.29198155 102
111  48.08120365  011.29205896 102
111  48.08122444  011.29235265 102
112  48.08118370  011.29244350  48.08114545  011.29247959 102
111  48.08108643  011.29246714 102
111  48.07917338  011.29155241 102
112  48.07907113  011.29150869  48.07901879  011.29149229 102
111  48.07882768  011.29145767 102
112  48.07855989  011.29135565  48.07848929  011.29127002 102
111  48.07846494  011.29112973
111  48.07720259  011.29218400
112  48.07711348  011.29264473  48.07712644  011.29279507
112  48.07731276  011.29306666  48.07744724  011.29314910
112  48.07765461  011.29295511  48.07771294  011.29286539
111  48.07775182  011.29267383
111  48.07845821  011.29212580 102
112  48.07857367  011.29184571  48.07867225  011.29176289 102
112  48.07898210  011.29179000  48.07910080  011.29183818 102
111  48.07917726  011.29187582 102
111  48.08323533  011.29382970 102
112  48.08341990  011.29401887  48.08347311  011.29416323
111  48.08344651  011.29431132
111  48.08309566  011.29572631
112  48.08299755  011.29593041  48.08292855  011.29599761
111  48.08282878  011.29601130
111  48.08230750  011.29608596
112  48.08217116  011.29607379  48.08213367  011.29605375
111  48.08204798  011.29595755
112  48.08188864  011.29580924  48.08179625  011.29576514
111  48.08171591  011.29577516
111  48.08055235  011.29592748
111  48.08057511  011.29634835
111  48.08112275  011.29628823
111  48.08112944  011.29623612
111  48.08118836  011.29622811
112  48.08120296  011.29625082  48.08120900  011.29626552
111  48.08120976  011.29629381
111  48.08120900  011.29654383
111  48.08319717  011.29619077
111  48.08371852  011.29410499 102
111  48.08388039  011.29404886
111  48.08410354  011.29431444
111  48.08417198  011.29548211
111  48.08432552  011.29545940
111  48.08494560  011.29537562
111  48.08504428  011.29536239
111  48.08541692  011.29530507
111  48.08548243  011.29525150
111  48.08543042  011.29458725
111  48.08559088  011.29456406
111  48.08558534  011.29445804
111  48.08541050  011.29448289
111  48.08539058  011.29411515
111  48.08556100  011.29382029 102
111  48.08578453  011.29363973 102
111  48.08637766  011.29356518
111  48.08668861  011.29395447
111  48.08669746  011.29402073
111  48.08671610  011.29433752
111  48.08672366  011.29443030
111  48.08820945  011.29424574
111  48.08824159  011.29439407
111  48.08827908  011.29437202
111  48.08837980  011.29447975
112  48.08846760  011.29468512  48.08848589  011.29476726
112  48.08848040  011.29486857  48.08847308  011.29490691
111  48.08845662  011.29494798
111  48.08864410  011.29485899
112  48.08861301  011.29477274  48.08860478  011.29473303
111  48.08860843  011.29469196
111  48.08866696  011.29398278
112  48.08869806  011.29395402  48.08872001  011.29394992
111  48.08873830  011.29395676
113  48.08892486  011.29421141
112  48.08871000  011.29100082  48.08874573  011.29094939
112  48.08889895  011.29101111  48.08893468  011.29106525
111  48.08893949  011.29112323
111  48.08889964  011.29172291
111  48.08880619  011.29195744
112  48.08872168  011.29198007  48.08868939  011.29195847
111  48.08868389  011.29191424 102
113  48.08867290  011.29110060
111  48.08865847  011.28880061 102
112  48.08864679  011.28853214  48.08863717  011.28842002 102
111  48.08859663  011.28823795
111  48.08863854  011.28807646
111  48.08870931  011.28802914
111  48.08879589  011.28808983
111  48.08892712  011.28869877
112  48.08893606  011.28877386  48.08893880  011.28880781
111  48.08894018  011.28886027
111  48.08897962  011.29060166
112  48.08892644  011.29075293  48.08887310  011.29081132
112  48.08869488  011.29072516  48.08866465  011.29065624
113  48.08866740  011.29061921 102
112  48.08837186  011.28767984  48.08832122  011.28759272 102
111  48.08821843  011.28746260 102
111  48.08821692  011.28732003 102
111  48.08835826  011.28708016 102
111  48.08835675  011.28695117
111  48.08853663  011.28688555
111  48.08870820  011.28768776
111  48.08865832  011.28785635
111  48.08859029  011.28790614
113  48.08846634  011.28786427 102
111  48.08826151  011.28680408 102
111  48.08816401  011.28680294 102
111  48.08801134  011.28704508 102
111  48.08791611  011.28704960 102
111  48.08775209  011.28682897 102
112  48.08771808  011.28668867  48.08771582  011.28661173 102
111  48.08773547  011.28657778 102
111  48.08806576  011.28603355
112  48.08829552  011.28598829  48.08835448  011.28604147
111  48.08836506  011.28608786
111  48.08853285  011.28686065
113  48.08835372  011.28692967 102
111  48.08743575  011.28515727 102
111  48.08795307  011.28463702
111  48.08806380  011.28466762
111  48.08825744  011.28557127
112  48.08825232  011.28572259  48.08823302  011.28581780
112  48.08801894  011.28589685  48.08799509  011.28590025
113  48.08797635  011.28589260 102
111  48.08639697  011.28497371
111  48.08639365  011.28482685
111  48.08657905  011.28450575
111  48.08637951  011.28423941
111  48.08618829  011.28455304
111  48.08609268  011.28455553 102
111  48.08579172  011.28414233
111  48.08578839  011.28399672
111  48.08593222  011.28375901
111  48.08592640  011.28361713
111  48.08582747  011.28348396
111  48.08573518  011.28348770
111  48.08558054  011.28372416
111  48.08548826  011.28372665 102
111  48.08518480  011.28331968
111  48.08518314  011.28316785
111  48.08532614  011.28293387
111  48.08532115  011.28279075
111  48.08522387  011.28265883
111  48.08512909  011.28266256
111  48.08498194  011.28290400
111  48.08488217  011.28289903 102
111  48.08457788  011.28250077
111  48.08457871  011.28235765
111  48.08472088  011.28210875
111  48.08472088  011.28198056
111  48.08462111  011.28183993
111  48.08452301  011.28184242
111  48.08437252  011.28208634
111  48.08427525  011.28208634 102
111  48.08388782  011.28155369
111  48.08384958  011.28111064
111  48.08398702  011.28079597
111  48.08595652  011.28223545
111  48.08618902  011.28241220
111  48.08691693  011.28293334
111  48.08714699  011.28307730
111  48.08851667  011.28377257
112  48.08853112  011.28379421  48.08853429  011.28380741
111  48.08853147  011.28382430
111  48.08846050  011.28407290
112  48.08842831  011.28414368  48.08840115  011.28418585
111  48.08836292  011.28420543
111  48.08803396  011.28436054
111  48.08796053  011.28441777 102
111  48.08687507  011.28549452 102
113  48.08676944  011.28547795 102
111  48.08336163  011.28069687 102
111  48.08349905  011.28047266 102
111  48.08350180  011.28031838 102
111  48.08346745  011.28026592
111  48.08354578  011.28016410
111  48.08359800  011.28016616
111  48.08385429  011.28058374
111  48.08368801  011.28096120
111  48.08349905  011.28101880 102
113  48.08336644  011.28083264 102
111  48.08275561  011.28000879 102
111  48.08275492  011.27986583 102
111  48.08289784  011.27963442 102
111  48.08289440  011.27948425 102
111  48.08286142  011.27944105
111  48.08298373  011.27926210
111  48.08304900  011.27926518
111  48.08351761  011.28003451
111  48.08351829  011.28012296
111  48.08343859  011.28022993 102
111  48.08339943  011.28017850 102
111  48.08330735  011.28018467 102
111  48.08316169  011.28041917 102
113  48.08306480  011.28042534 102
111  48.08215302  011.27918084 102
111  48.08215027  011.27903788 102
111  48.08229388  011.27880441 102
111  48.08229113  011.27866042 102
111  48.08225265  011.27860900
111  48.08243267  011.27835599
111  48.08249932  011.27837244
111  48.08295762  011.27912016
111  48.08296037  011.27921376
111  48.08282982  011.27939889 102
111  48.08279409  011.27935055 102
111  48.08270270  011.27935158 102
111  48.08255154  011.27959122 102
113  48.08245809  011.27959430 102
111  48.08154631  011.27835187 102
111  48.08154150  011.27821200 102
111  48.08168922  011.27797031 102
111  48.08169197  011.27783660 102
111  48.08165350  011.27779032
111  48.08171121  011.27762062
112  48.08173938  011.27755685  48.08176343  011.27752806
112  48.08197300  011.27753937  48.08200254  011.27754965
111  48.08205889  011.27764427
111  48.08241000  011.27822023
111  48.08240862  011.27831897
111  48.08222310  011.27856889 102
111  48.08219012  011.27852364 102
111  48.08209393  011.27852569 102
111  48.08194758  011.27876739 102
113  48.08184795  011.27876533 102
111  48.08229011  011.28127452
112  48.08225370  011.28126835  48.08224751  011.28126115
112  48.08223377  011.28112333  48.08224682  011.28102048
112  48.08239043  011.28083844  48.08243715  011.28079216
113  48.08260481  011.28076130 102
111  48.08856589  011.29372303
111  48.08854278  011.29405032
112  48.08851342  011.29409988  48.08849094  011.29410923
111  48.08846950  011.29408767
111  48.08821830  011.29377458
113  48.08834556  011.29343166
111  48.08813614  011.29351076
111  48.08807930  011.29371929
111  48.08696682  011.29386328
111  48.08676881  011.29362016
111  48.08679129  011.29350795 102
113  48.08809741  011.29334338
111  48.08533171  011.29370301
111  48.08537743  011.29385858
111  48.08533254  011.29393699
111  48.08515878  011.29409131
113  48.08513300  011.29372915 102
111  48.08507647  011.29410749
111  48.08483370  011.29413985
111  48.08481042  011.29377520 102
113  48.08505070  011.29374159
111  48.08475555  011.29415104
111  48.08450447  011.29418838
111  48.08447786  011.29382249 102
113  48.08473227  011.29378515
111  48.08442632  011.29419958
111  48.08433487  011.29420953
111  48.08411704  011.29410375
111  48.08405801  011.29402286 102
111  48.08408711  011.29387102 102
113  48.08440138  011.29383244
110 1 0.00 0.0000 New Taxiway 20
111  48.08897965  011.29485157
111  48.08903453  011.29485282
111  48.08909189  011.29488642
112  48.08912598  011.29495612  48.08914261  011.29499969
111  48.08915757  011.29507187
111  48.08938870  011.29629660
111  48.08943110  011.29658785
112  48.08942694  011.29666502  48.08941946  011.29671605
111  48.08939618  011.29675214
111  48.08916589  011.29719897
112  48.08912432  011.29730600  48.08911600  011.29735330
111  48.08911101  011.29743047
111  48.08962315  011.29750142
111  48.08951091  011.29673845
111  48.08945189  011.29639617
111  48.08939701  011.29608999
111  48.08919831  011.29503951
112  48.08917586  011.29489513  48.08917171  011.29485281
111  48.08916755  011.29478062
111  48.08918168  011.29467483
113  48.08919415  011.29460637
110 1 0.00 0.0000 New Taxiway 19
111  48.08838268  011.29539490
111  48.08804497  011.29706416
112  48.08795070  011.29737141  48.08789227  011.29747710
111  48.08780463  011.29752266
111  48.08756993  011.29764770
111  48.08748513  011.29769126
111  48.08736541  011.29774478
111  48.08711349  011.29788417
112  48.08701123  011.29786924  48.08697548  011.29783065
111  48.08695969  011.29776344
111  48.08685410  011.29776096
111  48.08685576  011.29789039
111  48.08688474  011.29955814
111  48.08691883  011.30001368
111  48.08810077  011.29992258
111  48.08814946  011.29976405
111  48.08815433  011.29941418
111  48.08808383  011.29919271
111  48.08788320  011.29913408
111  48.08803917  011.29771563
111  48.08806390  011.29752842
113  48.08849953  011.29534673
112  48.08701111  011.29820747  48.08704754  011.29810928
111  48.08713682  011.29808201
111  48.08769615  011.29779018
112  48.08782368  011.29782836  48.08787469  011.29788018
111  48.08787469  011.29804655
111  48.08780182  011.29873384
112  48.08772894  011.29900658  48.08768886  011.29905567
111  48.08765971  011.29905567
111  48.08707670  011.29909113
112  48.08702568  011.29906385  48.08700017  011.29902567
111  48.08698924  011.29899567
113  48.08697050  011.29840882
130 Airport Boundary 4
111  48.09317794  011.29560495
111  48.09306871  011.29474389
111  48.09177253  011.29278175
111  48.09223129  011.28484603
111  48.08911461  011.28382138
111  48.08465806  011.28111822
111  48.08594697  011.27795729
111  48.08280845  011.27512362
111  48.08141031  011.27737982
111  48.07937137  011.27733627
111  48.07841015  011.27675867
111  48.07516969  011.27243225
111  48.07467451  011.27256302
111  48.07401914  011.27171301
111  48.07315987  011.27324957
111  48.07371330  011.27401240
111  48.07844656  011.28045286
111  48.07801693  011.28105219
111  48.07832277  011.28985796
111  48.07699745  011.29015222
111  48.07625470  011.29119847
111  48.07624013  011.29396662
111  48.07944419  011.29831502
111  48.08426484  011.29796650
111  48.08682080  011.29789029
111  48.08695916  011.30061529
111  48.08901267  011.30048468
111  48.08907092  011.29941642
111  48.08967532  011.29948182
111  48.08976999  011.29874058
111  48.09097879  011.30031027
111  48.09100064  011.29865338
113  48.09216575  011.29759609
120 Linear Feature 48
111  48.08041256  011.29795895 20
111  48.08037528  011.29733512 20
115  48.08023285  011.29735229
120 Linear Feature 47
111  48.08055294  011.29794426 20
111  48.08047038  011.29659281 20
112  48.08045300  011.29656940  48.08043910  011.29656550 20
111  48.08042085  011.29656550 20
115  48.08018622  011.29659672
120 Linear Feature 46
111  48.08119947  011.29623902 20
112  48.08116297  011.29621040  48.08113864  011.29620000 20
111  48.08111083  011.29620650 20
111  48.08058249  011.29627804 20
112  48.08052687  011.29632877  48.08050949  011.29636259 20
111  48.08050514  011.29639771 20
115  48.08059118  011.29782720
120 Linear Feature 45
111  48.08018362  011.29653818 20
111  48.08041129  011.29650697 20
111  48.08046343  011.29646274 20
111  48.08046169  011.29636389 20
112  48.08050341  011.29626633  48.08054251  011.29621040 20
111  48.08056684  011.29620520 20
111  48.08127247  011.29611675 20
115  48.08127855  011.29621691
120 Linear Feature 44
111  48.07846927  011.29097856 52
115  48.07752865  011.29094630
120 Linear Feature 43
111  48.07921482  011.29157661 5
115  48.07916034  011.29186419
120 Linear Feature 42
111  48.08067415  011.29258953 5
115  48.08073513  011.29230623
120 Linear Feature 41
111  48.08333182  011.29478164 5
115  48.08352267  011.29487876
120 Linear Feature 40
111  48.08514576  011.28634423 20
112  48.08509416  011.28634644  48.08506984  011.28638506 20
111  48.08509416  011.28642367 20
114  48.08514871  011.28642202  48.08517377  011.28638175 20
120 Linear Feature 32
111  48.08992950  011.28794332 22
115  48.08987903  011.28865798
120 Linear Feature 31
111  48.08992003  011.28771979 22
112  48.08994737  011.28784258  48.08996630  011.28789295 22
115  48.09000100  011.28793545
120 Linear Feature 30
111  48.09019749  011.28421991 22
111  48.08996316  011.28765567 22
112  48.08999496  011.28780805  48.09002041  011.28785948 22
116  48.09011456  011.28807090  48.09013110  011.28813566
120 Linear Feature 22
111  48.08866727  011.28795488 1
112  48.08853249  011.28813089  48.08852293  011.28820959 1
115  48.08853382  011.28824999
120 Linear Feature 29
111  48.08926791  011.29018042 20
111  48.08921744  011.28988606 20
111  48.08925635  011.28929577 20
115  48.08880736  011.28718646
120 Linear Feature 28
111  48.08882629  011.29197019 20
111  48.08889569  011.29178445 20
111  48.08901871  011.29180176 20
115  48.08915120  011.28996005
120 Linear Feature 27
111  48.08532824  011.29408121 1
111  48.08557955  011.29364993 1
112  48.08566577  011.29354133  48.08570993  011.29350512 1
115  48.08576981  011.29348941
120 Linear Feature 26
111  48.08357778  011.29424017 1
112  48.08373732  011.29384442  48.08382635  011.29374992 1
115  48.08394199  011.29374069
120 Linear Feature 25
111  48.08336012  011.29372391 1
112  48.08354203  011.29389862  48.08359986  011.29401824 1
111  48.08357778  011.29424017 1
111  48.08316770  011.29585347 1
112  48.08306045  011.29606437  48.08298789  011.29613992 1
111  48.08282491  011.29616038 1
111  48.08230232  011.29623593 1
112  48.08215091  011.29621862  48.08210465  011.29619501 1
111  48.08205102  011.29613205 1
112  48.08178815  011.29592587  48.08170508  011.29591643 1
111  48.08168300  011.29592744 1
111  48.08042437  011.29609270 1
112  48.08033394  011.29614936  48.08029714  011.29620602 1
111  48.08030240  011.29629415 1
115  48.08031396  011.29651449
120 Linear Feature 24
111  48.08134232  011.29181634 1
112  48.08130972  011.29188087  48.08130446  011.29190763 1
111  48.08130762  011.29202724 1
111  48.08134337  011.29250413 1
112  48.08140225  011.29269299  48.08145062  011.29279530 1
115  48.08154555  011.29285355
120 Linear Feature 23
111  48.08796020  011.29210531 1
111  48.08842632  011.29274597 1
112  48.08844598  011.29289315  48.08843442  011.29296241 1
112  48.08828290  011.29312171  48.08819962  011.29317538 1
111  48.08811981  011.29318750 1
111  48.08576981  011.29348941 1
111  48.08394199  011.29374069 1
112  48.08361794  011.29376644  48.08351853  011.29376787 1
111  48.08335889  011.29372352 1
111  48.08154555  011.29285355 1
111  48.07914339  011.29169605 1
112  48.07899235  011.29163739  48.07892258  011.29161879 1
111  48.07885566  011.29161736 1
115  48.07761445  011.29158367
120 Linear Feature 21
111  48.08843507  011.28795433 1
112  48.08850572  011.28801498  48.08855065  011.28802643 1
111  48.08866727  011.28795488 1
115  48.08872175  011.28792053
120 Linear Feature 20
111  48.08686851  011.28574280 1
112  48.08685295  011.28566033  48.08685870  011.28562055 1
115  48.08688736  011.28559024
120 Linear Feature 19
111  48.08676739  011.28560325 1
112  48.08682100  011.28562453  48.08685260  011.28562217 1
111  48.08688736  011.28559024 1
111  48.08729895  011.28517868 1
112  48.08734556  011.28516567  48.08737558  011.28517159 1
115  48.08739375  011.28521416
120 Linear Feature 38
111  48.08678086  011.29320640 4
115  48.08680189  011.29350118
120 Linear Feature 37
111  48.08866611  011.29048180 4
115  48.08854919  011.29048062
120 Linear Feature 36
111  48.08229119  011.28153969 4
115  48.08216518  011.28136475
120 Linear Feature 35
111  48.07674991  011.27538668 4
115  48.07673770  011.27519965
120 Linear Feature 34
111  48.07492137  011.27291835 4
115  48.07489660  011.27275432
120 Linear Feature 11
111  48.08173837  011.28357849 1
111  48.08143659  011.28315161 1
112  48.08140499  011.28294941  48.08141684  011.28284062 1
115  48.08148399  011.28273301
120 Linear Feature 16
111  48.08380054  011.28096435 1
112  48.08374277  011.28128209  48.08374909  011.28147130 1
115  48.08383097  011.28159549
120 Linear Feature 15
111  48.08418898  011.28007200 1
111  48.08430282  011.27978582 1
112  48.08438538  011.27969607  48.08443578  011.27968566 1
111  48.08445924  011.27971038 1
111  48.08463217  011.27987558 1
112  48.08475731  011.27992111  48.08480771  011.27990810 1
111  48.08484595  011.27982485 1
115  48.08529198  011.27879889
120 Linear Feature 18
111  48.08623888  011.28487950 1
112  48.08621325  011.28476814  48.08621612  011.28470578 1
115  48.08624413  011.28465310
120 Linear Feature 17
111  48.08609589  011.28468437 1
112  48.08616441  011.28471438  48.08620607  011.28471331 1
111  48.08624413  011.28465310 1
115  48.08656085  011.28415426
120 Linear Feature 14
111  48.08347310  011.28110947 1
112  48.08363022  011.28114516  48.08373450  011.28111264 1
111  48.08380054  011.28096435 1
111  48.08418898  011.28007200 1
112  48.08419854  011.27987037  48.08417943  011.27977281 1
111  48.08412902  011.27972859 1
111  48.08404299  011.27964143 1
112  48.08398825  011.27949444  48.08398043  011.27940469 1
111  48.08401258  011.27930973 1
115  48.08416813  011.27896892
120 Linear Feature 13
111  48.07670218  011.27669765 1
111  48.07626266  011.27608831 1
112  48.07624300  011.27596540  48.07625109  011.27589616 1
111  48.07629504  011.27580614 1
111  48.07651365  011.27545126 1
112  48.07674729  011.27528508  48.07691037  011.27524526 1
115  48.07707181  011.27544329
120 Linear Feature 12
111  48.08280566  011.28057495 1
112  48.08291862  011.28047680  48.08299288  011.28046142 1
115  48.08305677  011.28053712
120 Linear Feature 10
111  48.08281819  011.28021311 1
112  48.08285542  011.28038220  48.08285068  011.28049454 1
111  48.08280566  011.28057495 1
111  48.08148399  011.28273301 1
112  48.08129597  011.28287609  48.08120749  011.28285126 1
111  48.08119090  011.28282407 1
115  48.08076904  011.28224938
120 Linear Feature 9
111  48.07500559  011.27435977 1
111  48.07460736  011.27381899 1
112  48.07450431  011.27351813  48.07451449  011.27336580 1
111  48.07460228  011.27316396 1
111  48.07473714  011.27296212 1
112  48.07499796  011.27281550  48.07515827  011.27281931 1
111  48.07527151  011.27297926 1
111  48.07650563  011.27467017 1
111  48.07707181  011.27544329 1
111  48.07794460  011.27663725 1
112  48.07865580  011.27737793  48.07910821  011.27774069 1
111  48.07965493  011.27777840 1
111  48.08082847  011.27778093 1
112  48.08102649  011.27784166  48.08114354  011.27791402 1
111  48.08121479  011.27802067 1
111  48.08281819  011.28021311 1
111  48.08305677  011.28053712 1
111  48.08347310  011.28110947 1
111  48.08383097  011.28159549 1
111  48.08609589  011.28468437 1
111  48.08623888  011.28487950 1
111  48.08676739  011.28560325 1
111  48.08686851  011.28574280 1
111  48.08821703  011.28758298 1
112  48.08835291  011.28778639  48.08840268  011.28787627 1
111  48.08843507  011.28795433 1
112  48.08848326  011.28807969  48.08850459  011.28814592 1
111  48.08853382  011.28824999 1
112  48.08858043  011.28849362  48.08859386  011.28861661 1
111  48.08859544  011.28871951 1
111  48.08861124  011.29140295 1
112  48.08857727  011.29186537  48.08854093  011.29205460 1
112  48.08832684  011.29231241  48.08818122  011.29237483 1
111  48.08809221  011.29223436 1
115  48.08768299  011.29168206
120 Linear Feature 8
111  48.07398298  011.27185284 22
112  48.07379069  011.27276249  48.07371480  011.27324869 22
115  48.07369957  011.27357723
21  48.08656119  011.29111254 2 220.0200 3.00 New Light Fixture 2
20  48.08677260  011.29299179 312.5467 0 2 {@L}E{@R}22
20  48.08881651  011.29050927 65.2508 0 2 {@L}A{@R}22
20  48.08266811  011.28039697 57.5928 0 2 {@Y}B{^r}
20  48.08350980  011.28090179 35.3914 0 2 {@Y}{^l}DLR
20  48.08384780  011.28186061 215.2769 0 2 {@Y}DLR{^r}
20  48.08874073  011.29189639 315.4767 0 2 {@Y}{^lu}A
20  48.08141126  011.28244646 31.6750 0 2 {@Y}{^l}B
20  48.08169532  011.28284474 237.4219 0 2 {@Y}B{^r}
20  48.08169532  011.28284474 237.4219 0 2 {@Y}B{^r}
20  48.08295452  011.28077275 206.6143 0 2 {@L}A{@Y}{^l}B
20  48.08304784  011.28018273 312.5309 0 2 {@L}B{@Y}{^l}A{^r}
20  48.08240720  011.28167332 124.9000 0 2 {@L}B{@R}04-22
20  48.07676056  011.27548632 174.3200 0 2 {@L}C{@R}04
20  48.07493150  011.27299289 169.0000 0 2 {@L}A{@R}04
20  48.08380779  011.29425450 150.6433 0 2 {@Y}{^l}RUAG
20  48.08324629  011.29466845 287.3828 0 2 {@Y}CONTACT_119.55
14  48.08632978  011.29476473  65.62 0 New Tower Viewpoint 3
1300  48.08772544  011.28622305 127.48 tie_down jets|turboprops|props|helos Position 3
1301 C none 
1300  48.08333362  011.28133621 312.58 tie_down turboprops|props|helos Pad 16
1301 C none 
1300  48.08149696  011.27794179 132.31 tie_down turboprops|props|helos Pad 21
1301 C none 
1300  48.08557471  011.27837729 209.71 tie_down turboprops|props|helos DLR Ramp 1
1301 C none 
1300  48.08404962  011.27922710 124.67 tie_down turboprops|props|helos DLR Ramp 2
1301 C none 
1300  48.08214174  011.29677182 264.24 tie_down jets|turboprops|props|helos Apron RUAG
1301 C none 
1054 119550 OBI Tower
99
