I
1130 Generated by WorldEditor 2.0.0r4

17   1600 0 0 EDMX [H] Oberschleissheim HEL
102 H1  48.23795451  011.56542585 255.35 30.00 30.00 2 0 0 0.30 0
110 1 0.25 355.0000 lib/airport/pavement/asphalt_4D.pol
111  48.23077975  011.56617553
111  48.23080458  011.56611525
111  48.23081178  011.56607634
111  48.23079999  011.56588308
111  48.23078586  011.56585925
111  48.23077493  011.56566451
111  48.23077377  011.56564482
111  48.23074418  011.56564888
112  48.23069976  011.56563503  48.23068429  011.56562608
112  48.23066162  011.56559934  48.23064092  011.56558561
112  48.23060318  011.56556555  48.23058746  011.56555247
112  48.23057751  011.56552752  48.23057699  011.56552176
111  48.23057692  011.56551527
111  48.23056994  011.56551611
113  48.23061072  011.56619780
110 2 0.25 174.0000 lib/airport/pavement/concrete_3D.pol
111  48.23213068  011.56594980
111  48.23211449  011.56568070
111  48.23193523  011.56570495
113  48.23195139  011.56597406
110 2 0.25 174.0000 lib/airport/pavement/concrete_3D.pol
111  48.23187101  011.56598507
111  48.23185482  011.56571596
111  48.23167557  011.56574022
113  48.23169172  011.56600933
110 2 0.25 174.0000 lib/airport/pavement/concrete_3D.pol
111  48.23161185  011.56601935
111  48.23159566  011.56575024
111  48.23141641  011.56577450
113  48.23143256  011.56604361
110 2 0.25 174.0000 lib/airport/pavement/concrete_3D.pol
111  48.23135054  011.56605437
111  48.23133435  011.56578526
111  48.23115510  011.56580952
113  48.23117125  011.56607863
110 2 0.25 85.0000 lib/airport/pavement/concrete_3D.pol
111  48.23292417  011.56522805
111  48.23290146  011.56483571
111  48.23285301  011.56484144
111  48.23285172  011.56482052
111  48.23069449  011.56511314
111  48.23069083  011.56505843
111  48.23056685  011.56507544
113  48.23059782  011.56553983
110 2 0.25 174.0000 lib/airport/pavement/concrete_3D.pol
111  48.23299034  011.56598983
111  48.23298387  011.56588206
111  48.23293133  011.56588874
111  48.23291565  011.56562773
111  48.23296820  011.56562104
111  48.23296160  011.56551119
111  48.23290906  011.56551787
111  48.23290350  011.56542528
111  48.23271976  011.56545015
111  48.23275975  011.56611621
111  48.23294349  011.56609134
113  48.23293780  011.56599651
110 2 0.25 174.0000 lib/airport/pavement/concrete_3D.pol
111  48.23297694  011.56566568
111  48.23298476  011.56579482
111  48.23305457  011.56578525
113  48.23304683  011.56565577
110 1 0.25 175.0000 lib/airport/pavement/asphalt_6L.pol
111  48.23205784  011.56568892
111  48.23206523  011.56568793
112  48.23205228  011.56545984  48.23204717  011.56537001
111  48.23210162  011.56534358
111  48.23209972  011.56533777
111  48.23209278  011.56533875
114  48.23204435  011.56546127  48.23205036  011.56556182
110 1 0.25 175.0000 lib/airport/pavement/asphalt_6L.pol
111  48.23179815  011.56572404
111  48.23180555  011.56572305
112  48.23179231  011.56549501  48.23178721  011.56540519
111  48.23184165  011.56537876
111  48.23183975  011.56537295
111  48.23183152  011.56537392
114  48.23178438  011.56549645  48.23179039  011.56559700
110 1 0.25 175.0000 lib/airport/pavement/asphalt_6L.pol
111  48.23153869  011.56575825
111  48.23154608  011.56575726
112  48.23153295  011.56553000  48.23152784  011.56544017
111  48.23158229  011.56541374
111  48.23158039  011.56540793
111  48.23157022  011.56540916
114  48.23152502  011.56553144  48.23153056  011.56562292
110 1 0.25 175.0000 lib/airport/pavement/asphalt_6L.pol
111  48.23127803  011.56579302
111  48.23128542  011.56579203
112  48.23127229  011.56556477  48.23126719  011.56547495
111  48.23132163  011.56544851
111  48.23131973  011.56544271
111  48.23131030  011.56544383
114  48.23126436  011.56556621  48.23126990  011.56565770
110 1 0.25 175.0000 lib/airport/pavement/asphalt_6L.pol
111  48.23277298  011.56544369
111  48.23277968  011.56544281
112  48.23274847  011.56532003  48.23271600  011.56526124
111  48.23267245  011.56526102
111  48.23265528  011.56526344
111  48.23265568  011.56526887
114  48.23274251  011.56532657  48.23277340  011.56538231
110 1 0.25 85.0000 lib/airport/pavement/asphalt_1D.pol
111  48.23146941  011.56501003
111  48.23145730  011.56480811
111  48.23131842  011.56482939
113  48.23133156  011.56503053
110 1 0.25 60.0000 lib/airport/pavement/asphalt_2L.pol
111  48.23170434  011.56497758
111  48.23169269  011.56477063
111  48.23156430  011.56478893
113  48.23157762  011.56499572
110 1 0.25 60.0000 lib/airport/pavement/asphalt_2D.pol
111  48.22776770  011.56531901
112  48.22786259  011.56518803  48.22794482  011.56517713
111  48.22830822  011.56512760
111  48.22831775  011.56517135
111  48.22843781  011.56515441
111  48.22843408  011.56511053
111  48.22917977  011.56500933
111  48.22918734  011.56504941
111  48.22925516  011.56504045
111  48.22926799  011.56499736
111  48.23037383  011.56484733
111  48.23037005  011.56477125
112  48.22780138  011.56512122  48.22777117  011.56512514
113  48.22775498  011.56509304
110 1 0.25 0.0000 lib/airport/pavement/asphalt_3L.pol
111  48.22984178  011.56491808
111  48.22984643  011.56499118
111  48.22992919  011.56498478
111  48.22994330  011.56492180
114  48.22991245  011.56490917  48.22990360  011.56491029
110 1 0.25 0.0000 lib/airport/pavement/asphalt_3L.pol
111  48.23002569  011.56552953
111  48.23006633  011.56548654
112  48.23001567  011.56527691  48.23001102  011.56518618
111  48.23000940  011.56516483
111  48.22996194  011.56517115
114  48.22996880  011.56529693  48.22997374  011.56538329
110 1 0.25 85.0000 lib/airport/pavement/asphalt_1D.pol
111  48.23056700  011.56507736
111  48.23067262  011.56506318
111  48.23066987  011.56502106
113  48.23056383  011.56503666
110 1 0.25 60.0000 lib/airport/pavement/asphalt_1D.pol
111  48.22990381  011.56463783
111  48.22990625  011.56468153
111  48.23053897  011.56459639
111  48.23082188  011.56455832
111  48.23143692  011.56447555
113  48.23143420  011.56443259
110 1 0.25 60.0000 lib/airport/pavement/asphalt_1D.pol
111  48.23161243  011.56343623
111  48.23127851  011.56348357
112  48.23134341  011.56351195  48.23137670  011.56354057
112  48.23141719  011.56368095  48.23142056  011.56374525
112  48.23142205  011.56377548  48.23142542  011.56384177
112  48.23136865  011.56390775  48.23135154  011.56392476
111  48.23130759  011.56393147
111  48.23129599  011.56370412
111  48.23045936  011.56381497
111  48.23047118  011.56403946
111  48.23031524  011.56406012
111  48.23030184  011.56383584
112  48.22977798  011.56390525  48.22975096  011.56390846
112  48.22972425  011.56383448  48.22972026  011.56375999
111  48.22972425  011.56383448
112  48.22972425  011.56383448  48.22972225  011.56379724
112  48.22974629  011.56372858  48.22976348  011.56369923
111  48.22979100  011.56367983
111  48.22960650  011.56370719
112  48.22965876  011.56373967  48.22967991  011.56376281
112  48.22969323  011.56383701  48.22969535  011.56387425
111  48.22969323  011.56383701
112  48.22969323  011.56383701  48.22969746  011.56391150
112  48.22965022  011.56392217  48.22962379  011.56392538
111  48.22947346  011.56394559
111  48.22947890  011.56402992
111  48.22966285  011.56400583
112  48.22969536  011.56406018  48.22969836  011.56411302
112  48.22969836  011.56411301  48.22969960  011.56413509
112  48.22967595  011.56416660  48.22966394  011.56417376
112  48.22957677  011.56431646  48.22954552  011.56442092
112  48.22959605  011.56455889  48.22961739  011.56461315
111  48.22965052  011.56464657
112  48.22965824  011.56477873  48.22964556  011.56483931
111  48.22959303  011.56487812
111  48.22978100  011.56485281
112  48.22973661  011.56483401  48.22971708  011.56482272
111  48.22971469  011.56480197
112  48.22973521  011.56473990  48.22975191  011.56470777
112  48.22977360  011.56469688  48.22978736  011.56469688
111  48.22981279  011.56469410
111  48.22981015  011.56465041
112  48.22967488  011.56460416  48.22962104  011.56455012
112  48.22961499  011.56438292  48.22962637  011.56431414
112  48.22975381  011.56421687  48.22984746  011.56420478
112  48.23266816  011.56382918  48.23271183  011.56382342
112  48.23279791  011.56394811  48.23282015  011.56402586
112  48.23278054  011.56416960  48.23274607  011.56423669
112  48.23262165  011.56427325  48.23257470  011.56427955
111  48.23257470  011.56427955
111  48.23154620  011.56441758
111  48.23154867  011.56446058
111  48.23190467  011.56441267
111  48.23196855  011.56440408
111  48.23218176  011.56437539
111  48.23243709  011.56434104
112  48.23275090  011.56429881  48.23278111  011.56429480
112  48.23283538  011.56432878  48.23286443  011.56436032
112  48.23287970  011.56446451  48.23288349  011.56452862
111  48.23290146  011.56483571
111  48.23291786  011.56511896
111  48.23294421  011.56516152
111  48.23296383  011.56549453
111  48.23296690  011.56549406
111  48.23297662  011.56565691
111  48.23300268  011.56565323
111  48.23297380  011.56516297
111  48.23295848  011.56490288
112  48.23292601  011.56435121  48.23292128  011.56426989
112  48.23288906  011.56407933  48.23286668  011.56399278
112  48.23285145  011.56393476  48.23281385  011.56379019
112  48.23264991  011.56375351  48.23257711  011.56376286
111  48.23244868  011.56378005
112  48.23241569  011.56371655  48.23241260  011.56366098
112  48.23241082  011.56362981  48.23240666  011.56355659
111  48.23236030  011.56356463
111  48.23165734  011.56365827
111  48.23167144  011.56388258
111  48.23163637  011.56388721
112  48.23154097  011.56387629  48.23150820  011.56384797
112  48.23147719  011.56370461  48.23147166  011.56357900
114  48.23153555  011.56348034  48.23157089  011.56344358
111  48.23178023  011.56386823
112  48.23174660  011.56382803  48.23174434  011.56378768
112  48.23174366  011.56377696  48.23174125  011.56373570
111  48.23177162  011.56372531
111  48.23232358  011.56365141
112  48.23235500  011.56369150  48.23235715  011.56372934
112  48.23235818  011.56374721  48.23236040  011.56378627
113  48.23233171  011.56379548
111  48.22979177  011.56413078
112  48.22975620  011.56409449  48.22975415  011.56405844
112  48.22975326  011.56404248  48.22975060  011.56399646
111  48.22978368  011.56398874
111  48.23007195  011.56395000
112  48.23008937  011.56397339  48.23009069  011.56399728
112  48.23009431  011.56405870  48.23009595  011.56408700
113  48.23008020  011.56409235
112  48.23284729  011.56426983  48.23283836  011.56426059
112  48.23280691  011.56424561  48.23279556  011.56424307
112  48.23280420  011.56422079  48.23281301  011.56420702
112  48.23283414  011.56415364  48.23283921  011.56413335
112  48.23284863  011.56415929  48.23285237  011.56417668
114  48.23286352  011.56425290  48.23286497  011.56426848
110 1 0.25 60.0000 lib/airport/pavement/asphalt_2L.pol
111  48.23155455  011.56456336
111  48.23152176  011.56398162
111  48.23140839  011.56399626
111  48.23144266  011.56457842
111  48.23054071  011.56468991
111  48.23056189  011.56503942
111  48.23066704  011.56502529
111  48.23067418  011.56514337
111  48.23133595  011.56505316
111  48.23132261  011.56483158
111  48.23168865  011.56478146
111  48.23170198  011.56500446
111  48.23288100  011.56484556
111  48.23285989  011.56449000
111  48.23238671  011.56455380
113  48.23238025  011.56444292
110 1 0.25 60.0000 lib/airport/pavement/asphalt_2L.pol
111  48.22990690  011.56469114
111  48.22987910  011.56420022
111  48.22978383  011.56421277
113  48.22981295  011.56470379
110 1 0.25 60.0000 lib/airport/pavement/asphalt_2L.pol
111  48.23242381  011.56438316
111  48.23243709  011.56434104
111  48.23218176  011.56437539
111  48.23219732  011.56441306
111  48.23225118  011.56440595
111  48.23225455  011.56446589
111  48.23228334  011.56446264
111  48.23227994  011.56440216
111  48.23229679  011.56439993
111  48.23230021  011.56446074
111  48.23232742  011.56445766
111  48.23232398  011.56439634
111  48.23234187  011.56439398
111  48.23234534  011.56445564
111  48.23237286  011.56445254
113  48.23236936  011.56439035
110 1 0.25 60.0000 lib/airport/pavement/asphalt_2L.pol
111  48.23196855  011.56440408
111  48.23190467  011.56441267
111  48.23191009  011.56451480
113  48.23197300  011.56450616
110 1 0.25 60.0000 lib/airport/pavement/asphalt_2L.pol
111  48.23082188  011.56455832
111  48.23053897  011.56459639
111  48.23054309  011.56469188
113  48.23082684  011.56465747
110 1 0.25 60.0000 lib/airport/pavement/asphalt_2L.pol
111  48.23262165  011.56427325
111  48.23259654  011.56383860
111  48.23254832  011.56384510
113  48.23257470  011.56427955
110 1 0.25 60.0000 lib/airport/pavement/asphalt_3L.pol
111  48.23466643  011.56629646
111  48.23466425  011.56628356
111  48.23462430  011.56629631
112  48.23463112  011.56642125  48.23463211  011.56644366
111  48.23462595  011.56645913
111  48.23469475  011.56643672
114  48.23467672  011.56638604  48.23467294  011.56636092
110 1 0.25 130.0000 lib/airport/pavement/asphalt_4D.pol
111  48.23442503  011.56662901
111  48.23440700  011.56653235
112  48.23408598  011.56660952  48.23395611  011.56662821
112  48.23362530  011.56660077  48.23350177  011.56657201
112  48.23303495  011.56646315  48.23298564  011.56645166
112  48.23268458  011.56638174  48.23257477  011.56635624
112  48.23237796  011.56631145  48.23236447  011.56630817
111  48.23237796  011.56631145
112  48.23237796  011.56631145  48.23232401  011.56629836
112  48.23217376  011.56630119  48.23212770  011.56630679
111  48.23196550  011.56632937
111  48.23190928  011.56633702
111  48.23169837  011.56636571
111  48.23164472  011.56637301
111  48.23145853  011.56639861
111  48.23146427  011.56649787
112  48.23216735  011.56640220  48.23223154  011.56639350
112  48.23237689  011.56641053  48.23244125  011.56642571
112  48.23361006  011.56670041  48.23373996  011.56673091
114  48.23413116  011.56670479  48.23424143  011.56668673
110 1 0.25 355.0000 lib/airport/pavement/asphalt_1D.pol
111  48.23092299  011.56549625
111  48.23083149  011.56550851
112  48.23082946  011.56553718  48.23082673  011.56554678
111  48.23079996  011.56564153
111  48.23087911  011.56563110
112  48.23088153  011.56558073  48.23088910  011.56555326
114  48.23090877  011.56552380  48.23091463  011.56551241
110 1 0.25 355.0000 lib/airport/pavement/asphalt_1D.pol
111  48.23118578  011.56653547
111  48.23117866  011.56643642
112  48.23112632  011.56644354  48.23110014  011.56644710
112  48.23105811  011.56641628  48.23104196  011.56639818
111  48.23103555  011.56637472
111  48.23105205  011.56664207
112  48.23106736  011.56659109  48.23108035  011.56656722
114  48.23113125  011.56654287  48.23115851  011.56653917
110 1 0.25 175.0000 lib/airport/pavement/asphalt_6D.pol
111  48.23304075  011.56515489
111  48.23302603  011.56489445
111  48.23295784  011.56490295
113  48.23297330  011.56516303
110 1 0.25 0.0000 lib/airport/pavement/asphalt_6L.pol
111  48.23299071  011.56600835
111  48.23299781  011.56600716
111  48.23298566  011.56580437
111  48.23301340  011.56580049
111  48.23301280  011.56579040
111  48.23298506  011.56579428
111  48.23297739  011.56566633
111  48.23300513  011.56566244
111  48.23300454  011.56565258
111  48.23297680  011.56565647
111  48.23296706  011.56549375
113  48.23296020  011.56549484
110 1 0.25 60.0000 lib/airport/pavement/asphalt_1D.pol
111  48.23301135  011.56580059
111  48.23298549  011.56580406
111  48.23299759  011.56600690
111  48.23299406  011.56600744
112  48.23300591  011.56620794  48.23301361  011.56633885
111  48.23292342  011.56638427
112  48.23294716  011.56641354  48.23296252  011.56642845
112  48.23300313  011.56645349  48.23302293  011.56646182
112  48.23306949  011.56647284  48.23308979  011.56647775
111  48.23310513  011.56648031
112  48.23306463  011.56644273  48.23304972  011.56641735
114  48.23304246  011.56632949  48.23303963  011.56627974
110 1 0.25 0.0000 lib/airport/pavement/asphalt_3L.pol
111  48.23135262  011.56369648
111  48.23129599  011.56370412
111  48.23130759  011.56393147
112  48.23136865  011.56390775  48.23138575  011.56389073
112  48.23142205  011.56377548  48.23141868  011.56370919
112  48.23141719  011.56368095  48.23141382  011.56361665
112  48.23134341  011.56351195  48.23131011  011.56348333
111  48.23134341  011.56351195
114  48.23134341  011.56351195  48.23134747  011.56359337
110 1 0.25 0.0000 lib/airport/pavement/asphalt_3L.pol
111  48.22965645  011.56400570
111  48.22951635  011.56402446
111  48.22951991  011.56408539
113  48.22966001  011.56406672
110 1 0.25 0.0000 lib/airport/pavement/asphalt_3L.pol
111  48.22964808  011.56386177
111  48.22950796  011.56388053
111  48.22951159  011.56394146
113  48.22965161  011.56392281
110 1 0.25 0.0000 lib/airport/pavement/asphalt_3L.pol
111  48.23007638  011.56403145
111  48.22993845  011.56404992
111  48.22994200  011.56411075
113  48.23007999  011.56409237
110 1 0.25 0.0000 lib/airport/pavement/asphalt_3L.pol
111  48.22992500  011.56405172
111  48.22978627  011.56407029
111  48.22978981  011.56413103
113  48.22992856  011.56411255
110 1 0.25 0.0000 lib/airport/pavement/asphalt_3L.pol
111  48.23007166  011.56395022
111  48.22993370  011.56396869
111  48.22993728  011.56402953
113  48.23007520  011.56401116
110 1 0.25 0.0000 lib/airport/pavement/asphalt_3L.pol
111  48.22992025  011.56397049
111  48.22978153  011.56398907
111  48.22978507  011.56404981
113  48.22992385  011.56403132
110 1 0.25 0.0000 lib/airport/pavement/asphalt_3L.pol
111  48.23028259  011.56377684
111  48.23008123  011.56380363
111  48.23008475  011.56386459
113  48.23028614  011.56383793
110 1 0.25 0.0000 lib/airport/pavement/asphalt_3L.pol
111  48.23006324  011.56380602
111  48.22992530  011.56382437
111  48.22992884  011.56388522
113  48.23006680  011.56386696
110 1 0.25 0.0000 lib/airport/pavement/asphalt_3L.pol
111  48.22991185  011.56382616
111  48.22977310  011.56384462
111  48.22977667  011.56390537
113  48.22991539  011.56388700
110 1 0.25 0.0000 lib/airport/pavement/asphalt_3L.pol
111  48.23232842  011.56373400
111  48.23218852  011.56375273
111  48.23219209  011.56381377
113  48.23233197  011.56379513
110 1 0.25 0.0000 lib/airport/pavement/asphalt_3L.pol
111  48.23217509  011.56375453
111  48.23205866  011.56377012
111  48.23206220  011.56383107
113  48.23217864  011.56381556
110 1 0.25 0.0000 lib/airport/pavement/asphalt_3L.pol
111  48.23204519  011.56377192
111  48.23192918  011.56378745
111  48.23193273  011.56384832
113  48.23204874  011.56383286
110 1 0.25 0.0000 lib/airport/pavement/asphalt_3L.pol
111  48.23191572  011.56378926
111  48.23177585  011.56380798
111  48.23177939  011.56386874
113  48.23191928  011.56385011
110 1 0.25 0.0000 lib/airport/pavement/asphalt_3L.pol
111  48.23232360  011.56365143
111  48.23218367  011.56367016
111  48.23218724  011.56373120
113  48.23232717  011.56371256
110 1 0.25 0.0000 lib/airport/pavement/asphalt_3L.pol
111  48.23217024  011.56367196
111  48.23205382  011.56368755
111  48.23205735  011.56374850
113  48.23217379  011.56373299
110 1 0.25 0.0000 lib/airport/pavement/asphalt_3L.pol
111  48.23204034  011.56368935
111  48.23192433  011.56370488
111  48.23192788  011.56376575
113  48.23204389  011.56375029
110 1 0.25 0.0000 lib/airport/pavement/asphalt_3L.pol
111  48.23191087  011.56370669
111  48.23177100  011.56372541
111  48.23177454  011.56378617
113  48.23191443  011.56376754
110 1 0.25 0.0000 lib/airport/pavement/asphalt_3L.pol
111  48.23236030  011.56356463
111  48.23235675  011.56350347
111  48.23217542  011.56352775
113  48.23217899  011.56358878
110 1 0.25 0.0000 lib/airport/pavement/asphalt_3L.pol
111  48.23216199  011.56352955
111  48.23204556  011.56354514
111  48.23204910  011.56360609
113  48.23216554  011.56359057
110 1 0.25 0.0000 lib/airport/pavement/asphalt_3L.pol
111  48.23203209  011.56354694
111  48.23191608  011.56356247
111  48.23191963  011.56362333
113  48.23203564  011.56360788
110 1 0.25 0.0000 lib/airport/pavement/asphalt_3L.pol
111  48.23190262  011.56356427
111  48.23176275  011.56358300
111  48.23176629  011.56364376
113  48.23190618  011.56362512
110 1 0.25 0.0000 lib/airport/pavement/asphalt_3L.pol
111  48.23174932  011.56358480
111  48.23165479  011.56359745
111  48.23165709  011.56365225
111  48.23162322  011.56365560
111  48.23163637  011.56388721
111  48.23167144  011.56388258
111  48.23165734  011.56365827
113  48.23175283  011.56364555
110 2 0.25 75.0000 lib/airport/pavement/concrete_6L.pol
111  48.23805093  011.56517856
111  48.23778960  011.56528096
111  48.23785809  011.56567314
113  48.23811936  011.56557073
111  48.23804268  011.56519805
111  48.23810657  011.56555989
111  48.23786663  011.56565380
113  48.23780327  011.56529176
110 2 0.25 75.0000 lib/airport/pavement/concrete_6L.pol
111  48.23796839  011.56535778
111  48.23795681  011.56536236
111  48.23796549  011.56541297
111  48.23794061  011.56542307
111  48.23793141  011.56537240
111  48.23792023  011.56537682
111  48.23794091  011.56549521
111  48.23795290  011.56549049
111  48.23794413  011.56544056
111  48.23796861  011.56543045
111  48.23797779  011.56548070
113  48.23798908  011.56547626
110 1 0.25 75.0000 lib/airport/pavement/asphalt_4D.pol
111  48.23806096  011.56515380
111  48.23777170  011.56526457
111  48.23784878  011.56569889
113  48.23813539  011.56558424
111  48.23811936  011.56557073
111  48.23785809  011.56567314
111  48.23778960  011.56528096
113  48.23805093  011.56517856
110 2 0.25 75.0000 lib/airport/pavement/concrete_4D.pol
111  48.23804268  011.56519805
111  48.23780327  011.56529176
111  48.23786663  011.56565380
113  48.23810657  011.56555989
111  48.23798908  011.56547626
111  48.23797779  011.56548070
111  48.23796861  011.56543045
111  48.23794413  011.56544056
111  48.23795290  011.56549049
111  48.23794091  011.56549521
111  48.23792023  011.56537682
111  48.23793141  011.56537240
111  48.23794061  011.56542307
111  48.23796549  011.56541297
111  48.23795681  011.56536236
113  48.23796839  011.56535778
110 1 0.25 349.0000 lib/airport/pavement/asphalt_5D.pol
111  48.23822096  011.56530486
111  48.23809328  011.56534107
111  48.23811378  011.56545958
113  48.23824063  011.56541991
110 1 0.25 356.0000 lib/airport/pavement/asphalt_1D.pol
111  48.22902646  011.56661123
111  48.22852283  011.56667299
111  48.22853365  011.56685349
111  48.22867237  011.56688877
113  48.22903874  011.56683828
110 1 0.25 356.0000 lib/airport/pavement/asphalt_1D.pol
111  48.22905488  011.56711420
111  48.22864047  011.56716752
111  48.22865927  011.56746633
113  48.22907108  011.56740743
110 1 0.25 50.0000 lib/airport/pavement/asphalt_3L.pol
111  48.22929421  011.56503312
111  48.22821542  011.56518484
111  48.22826269  011.56582469
113  48.22933868  011.56565407
110 1 0.25 60.0000 lib/airport/pavement/asphalt_2D.pol
111  48.23026676  011.56733626
112  48.23018150  011.56718818  48.23017137  011.56703967
112  48.23015674  011.56682223  48.23015156  011.56673185
112  48.23025611  011.56662297  48.23035689  011.56660922
111  48.23050129  011.56659088
111  48.23047825  011.56620319
111  48.23042625  011.56621057
111  48.23037323  011.56539245
112  48.23016977  011.56541584  48.23013269  011.56541928
112  48.23006945  011.56527430  48.23006421  011.56517999
112  48.23005478  011.56500799  48.23005000  011.56492039
111  48.23012195  011.56487877
111  48.22991047  011.56490855
112  48.22999973  011.56501361  48.23000482  011.56509910
112  48.23001474  011.56527646  48.23002307  011.56542233
111  48.23010068  011.56556388
111  48.23010310  011.56560040
111  48.22973420  011.56527291
112  48.22972269  011.56506481  48.22971745  011.56496811
111  48.22977976  011.56492610
111  48.22958555  011.56495136
112  48.22966876  011.56507226  48.22967425  011.56516422
111  48.22970995  011.56577871
111  48.22972449  011.56602800
111  48.22973055  011.56613193
112  48.22975358  011.56652541  48.22975683  011.56657909
112  48.22968485  011.56662185  48.22964827  011.56662663
112  48.22952849  011.56664301  48.22948331  011.56664912
111  48.22947151  011.56657928
111  48.22948400  011.56679721
112  48.22953472  011.56672272  48.22957848  011.56671692
112  48.22970812  011.56669861  48.22972727  011.56669631
112  48.22976745  011.56675520  48.22977013  011.56679859
112  48.22979936  011.56725904  48.22980640  011.56737372
111  48.22973395  011.56740984
111  48.22994532  011.56737955
112  48.22984972  011.56725267  48.22984268  011.56713149
112  48.22982186  011.56679112  48.22981746  011.56671929
112  48.22987857  011.56667598  48.22991506  011.56667062
112  48.23005975  011.56665101  48.23008462  011.56664768
112  48.23011293  011.56677882  48.23011970  011.56687723
112  48.23013916  011.56719215  48.23014809  011.56733652
113  48.23006901  011.56736339
111  48.23010486  011.56562641
111  48.23015753  011.56644530
111  48.23019566  011.56643880
112  48.23019905  011.56650353  48.23020017  011.56652638
112  48.23017776  011.56655698  48.23016164  011.56655866
111  48.23014600  011.56655878
112  48.22985258  011.56659131  48.22983284  011.56659314
112  48.22981067  011.56652883  48.22980883  011.56649430
111  48.22976145  011.56570364
113  48.22973573  011.56529541
112  48.23033410  011.56654580  48.23026014  011.56655434
111  48.23025587  011.56646672
111  48.23026911  011.56646437
111  48.23026145  011.56636141
111  48.23043035  011.56633477
113  48.23044390  011.56653306
110 1 0.25 0.0000 lib/airport/pavement/asphalt_3L.pol
111  48.22967934  011.56572043
111  48.22938637  011.56576009
111  48.22939074  011.56584720
113  48.22968343  011.56580762
110 1 0.25 0.0000 lib/airport/pavement/asphalt_3L.pol
111  48.23014280  011.56647997
111  48.22984791  011.56652005
111  48.22985258  011.56659286
113  48.23014613  011.56655943
110 1 0.25 0.0000 lib/airport/pavement/asphalt_3L.pol
111  48.22980490  011.56569828
111  48.22976088  011.56570364
111  48.22980973  011.56652743
113  48.22985514  011.56652002
110 1 0.25 35.0000 lib/airport/pavement/asphalt_4L.pol
111  48.22971560  011.56587181
111  48.22964671  011.56588099
111  48.22964863  011.56591900
111  48.22950948  011.56593359
111  48.22951201  011.56597796
111  48.22965162  011.56596477
111  48.22965535  011.56603654
113  48.22972449  011.56602800
110 2 0.25 354.0000 lib/airport/pavement/concrete_3L.pol
111  48.22971156  011.56580382
111  48.22968343  011.56580762
111  48.22939074  011.56584720
111  48.22788148  011.56605129
111  48.22788549  011.56611570
111  48.22788791  011.56611538
111  48.22794211  011.56610816
111  48.22964671  011.56588099
113  48.22971560  011.56587181
110 1 0.25 60.0000 lib/airport/pavement/asphalt_2D.pol
111  48.22794211  011.56610816
111  48.22788791  011.56611538
112  48.22791866  011.56668551  48.22792620  011.56682968
112  48.22804535  011.56685170  48.22807715  011.56684924
111  48.22808706  011.56684717
111  48.22808178  011.56676336
112  48.22803796  011.56677030  48.22800977  011.56677374
114  48.22797303  011.56667758  48.22796812  011.56659246
110 1 0.25 60.0000 lib/airport/pavement/asphalt_2D.pol
111  48.22810731  011.56762897
112  48.22806455  011.56764056  48.22803589  011.56765132
112  48.22798006  011.56770366  48.22794267  011.56770870
112  48.22787621  011.56771732  48.22782578  011.56772380
111  48.22781225  011.56766690
111  48.22776283  011.56782159
112  48.22785571  011.56778871  48.22792792  011.56777827
113  48.22811047  011.56775282
110 2 0.25 85.0000 lib/airport/pavement/concrete_5L.pol
111  48.23106138  011.56578855
111  48.23099895  011.56579751
111  48.23100354  011.56586884
113  48.23106601  011.56585982
110 1 0.25 85.0000 lib/airport/pavement/asphalt_1L.pol
111  48.23096060  011.56564801
111  48.23095905  011.56562034
111  48.23077377  011.56564482
113  48.23077493  011.56566451
110 1 0.25 354.0000 lib/airport/pavement/asphalt_1D.pol
111  48.23103777  011.56640991
111  48.23094929  011.56642933
111  48.23095041  011.56644928
113  48.23103930  011.56643292
110 1 0.25 0.0000 lib/airport/pavement/asphalt_2D.pol
111  48.23371382  011.55937573
111  48.23366766  011.55946668
112  48.23370350  011.55955734  48.23370394  011.55960615
112  48.23370719  011.55994827  48.23371066  011.56014662
112  48.23376224  011.56071293  48.23378762  011.56093639
112  48.23386360  011.56142308  48.23391736  011.56175112
112  48.23405619  011.56249592  48.23411071  011.56276684
112  48.23440590  011.56423580  48.23443738  011.56439021
112  48.23444982  011.56467966  48.23445268  011.56478274
112  48.23445865  011.56518818  48.23446152  011.56535329
112  48.23450315  011.56566686  48.23453462  011.56583143
112  48.23462304  011.56626268  48.23462422  011.56626830
111  48.23462436  011.56629718
111  48.23466392  011.56628530
111  48.23466616  011.56629812
112  48.23466812  011.56623764  48.23466497  011.56622137
112  48.23454157  011.56564727  48.23451382  011.56549695
112  48.23449865  011.56518393  48.23449603  011.56502172
112  48.23449409  011.56467211  48.23449236  011.56456817
112  48.23444523  011.56421776  48.23441271  011.56405398
112  48.23409348  011.56244889  48.23404671  011.56220993
112  48.23390753  011.56140753  48.23385432  011.56108416
112  48.23380914  011.56070247  48.23378687  011.56048919
112  48.23375278  011.55995846  48.23375047  011.55974539
114  48.23375002  011.55955618  48.23374951  011.55942463
110 1 0.25 347.0000 lib/airport/pavement/asphalt_4D.pol
111  48.23780048  011.56542612
111  48.23447953  011.56650631
111  48.23440700  011.56653235
111  48.23442503  011.56662901
113  48.23781767  011.56552320
110 2 0.25 354.0000 lib/airport/pavement/concrete_3D.pol
111  48.23066495  011.56618937
111  48.23066839  011.56623855
111  48.23075231  011.56622519
113  48.23074955  011.56617895
110 2 0.00 174.8000 New Taxiway 1
111  48.23292417  011.56522805
111  48.23291786  011.56511896
111  48.23290146  011.56483571
111  48.23285301  011.56484144
111  48.23285172  011.56482052
111  48.23069449  011.56511314
111  48.23069083  011.56505843
111  48.23056685  011.56507544
111  48.23059782  011.56553983
111  48.23083149  011.56550851
111  48.23092299  011.56549625
111  48.23114382  011.56546665
111  48.23131041  011.56544433
111  48.23139784  011.56543261
111  48.23157028  011.56540950
111  48.23166150  011.56539727
111  48.23183207  011.56537441
111  48.23191845  011.56536284
111  48.23209293  011.56533945
111  48.23236704  011.56530272
111  48.23261088  011.56527004
111  48.23267264  011.56526176
113  48.23283532  011.56523996
110 2 0.00 174.8500 New Taxiway 2
111  48.23135054  011.56605437
111  48.23133435  011.56578526
111  48.23124473  011.56579739
111  48.23115510  011.56580952
111  48.23117125  011.56607863
113  48.23126089  011.56606650
110 2 0.00 174.8500 New Taxiway 2
111  48.23161185  011.56601935
111  48.23159566  011.56575024
111  48.23150604  011.56576237
111  48.23141641  011.56577450
111  48.23143256  011.56604361
113  48.23152220  011.56603148
110 2 0.00 174.8500 New Taxiway 2
111  48.23187101  011.56598507
111  48.23185482  011.56571596
111  48.23176520  011.56572809
111  48.23167557  011.56574022
111  48.23169172  011.56600933
113  48.23178137  011.56599720
110 2 0.00 174.8500 New Taxiway 2
111  48.23213068  011.56594980
111  48.23211449  011.56568070
111  48.23202486  011.56569282
111  48.23193523  011.56570495
111  48.23195139  011.56597406
113  48.23204103  011.56596193
110 2 0.00 174.8500 New Taxiway 3
111  48.23294349  011.56609134 20
111  48.23293780  011.56599651 20
111  48.23299034  011.56598983 20
111  48.23298387  011.56588206 20
111  48.23293133  011.56588874 20
111  48.23291565  011.56562773 20
111  48.23296820  011.56562104 20
111  48.23296160  011.56551119 20
111  48.23290906  011.56551787 20
111  48.23290350  011.56542528 20
111  48.23284668  011.56543297 20
111  48.23277921  011.56544210 20
111  48.23271976  011.56545015 20
111  48.23274840  011.56592708 20
111  48.23275435  011.56602633 20
111  48.23275975  011.56611621 20
111  48.23281832  011.56610828 20
113  48.23288451  011.56609932 20
110 1 0.00 85.0000 New Taxiway 5
112  48.23413116  011.56670479  48.23424143  011.56668673
111  48.23442503  011.56662901
111  48.23440700  011.56653235
112  48.23408598  011.56660952  48.23395611  011.56662822
112  48.23362530  011.56660078  48.23350177  011.56657201
112  48.23303495  011.56646315  48.23298564  011.56645166
112  48.23292382  011.56638402  48.23290427  011.56635338
112  48.23289468  011.56627239  48.23289247  011.56623413
111  48.23288451  011.56609932
111  48.23281832  011.56610828
112  48.23282314  011.56618577  48.23282798  011.56626334
112  48.23268458  011.56638174  48.23259030  011.56636127
112  48.23257193  011.56618572  48.23256737  011.56611408
112  48.23264700  011.56603991  48.23269016  011.56603465
111  48.23275435  011.56602633
111  48.23274840  011.56592708
112  48.23262179  011.56594353  48.23258955  011.56594779
112  48.23255333  011.56584296  48.23255038  011.56579488
112  48.23252830  011.56543329  48.23252222  011.56533299
111  48.23261088  011.56527004
111  48.23236704  011.56530272
112  48.23246275  011.56544502  48.23246929  011.56555010
112  48.23250367  011.56610309  48.23251110  011.56622156
112  48.23237796  011.56631145  48.23232401  011.56629836
112  48.23217376  011.56630119  48.23212770  011.56630680
112  48.23208820  011.56619831  48.23208490  011.56614114
112  48.23204466  011.56546118  48.23203886  011.56536331
111  48.23209293  011.56533945
111  48.23191845  011.56536284
112  48.23197815  011.56547026  48.23198396  011.56556675
112  48.23202200  011.56620679  48.23202767  011.56630295
111  48.23196550  011.56632937
111  48.23190928  011.56633702
112  48.23182865  011.56623240  48.23182262  011.56612989
112  48.23178489  011.56549658  48.23177917  011.56539873
111  48.23183207  011.56537441
111  48.23166150  011.56539727
112  48.23171855  011.56550544  48.23172344  011.56558938
112  48.23176216  011.56624143  48.23176808  011.56634244
111  48.23169837  011.56636572
111  48.23164472  011.56637301
112  48.23156905  011.56626705  48.23156318  011.56616968
112  48.23152535  011.56553134  48.23152011  011.56544317
111  48.23157028  011.56540950
111  48.23139784  011.56543261
112  48.23145901  011.56554025  48.23146481  011.56563959
112  48.23150274  011.56627611  48.23150858  011.56637326
111  48.23144033  011.56640082
111  48.23138410  011.56640847
112  48.23130842  011.56630208  48.23130274  011.56620453
112  48.23126466  011.56556624  48.23125932  011.56547737
111  48.23131041  011.56544433
111  48.23114382  011.56546665
112  48.23119836  011.56557514  48.23120396  011.56566963
112  48.23124216  011.56631103  48.23124755  011.56640281
111  48.23117866  011.56643642
112  48.23112632  011.56644354  48.23110014  011.56644710
112  48.23105811  011.56641628  48.23104196  011.56639818
111  48.23103555  011.56637472
111  48.23105205  011.56664207
112  48.23106736  011.56659109  48.23108035  011.56656722
112  48.23113125  011.56654287  48.23115851  011.56653917
111  48.23118578  011.56653547
112  48.23216735  011.56640220  48.23223154  011.56639350
112  48.23237689  011.56641053  48.23244125  011.56642571
114  48.23361006  011.56670042  48.23373996  011.56673091
110 1 0.00 85.0000 New Taxiway 6
111  48.23277921  011.56544210
111  48.23284668  011.56543297
111  48.23283532  011.56523996
111  48.23267264  011.56526176
114  48.23274772  011.56532093  48.23278019  011.56537973
110 1 0.00 0.0000 New Taxiway 9
111  48.23083149  011.56550851
112  48.23082946  011.56553718  48.23082673  011.56554678
111  48.23079996  011.56564153
111  48.23087911  011.56563110
112  48.23088153  011.56558073  48.23088910  011.56555326
112  48.23090877  011.56552380  48.23091463  011.56551241
113  48.23092299  011.56549625
110 5 0.00 0.0000 New Taxiway 5
111  48.23058039  011.56526504
112  48.23055644  011.56528680  48.23054893  011.56529956
111  48.23054038  011.56532890
111  48.23056308  011.56532563
111  48.23057711  011.56553888
111  48.23060535  011.56557136
111  48.23066106  011.56560139
111  48.23069734  011.56563737
111  48.23073879  011.56565234
111  48.23076427  011.56564794
111  48.23078817  011.56556334
111  48.23077646  011.56551419
113  48.23060015  011.56553748
110 1 0.25 355.0000 Taxiway 1
111  48.23865585  011.56518249
111  48.23865095  011.56518267
111  48.23806067  011.56535052
111  48.23808126  011.56546969
111  48.23866751  011.56528613
113  48.23867128  011.56528450
110 1 0.25 355.0000 Taxiway 2-N
111  48.23782375  011.56541862
111  48.23440700  011.56653235
111  48.23442503  011.56662901
113  48.23784052  011.56551571
110 1 0.25 355.0000 Taxiway 2-S
111  48.23236844  011.56704796
111  48.22810472  011.56762922
111  48.22810809  011.56775311
111  48.23100593  011.56736666
111  48.23237633  011.56717525
113  48.23237239  011.56711161
110 1 0.25 84.0000 Taxiway 3
111  48.23121899  011.56721011
112  48.23114730  011.56718457  48.23112364  011.56717211
112  48.23107598  011.56703301  48.23107224  011.56696571
111  48.23105741  011.56672899
111  48.23105205  011.56664207
111  48.23103555  011.56637472
111  48.23102020  011.56612578
111  48.23098873  011.56561666
111  48.23087911  011.56563110
111  48.23079996  011.56564153
111  48.23074418  011.56564888
112  48.23069976  011.56563503  48.23068429  011.56562608
112  48.23066162  011.56559934  48.23064092  011.56558561
111  48.23066162  011.56559934
112  48.23066162  011.56559934  48.23064092  011.56558561
112  48.23060318  011.56556555  48.23058746  011.56555247
112  48.23057751  011.56552752  48.23057699  011.56552176
111  48.23056381  011.56532474
111  48.23054042  011.56532797
112  48.23047585  011.56538031  48.23044098  011.56538405
111  48.23036882  011.56539194
111  48.23042126  011.56622051
112  48.23077975  011.56617553  48.23086466  011.56616449
112  48.23094397  011.56633704  48.23094998  011.56643841
112  48.23098414  011.56704550  48.23098829  011.56712537
112  48.23093788  011.56720473  48.23091750  011.56723758
113  48.23086882  011.56726030
110 1 0.25 84.0000 Taxiway 4
111  48.22960586  011.56743118
112  48.22950963  011.56722894  48.22950174  011.56708629
111  48.22944044  011.56601810
111  48.22899706  011.56608110
112  48.22906298  011.56730190  48.22907099  011.56744722
113  48.22897252  011.56751842
110 1 0.25 84.0000 Taxiway 5
111  48.22847955  011.56758287
112  48.22838822  011.56744011  48.22838171  011.56731858
112  48.22836418  011.56702152  48.22835965  011.56694278
112  48.22845290  011.56686608  48.22850059  011.56685939
111  48.22853445  011.56685525
111  48.22849306  011.56615041
111  48.22804786  011.56620767
111  48.22809017  011.56691241
112  48.22817214  011.56690203  48.22822569  011.56689580
112  48.22827576  011.56702466  48.22827950  011.56708822
112  48.22830096  011.56747314  48.22830587  011.56756378
113  48.22823371  011.56761771
110 4 0.00 0.0000 Volleyball
111  48.22883397  011.56606468
111  48.22873605  011.56607958
111  48.22863814  011.56609449
111  48.22864731  011.56626005
111  48.22874598  011.56624560
113  48.22884466  011.56623115
130 Heliport Boundary
111  48.23494112  011.56746308
111  48.23704149  011.56850293
111  48.23772062  011.56921192
111  48.23823334  011.57085273
111  48.23953764  011.57032616
111  48.23730878  011.55754948
111  48.23612398  011.55663889
111  48.23442761  011.55729952
111  48.23431577  011.55782424
111  48.23398388  011.55887982
111  48.23381223  011.55931141
111  48.23380029  011.55988309
111  48.23371423  011.55994993
111  48.23438136  011.56571847
111  48.23374616  011.56564350
111  48.23308157  011.56511917
111  48.23307493  011.56495356
111  48.23285525  011.56380697
111  48.23240929  011.56344413
111  48.22945348  011.56383974
111  48.22952931  011.56508624
111  48.22936407  011.56568704
111  48.22787337  011.56591301
111  48.22799674  011.56796925
111  48.23238928  011.56737706
111  48.23303102  011.56731601
111  48.23415898  011.56716361
113  48.23485035  011.56747942
120 Linear Feature 1
111  48.23812816  011.56557846
111  48.23811915  011.56552683
111  48.23811014  011.56547521
111  48.23810113  011.56542358
111  48.23809212  011.56537195
111  48.23808311  011.56532033
111  48.23807410  011.56526870
111  48.23806509  011.56521707
111  48.23805608  011.56516544
111  48.23802168  011.56517892
111  48.23798728  011.56519240
111  48.23795288  011.56520588
111  48.23791847  011.56521936
111  48.23788407  011.56523284
111  48.23784967  011.56524632
111  48.23781527  011.56525980
111  48.23778086  011.56527328
111  48.23778988  011.56532491
111  48.23779890  011.56537654
111  48.23780791  011.56542817
111  48.23781693  011.56547980
111  48.23782595  011.56553142
111  48.23783496  011.56558305
111  48.23784398  011.56563468
111  48.23785300  011.56568631
111  48.23788739  011.56567283
111  48.23792179  011.56565935
111  48.23795618  011.56564587
111  48.23799058  011.56563239
111  48.23802497  011.56561890
111  48.23805937  011.56560542
113  48.23809376  011.56559194
120 Linear Feature 23
111  48.23299406  011.56600744 20
112  48.23300587  011.56620788  48.23301352  011.56633875 20
111  48.23292382  011.56638402 22
112  48.23296252  011.56642845  48.23298332  011.56644517 22
112  48.23300313  011.56645349  48.23302293  011.56646182 22
112  48.23306949  011.56647284  48.23308979  011.56647775 22
111  48.23310513  011.56648031 20
112  48.23306463  011.56644273  48.23304972  011.56641735 20
112  48.23304247  011.56632909  48.23303963  011.56627974 20
111  48.23303516  011.56620471 20
115  48.23301135  011.56580059
120 Linear Feature 7
111  48.22990625  011.56468153 20
115  48.23143692  011.56447555
120 Linear Feature 6
111  48.23143420  011.56443260 20
115  48.22990381  011.56463783
120 Linear Feature 21
111  48.22960650  011.56370719 20
112  48.22965876  011.56373967  48.22967991  011.56376281 20
112  48.22969323  011.56383701  48.22969535  011.56387426
111  48.22969323  011.56383701
112  48.22969323  011.56383701  48.22969746  011.56391150 20
112  48.22965022  011.56392217  48.22962379  011.56392538 20
111  48.22947346  011.56394559 20
111  48.22947890  011.56402992 20
111  48.22966285  011.56400584 20
112  48.22969536  011.56406018  48.22969836  011.56411302 20
112  48.22969836  011.56411301  48.22969960  011.56413509 20
112  48.22967595  011.56416660  48.22966394  011.56417376 20
112  48.22957670  011.56431642  48.22954552  011.56442092 20
112  48.22959605  011.56455889  48.22961739  011.56461315 20
111  48.22965052  011.56464657 20
112  48.22970552  011.56468848  48.22973202  011.56469803 20
112  48.22977360  011.56469688  48.22978736  011.56469688 20
115  48.22981279  011.56469410
120 Linear Feature 20
111  48.23030184  011.56383584 20
112  48.22977798  011.56390525  48.22975096  011.56390846 20
112  48.22972425  011.56383448  48.22972026  011.56375999
111  48.22972425  011.56383448
112  48.22972425  011.56383448  48.22972225  011.56379724 20
112  48.22974629  011.56372858  48.22976348  011.56369923 20
115  48.22979100  011.56367983
120 Linear Feature 19
111  48.23127852  011.56348357 20
112  48.23134341  011.56351195  48.23137670  011.56354057 20
112  48.23141719  011.56368095  48.23142056  011.56374525 20
112  48.23142205  011.56377548  48.23142542  011.56384177 20
112  48.23136865  011.56390775  48.23135154  011.56392476 20
111  48.23130759  011.56393147 20
111  48.23047118  011.56403946 20
111  48.23031524  011.56406012 20
111  48.23007999  011.56409237 20
111  48.22978981  011.56413103 20
112  48.22975620  011.56409449  48.22975415  011.56405844 20
112  48.22975326  011.56404248  48.22975060  011.56399646 20
111  48.22978368  011.56398874 20
111  48.23007195  011.56395000 20
112  48.23008937  011.56397339  48.23009069  011.56399728 20
112  48.23009431  011.56405870  48.23009595  011.56408700 20
115  48.23008020  011.56409235
120 Linear Feature 18
111  48.23295784  011.56490295 20
112  48.23292598  011.56435109  48.23292122  011.56426966 20
112  48.23288906  011.56407933  48.23286668  011.56399278 20
112  48.23285145  011.56393476  48.23281385  011.56379019 20
112  48.23264991  011.56375351  48.23257711  011.56376286 20
111  48.23244868  011.56378005 20
112  48.23241569  011.56371655  48.23241260  011.56366098 20
112  48.23241082  011.56362981  48.23240666  011.56355659 20
111  48.23236030  011.56356463 20
111  48.23165734  011.56365827 20
111  48.23167144  011.56388258 20
111  48.23163637  011.56388721 20
112  48.23154097  011.56387629  48.23150820  011.56384796 20
112  48.23147719  011.56370461  48.23147166  011.56357901 20
112  48.23153555  011.56348034  48.23157090  011.56344358 20
115  48.23161243  011.56343623
120 Linear Feature 17
111  48.23300268  011.56565323 20
115  48.23297380  011.56516297
120 Linear Feature 16
111  48.23154867  011.56446058 20
112  48.23275090  011.56429881  48.23278111  011.56429480 20
112  48.23283538  011.56432878  48.23286443  011.56436032 20
112  48.23287970  011.56446451  48.23288349  011.56452862 20
111  48.23290146  011.56483571 20
111  48.23291786  011.56511896 20
111  48.23294421  011.56516152 20
115  48.23296383  011.56549453
120 Linear Feature 15
112  48.23284863  011.56415929  48.23284489  011.56414189 20
112  48.23283414  011.56415364  48.23282907  011.56417394 20
112  48.23280420  011.56422079  48.23279539  011.56423456 20
112  48.23280691  011.56424561  48.23281825  011.56424814 20
112  48.23284729  011.56426983  48.23285622  011.56427907 20
114  48.23286352  011.56425290  48.23286208  011.56423732 20
120 Linear Feature 13
111  48.23154620  011.56441758 20
112  48.23262168  011.56427334  48.23266859  011.56426695 20
112  48.23278054  011.56416960  48.23281500  011.56410250 20
112  48.23279791  011.56394811  48.23277566  011.56387036 20
112  48.23266816  011.56382918  48.23262450  011.56383495 20
112  48.22975381  011.56421687  48.22966016  011.56422895 20
112  48.22961499  011.56438292  48.22960361  011.56445170 20
112  48.22967488  011.56460416  48.22972872  011.56465821 20
115  48.22981015  011.56465041
120 Linear Feature 12
111  48.23233171  011.56379548 20
112  48.23235818  011.56374721  48.23235596  011.56370815 20
112  48.23235500  011.56369150  48.23235285  011.56365366 20
111  48.23232358  011.56365141 20
111  48.23177162  011.56372531 20
112  48.23174371  011.56377687  48.23174607  011.56381822 20
112  48.23174660  011.56382803  48.23174886  011.56386838 20
113  48.23178023  011.56386823 20
120 Linear Feature 28
111  48.22977173  011.56413531 22
112  48.22973703  011.56414033  48.22971507  011.56414485 22
115  48.22970376  011.56414965
120 Linear Feature 27
111  48.23156129  011.56389849 22
115  48.23135684  011.56392458
120 Linear Feature 26
111  48.23178023  011.56386823 22
115  48.23167144  011.56388258
120 Linear Feature 25
111  48.23244868  011.56378005 22
115  48.23233171  011.56379548
120 Linear Feature 24
111  48.23283979  011.56411168 22
112  48.23282857  011.56406453  48.23282199  011.56403944 22
115  48.23281540  011.56401819
120 Linear Feature 23
111  48.23287337  011.56437507 22
112  48.23287068  011.56432475  48.23286848  011.56429098 22
115  48.23286617  011.56427394
120 Linear Feature 31
111  48.23143310  011.56346480 20
111  48.23144603  011.56367098
111  48.23145116  011.56375288 20
115  48.23146106  011.56391092
120 Linear Feature 33
111  48.23292344  011.56476195 20
115  48.23289740  011.56476503
120 Linear Feature 32
111  48.23294479  011.56511487 20
111  48.23294222  011.56507189
111  48.23293755  011.56499380 20
111  48.23293510  011.56495284
111  48.23293042  011.56487471 20
111  48.23292777  011.56483040
111  48.23292370  011.56476236 20
111  48.23291570  011.56462858
111  48.23291105  011.56455074 20
111  48.23290842  011.56450674
111  48.23290392  011.56443153 20
115  48.23290071  011.56437786
120 Linear Feature 43
111  48.22961025  011.56429987 20
112  48.22959904  011.56433733  48.22959270  011.56436213 20
115  48.22959151  011.56437495
120 Linear Feature 42
111  48.22966554  011.56421714 20
115  48.22964444  011.56423898
120 Linear Feature 41
111  48.22974174  011.56418028 20
115  48.22971537  011.56418656
120 Linear Feature 40
111  48.23263567  011.56379405 20
111  48.23260909  011.56379758
111  48.23255680  011.56380453 20
111  48.23252846  011.56380830
111  48.23247619  011.56381525 20
111  48.23244682  011.56381915
111  48.23239541  011.56382599 20
111  48.23236812  011.56382962
111  48.23231597  011.56383655 20
111  48.23228763  011.56384032
111  48.23223401  011.56384744 20
111  48.23220746  011.56385097
111  48.23215502  011.56385794 20
111  48.23212722  011.56386164
111  48.23207507  011.56386857 20
111  48.23204701  011.56387230
111  48.23199408  011.56387934 20
111  48.23196660  011.56388299
111  48.23191388  011.56389000 20
111  48.23188607  011.56389370
111  48.23183335  011.56390071 20
111  48.23180529  011.56390444
111  48.23175218  011.56391150 20
111  48.23172637  011.56391493
111  48.23167237  011.56392211 20
111  48.23164560  011.56392567
111  48.23159252  011.56393272 20
111  48.23156489  011.56393640
111  48.23151139  011.56394351 20
111  48.23148233  011.56394737
111  48.23143065  011.56395424 20
111  48.23140266  011.56395796
111  48.23134969  011.56396501 20
111  48.23132171  011.56396873
111  48.23126913  011.56397572 20
111  48.23124107  011.56397944
111  48.23118746  011.56398657 20
111  48.23116015  011.56399020
111  48.23110639  011.56399735 20
111  48.23108004  011.56400085
111  48.23102847  011.56400771 20
111  48.23100211  011.56401121
111  48.23094936  011.56401823 20
111  48.23092224  011.56402183
111  48.23086901  011.56402891 20
111  48.23084170  011.56403254
111  48.23079108  011.56403927 20
111  48.23076183  011.56404316
111  48.23070907  011.56405017 20
111  48.23068162  011.56405382
111  48.23062862  011.56406086 20
111  48.23060079  011.56406456
111  48.23054761  011.56407163 20
111  48.23051973  011.56407534
111  48.23046697  011.56408235 20
111  48.23043886  011.56408609
111  48.23038696  011.56409299 20
111  48.23035770  011.56409688
111  48.23030632  011.56410371 20
111  48.23027806  011.56410747
111  48.23022416  011.56411463 20
111  48.23019629  011.56411834
111  48.23014548  011.56412509 20
111  48.23011903  011.56412861
111  48.23006461  011.56413584 20
111  48.23003702  011.56413951
111  48.22998492  011.56414644 20
111  48.22995557  011.56415034
111  48.22990529  011.56415702 20
111  48.22987603  011.56416091
111  48.22982327  011.56416793 20
115  48.22979471  011.56417173
120 Linear Feature 39
111  48.23271551  011.56380019 20
115  48.23268841  011.56379109
120 Linear Feature 38
111  48.23278488  011.56385729 20
115  48.23276354  011.56383089
120 Linear Feature 37
111  48.23282877  011.56395590 20
115  48.23281735  011.56391957
120 Linear Feature 36
111  48.23285733  011.56406602 20
115  48.23284741  011.56402698
120 Linear Feature 35
111  48.23288144  011.56418164 20
115  48.23287386  011.56414173
120 Linear Feature 34
111  48.23289548  011.56429857 20
115  48.23289212  011.56426071
120 Linear Feature 3
111  48.23284640  011.56542968 20
115  48.23277937  011.56543893
120 Linear Feature 2
111  48.23274609  011.56592739 20
115  48.23275237  011.56602657
120 Linear Feature 1
111  48.23288471  011.56610310 20
115  48.23281865  011.56611185
120 Linear Feature 14
111  48.23281717  011.56555157 20
111  48.23280621  011.56555308 20
115  48.23279530  011.56555454
120 Linear Feature 13
111  48.23280621  011.56555308 20
115  48.23280919  011.56560392
120 Linear Feature 14
111  48.23284070  011.56593905 20
111  48.23282974  011.56594056 20
115  48.23281883  011.56594203
120 Linear Feature 13
111  48.23282974  011.56594056 20
115  48.23283272  011.56599141
120 Linear Feature 14
111  48.23284438  011.56595429 20
112  48.23284436  011.56594967  48.23284434  011.56594504 20
112  48.23285472  011.56593632  48.23286018  011.56593603 20
112  48.23286336  011.56595661  48.23285707  011.56596982 20
111  48.23284870  011.56598702 20
111  48.23284881  011.56598971 20
115  48.23286784  011.56598649
120 Linear Feature 12
111  48.23282183  011.56556559 20
111  48.23283153  011.56554875 20
111  48.23283289  011.56554857 20
115  48.23283602  011.56560046
120 Linear Feature 12
111  48.23203266  011.56583705 20
111  48.23202296  011.56585390 20
111  48.23202160  011.56585407 20
115  48.23201860  011.56580442
120 Linear Feature 11
111  48.23205649  011.56582638 20
115  48.23204239  011.56582823
120 Linear Feature 10
111  48.23205792  011.56585006 20
111  48.23205649  011.56582638 20
111  48.23205485  011.56579913 20
112  48.23204076  011.56580101  48.23203660  011.56580148 20
112  48.23203586  011.56581457  48.23203620  011.56582155
111  48.23203586  011.56581457
112  48.23203586  011.56581457  48.23203603  011.56581806 20
112  48.23203876  011.56582427  48.23204035  011.56582686 20
111  48.23204239  011.56582823 20
112  48.23203921  011.56583308  48.23203796  011.56583601 20
112  48.23203779  011.56584253  48.23203796  011.56584561 20
114  48.23204388  011.56585219  48.23204788  011.56585172 20
120 Linear Feature 11
111  48.23179713  011.56586077 20
115  48.23178303  011.56586262
120 Linear Feature 10
111  48.23179856  011.56588446 20
111  48.23179713  011.56586077 20
111  48.23179549  011.56583352 20
112  48.23178140  011.56583540  48.23177724  011.56583587 20
112  48.23177650  011.56584896  48.23177684  011.56585594
111  48.23177650  011.56584896
112  48.23177650  011.56584896  48.23177667  011.56585245 20
112  48.23177940  011.56585866  48.23178099  011.56586125 20
111  48.23178303  011.56586262 20
112  48.23177985  011.56586747  48.23177860  011.56587040 20
112  48.23177843  011.56587692  48.23177860  011.56588000 20
114  48.23178452  011.56588658  48.23178852  011.56588611 20
120 Linear Feature 11
111  48.23153711  011.56589601 20
115  48.23152301  011.56589786
120 Linear Feature 10
111  48.23153854  011.56591969 20
111  48.23153711  011.56589601 20
111  48.23153548  011.56586876 20
112  48.23152138  011.56587064  48.23151722  011.56587111 20
112  48.23151648  011.56588420  48.23151682  011.56589117
111  48.23151648  011.56588420
112  48.23151648  011.56588420  48.23151665  011.56588769 20
112  48.23151938  011.56589389  48.23152097  011.56589649 20
111  48.23152301  011.56589786 20
112  48.23151983  011.56590271  48.23151858  011.56590564 20
112  48.23151841  011.56591215  48.23151858  011.56591524 20
114  48.23152450  011.56592182  48.23152850  011.56592135 20
120 Linear Feature 11
111  48.23127604  011.56593082 20
115  48.23126194  011.56593268
120 Linear Feature 10
111  48.23127747  011.56595451 20
111  48.23127604  011.56593082 20
111  48.23127440  011.56590358 20
112  48.23126031  011.56590546  48.23125615  011.56590593 20
112  48.23125541  011.56591902  48.23125575  011.56592599
111  48.23125541  011.56591902
112  48.23125541  011.56591902  48.23125558  011.56592250 20
112  48.23125831  011.56592871  48.23125990  011.56593131 20
111  48.23126194  011.56593268 20
112  48.23125876  011.56593753  48.23125751  011.56594045 20
112  48.23125734  011.56594697  48.23125751  011.56595006 20
114  48.23126343  011.56595664  48.23126743  011.56595617 20
120 Linear Feature 13
112  48.23150928  011.56591567  48.23150437  011.56592988 20
112  48.23149368  011.56592136  48.23149056  011.56591532 20
112  48.23149966  011.56590157  48.23150860  011.56589953
111  48.23149966  011.56590157
112  48.23149966  011.56590157  48.23149064  011.56589999 20
112  48.23149095  011.56588001  48.23149349  011.56587264 20
116  48.23150725  011.56588100  48.23151269  011.56589315
120 Linear Feature 11
111  48.23123149  011.56590821 20
111  48.23123466  011.56596043 20
111  48.23123514  011.56596039 20
111  48.23124947  011.56592169 20
111  48.23124934  011.56591932 20
115  48.23122854  011.56592221
120 Linear Feature 14
111  48.23177193  011.56587232 20
112  48.23177196  011.56587694  48.23177198  011.56588157 20
112  48.23176169  011.56589080  48.23175623  011.56589110 20
112  48.23175296  011.56587000  48.23175925  011.56585679 20
111  48.23176762  011.56583959 20
111  48.23176750  011.56583690 20
115  48.23174847  011.56584012
120 Linear Feature 8
112  48.23278751  011.56558427  48.23279061  011.56561376 20
112  48.23282632  011.56562674  48.23284516  011.56562217 20
112  48.23285382  011.56556700  48.23285109  011.56554021 20
114  48.23281580  011.56552599  48.23279914  011.56552980 20
120 Linear Feature 8
112  48.23281008  011.56597154  48.23281319  011.56600103 20
112  48.23284890  011.56601401  48.23286773  011.56600944 20
112  48.23287640  011.56595427  48.23287366  011.56592748 20
114  48.23283838  011.56591326  48.23282172  011.56591707 20
120 Linear Feature 8
112  48.23200053  011.56583517  48.23200363  011.56586466 20
112  48.23203935  011.56587764  48.23205818  011.56587307 20
112  48.23206685  011.56581791  48.23206411  011.56579111 20
114  48.23202882  011.56577689  48.23201217  011.56578070 20
120 Linear Feature 8
112  48.23174057  011.56586989  48.23174368  011.56589939 20
112  48.23177939  011.56591236  48.23179822  011.56590779 20
112  48.23180689  011.56585263  48.23180415  011.56582583 20
114  48.23176887  011.56581161  48.23175221  011.56581542 20
120 Linear Feature 8
112  48.23148102  011.56590534  48.23148413  011.56593483 20
112  48.23151984  011.56594781  48.23153867  011.56594324 20
112  48.23154734  011.56588807  48.23154460  011.56586128 20
114  48.23150932  011.56584706  48.23149266  011.56585087 20
120 Linear Feature 8
112  48.23121950  011.56593983  48.23122260  011.56596933 20
112  48.23125832  011.56598230  48.23127715  011.56597773 20
112  48.23128582  011.56592257  48.23128308  011.56589578 20
114  48.23124780  011.56588155  48.23123114  011.56588536 20
120 Linear Feature 2
111  48.23075618  011.56583385 58
115  48.23099982  011.56579741
120 Linear Feature 11
111  48.23090963  011.56601191 1
115  48.23089654  011.56599357
120 Linear Feature 10
111  48.23090934  011.56599336 1
115  48.23089712  011.56601082
120 Linear Feature 23
112  48.23249515  011.56544721  48.23248817  011.56533602 1
116  48.23234660  011.56525069  48.23228562  011.56525580
120 Linear Feature 22
112  48.23123143  011.56557531  48.23122438  011.56545712 1
116  48.23112356  011.56541406  48.23108238  011.56541715
120 Linear Feature 21
112  48.23118590  011.56648599  48.23123143  011.56647679 1
116  48.23127476  011.56629686  48.23126847  011.56619063
120 Linear Feature 20
112  48.23139167  011.56645792  48.23133874  011.56646107 1
112  48.23127476  011.56629686  48.23126847  011.56619063 1 101
111  48.23126088  011.56606648 1
111  48.23125703  011.56600230
111  48.23124878  011.56586466 1
112  48.23123143  011.56557531  48.23122438  011.56545712 1
116  48.23132550  011.56538708  48.23137191  011.56537916
120 Linear Feature 22
112  48.23149278  011.56554036  48.23148573  011.56542217 1
116  48.23138191  011.56537955  48.23134073  011.56538264
120 Linear Feature 21
112  48.23145637  011.56644909  48.23148943  011.56644254 1
116  48.23153611  011.56626191  48.23152983  011.56615568
120 Linear Feature 20
112  48.23164871  011.56642291  48.23159579  011.56642606 1
112  48.23153611  011.56626191  48.23152983  011.56615568 1 101
111  48.23152224  011.56603153 1
111  48.23151839  011.56596735
111  48.23151013  011.56582971 1
112  48.23149278  011.56554036  48.23148573  011.56542217 1
116  48.23158648  011.56535222  48.23163289  011.56534431
120 Linear Feature 22
112  48.23175203  011.56550593  48.23174498  011.56538774 1
116  48.23164249  011.56534474  48.23160131  011.56534783
120 Linear Feature 21
112  48.23171601  011.56641373  48.23174662  011.56640743 1
116  48.23179536  011.56622748  48.23178907  011.56612125
120 Linear Feature 20
112  48.23190249  011.56638831  48.23186333  011.56639196 1
112  48.23179536  011.56622748  48.23178907  011.56612125 1 101
111  48.23178148  011.56599710 1
111  48.23177763  011.56593292
111  48.23176938  011.56579528 1
112  48.23175203  011.56550593  48.23174498  011.56538774 1
116  48.23184592  011.56531757  48.23189233  011.56530965
120 Linear Feature 22
112  48.23201157  011.56547076  48.23200452  011.56535257 1
116  48.23190227  011.56531004  48.23186109  011.56531313
120 Linear Feature 21
112  48.23195801  011.56638074  48.23201171  011.56636794 1
116  48.23205489  011.56619231  48.23204861  011.56608608
120 Linear Feature 20
112  48.23216999  011.56635185  48.23211706  011.56635499 1
112  48.23205489  011.56619231  48.23204861  011.56608608 1 101
111  48.23204102  011.56596193 1
111  48.23203717  011.56589775
111  48.23202892  011.56576010 1
112  48.23201157  011.56547076  48.23200452  011.56535257 1
116  48.23210564  011.56528288  48.23215205  011.56527496
120 Linear Feature 19
111  48.23264877  011.56521033 1
111  48.23234660  011.56525069 1
111  48.23210564  011.56528288 1
111  48.23190227  011.56531004 1
111  48.23184592  011.56531757 1
111  48.23164249  011.56534474 1
111  48.23158648  011.56535222 1
111  48.23138191  011.56537955 1
111  48.23132550  011.56538708 1
111  48.23112356  011.56541406 1
115  48.23080523  011.56545658
120 Linear Feature 18
112  48.23253644  011.56611093  48.23253404  011.56615412 1
112  48.23249267  011.56629134  48.23245961  011.56633735 1
116  48.23236593  011.56635733  48.23232308  011.56635305
120 Linear Feature 17
112  48.23262501  011.56599314  48.23255748  011.56600128 1
116  48.23254061  011.56617965  48.23254206  011.56621163
120 Linear Feature 16
111  48.23279748  011.56597046 1
111  48.23275147  011.56597672
111  48.23274921  011.56597702 1
112  48.23262501  011.56599314  48.23255748  011.56600128 1
116  48.23251989  011.56584466  48.23251470  011.56580024
120 Linear Feature 15
112  48.23298143  011.56650191  48.23291170  011.56648224 1 101
112  48.23286270  011.56628669  48.23285695  011.56618891 1 101
111  48.23285695  011.56618891 1 101
111  48.23285217  011.56610770
111  48.23285191  011.56610327 1
111  48.23284775  011.56603250
111  48.23283975  011.56589649 1
111  48.23282483  011.56564271
111  48.23281695  011.56550868 1
111  48.23281277  011.56543771
112  48.23281248  011.56543275  48.23281219  011.56542779
111  48.23281248  011.56543275
112  48.23281248  011.56543275  48.23281025  011.56539478 1
112  48.23277549  011.56529249  48.23274841  011.56524478 1
112  48.23264877  011.56521033  48.23259563  011.56521672 1
112  48.23253025  011.56530434  48.23250451  011.56535222 1
112  48.23249515  011.56544721  48.23249762  011.56548618 1
111  48.23251989  011.56584466 1
111  48.23253644  011.56611093 1
112  48.23254061  011.56617965  48.23254368  011.56623229 1
112  48.23268169  011.56643150  48.23280897  011.56646171 1
116  48.23285695  011.56618891  48.23285507  011.56610742
120 Linear Feature 14
112  48.23450986  011.56654827  48.23436046  011.56659661 1 101
112  48.23413097  011.56665327  48.23395091  011.56668728 1 101
112  48.23353293  011.56663146  48.23333258  011.56658395 1 101
111  48.23298143  011.56650191 1 101
111  48.23268169  011.56643150 1 101
112  48.23236593  011.56635733  48.23231870  011.56634607 1 101
112  48.23216999  011.56635185  48.23211899  011.56635872 1 101
111  48.23195801  011.56638074 1 101
111  48.23190249  011.56638831 1 101
111  48.23171601  011.56641373 1 101
111  48.23164871  011.56642291 1 101
111  48.23145637  011.56644909 1 101
111  48.23139167  011.56645792 1 101
111  48.23118590  011.56648599 1
112  48.23112524  011.56649427  48.23106459  011.56650254
111  48.23112524  011.56649427
112  48.23112524  011.56649427  48.23103025  011.56650691 1
116  48.23100911  011.56668104  48.23101052  011.56671318
120 Linear Feature 13
111  48.23086958  011.56550906 1
112  48.23083888  011.56571181  48.23084584  011.56581398 1
112  48.23084997  011.56587636  48.23085397  011.56593683 1
112  48.23088931  011.56605210  48.23091139  011.56610944 1
112  48.23094077  011.56618572  48.23096214  011.56624124 1
112  48.23098103  011.56631654  48.23099353  011.56637414 1
116  48.23112524  011.56649427  48.23122023  011.56648162
120 Linear Feature 22
111  48.23303516  011.56620471 20
115  48.23300587  011.56620788
120 Linear Feature 1
111  48.23057533  011.56519047 51
111  48.23079497  011.56518634 51
111  48.23105977  011.56515058 51
112  48.23135141  011.56511116  48.23136930  011.56510872 58
112  48.23141396  011.56512855  48.23143619  011.56513849 58
112  48.23147537  011.56514621  48.23149250  011.56514395 58
112  48.23159177  011.56513048  48.23160780  011.56512836 58
112  48.23164649  011.56509714  48.23166647  011.56508146 58
112  48.23170883  011.56506288  48.23172995  011.56506014 51
111  48.23232243  011.56498007 51
115  48.23290437  011.56490137
120 Linear Feature 7
111  48.22881836  011.56609318 20
111  48.22866103  011.56611473 20
111  48.22866714  011.56622709 20
113  48.22882447  011.56620829 20
120 Linear Feature 21
111  48.23431219  011.56355316 20
115  48.23429837  011.56356001
120 Linear Feature 20
111  48.23421114  011.56317988 20
111  48.23420806  011.56316600 20
115  48.23420361  011.56316772
120 Linear Feature 19
111  48.23422609  011.56317223 20
111  48.23421845  011.56316052 20
115  48.23421719  011.56317765
120 Linear Feature 18
111  48.23415123  011.56274058 20
115  48.23413573  011.56274788
120 Linear Feature 17
111  48.23400775  011.56199042 20
115  48.23399013  011.56199681
120 Linear Feature 16
111  48.23394595  011.56181530 20
111  48.23394273  011.56181998 20
115  48.23394026  011.56180519
120 Linear Feature 15
111  48.23396188  011.56181098 20
111  48.23395532  011.56179933 20
115  48.23395376  011.56181460
120 Linear Feature 14
111  48.23393839  011.56159181 20
115  48.23391853  011.56159935
120 Linear Feature 13
112  48.23388197  011.56141664  48.23387819  011.56142634 20
112  48.23387611  011.56141002  48.23387757  011.56140351 20
111  48.23387827  011.56140036 20
115  48.23387246  011.56140341
120 Linear Feature 12
111  48.23389832  011.56141010 20
111  48.23389068  011.56139466 20
115  48.23388946  011.56141350
120 Linear Feature 11
111  48.23387186  011.56118662 20
115  48.23385693  011.56119241
120 Linear Feature 10
112  48.23381694  011.56101685  48.23381355  011.56102092 20
112  48.23381507  011.56100924  48.23382262  011.56100503
111  48.23381507  011.56100924
112  48.23381507  011.56100924  48.23380708  011.56100924 20
116  48.23381514  011.56100163  48.23382027  011.56100207
120 Linear Feature 9
111  48.23383147  011.56101013 20
111  48.23382607  011.56099845 20
115  48.23382358  011.56101294
120 Linear Feature 8
111  48.23381652  011.56077477 20
115  48.23379694  011.56077817
120 Linear Feature 7
111  48.23375799  011.56056966 20
111  48.23375884  011.56058595 20
111  48.23376465  011.56057558 20
115  48.23375764  011.56057637
120 Linear Feature 6
111  48.23378202  011.56057961 20
111  48.23377570  011.56056474 20
115  48.23377089  011.56058131
120 Linear Feature 5
111  48.23377519  011.56035399 20
115  48.23375623  011.56035493
120 Linear Feature 4
111  48.23372858  011.56020184 20
111  48.23373370  011.56020138 20
111  48.23373348  011.56019580 20
112  48.23372790  011.56019013  48.23372754  011.56018364 20
115  48.23373335  011.56018525
120 Linear Feature 3
111  48.23375104  011.56019789 20
111  48.23374564  011.56018206 20
115  48.23374175  011.56019959
120 Linear Feature 2
111  48.23373282  011.55992298 20
115  48.23375196  011.55992229
120 Linear Feature 4-N
111  48.23780867  011.56547380 1 101
112  48.23450986  011.56654827  48.23441423  011.56657925 1
116  48.23413116  011.56670479  48.23404234  011.56675355
120 Linear Feature 4-S
111  48.23237239  011.56711161 1
112  48.23121959  011.56727046  48.23116596  011.56727789 1
112  48.23109988  011.56722756  48.23107178  011.56719738 1
112  48.23103274  011.56705872  48.23102758  011.56698440
111  48.23103274  011.56705872
112  48.23103274  011.56705872  48.23102913  011.56700223 1
111  48.23102616  011.56695440 1
111  48.23101052  011.56670366 1
111  48.23100911  011.56668104 1
111  48.23099907  011.56652012 1
112  48.23099240  011.56641325  48.23099157  011.56640003
111  48.23099240  011.56641325
112  48.23099240  011.56641325  48.23098909  011.56636036 1
115  48.23098103  011.56631654
120 Linear Feature 4-SW
112  48.23094077  011.56618572  48.23093334  011.56616546 1
112  48.23089936  011.56594943  48.23088917  011.56578514 1
115  48.23087911  011.56563110
120 Linear Feature 26
111  48.23107104  011.56695726 5
115  48.23098013  011.56696826
120 Linear Feature 30
111  48.23074418  011.56564888 58
111  48.23075618  011.56583385 58
115  48.23077828  011.56617447
120 Linear Feature 28
111  48.23077177  011.56607573 1
115  48.23047721  011.56611594
120 Linear Feature 28
111  48.23075857  011.56586998 1
115  48.23046445  011.56591011
120 Linear Feature 28
111  48.23074418  011.56564888 1
115  48.23044804  011.56568932
120 Linear Feature 31
111  48.22950691  011.56673215 58
111  48.22916880  011.56677787 58
115  48.22921503  011.56760426
120 Linear Feature 32
111  48.23100593  011.56736666 20
115  48.23098538  011.56702303
120 Linear Feature 8
112  48.23081031  011.56569719  48.23080873  011.56567869 1
112  48.23078632  011.56566953  48.23077434  011.56567182 1
112  48.23076812  011.56570599  48.23076949  011.56572280 1
114  48.23079163  011.56573272  48.23080221  011.56573084 1
120 Linear Feature 8
112  48.23082226  011.56588372  48.23082069  011.56586521 1
112  48.23079827  011.56585605  48.23078629  011.56585835 1
112  48.23078008  011.56589252  48.23078145  011.56590933 1
114  48.23080358  011.56591925  48.23081416  011.56591737 1
120 Linear Feature 8
112  48.23083421  011.56607223  48.23083264  011.56605373 1
112  48.23081022  011.56604457  48.23079824  011.56604687 1
112  48.23079203  011.56608104  48.23079340  011.56609785 1
114  48.23081553  011.56610777  48.23082611  011.56610589 1
120 Linear Feature 13
112  48.23086800  011.56598810  48.23087846  011.56596069 20
112  48.23087709  011.56600260  48.23086157  011.56600984
111  48.23087709  011.56600260
112  48.23087709  011.56600260  48.23089270  011.56600996 20
116  48.23086905  011.56602240  48.23085899  011.56599777
120 Linear Feature 12
111  48.23099344  011.56639517 20
115  48.23099510  011.56641853
120 Linear Feature 11
111  48.23099178  011.56637611 20
111  48.23098426  011.56640615 20
115  48.23100055  011.56640396
120 Linear Feature 10
111  48.23102393  011.56677442 20
111  48.23100774  011.56677691 20
111  48.23100932  011.56680013 20
112  48.23102608  011.56681086  48.23102736  011.56682838 20
116  48.23101088  011.56681862  48.23100838  011.56680932
120 Linear Feature 8
112  48.23090382  011.56600023  48.23090174  011.56597538 20
112  48.23087203  011.56596307  48.23085616  011.56596616 20
112  48.23084792  011.56601205  48.23084974  011.56603463 20
114  48.23087907  011.56604795  48.23089310  011.56604542 20
120 Linear Feature 8
112  48.23102004  011.56639593  48.23101945  011.56638973
111  48.23102004  011.56639593
112  48.23102004  011.56639593  48.23101768  011.56637114 20
112  48.23098783  011.56635959  48.23097200  011.56636307 20
112  48.23096428  011.56640917  48.23096635  011.56643170
111  48.23096428  011.56640917
112  48.23096428  011.56640917  48.23096480  011.56641480 20
112  48.23096812  011.56642457  48.23097008  011.56642914
112  48.23097559  011.56643625  48.23097853  011.56643941
111  48.23097559  011.56643625
112  48.23097559  011.56643625  48.23097853  011.56643941
112  48.23098529  011.56644318  48.23098874  011.56644457 20
112  48.23099583  011.56644428  48.23099933  011.56644356
111  48.23099583  011.56644428
112  48.23099583  011.56644428  48.23099933  011.56644356 20
112  48.23100585  011.56643899  48.23100896  011.56643626
112  48.23101407  011.56642832  48.23101637  011.56642400
111  48.23101407  011.56642832
112  48.23101407  011.56642832  48.23101637  011.56642400
114  48.23101922  011.56641354  48.23102029  011.56640807 20
120 Linear Feature 8
112  48.23104516  011.56679511  48.23104308  011.56677026 20
112  48.23101337  011.56675796  48.23099750  011.56676104 20
112  48.23098926  011.56680694  48.23099107  011.56682951 20
114  48.23102041  011.56684284  48.23103443  011.56684031 20
21  48.23843473  011.56572352 2 75.0000 4.60 PAPI 255
21  48.23747407  011.56512885 2 255.0000 4.60 PAPI 75
20  48.23310630  011.56634609 199.4600 0 2 {@L}O{@Y}A{^r}
20  48.23268488  011.56623036 357.8900 0 2 {@Y}{^l}A{@L}O
20  48.23264490  011.56564158 62.3300 0 2 {@Y}{^l}M{@L}B{@Y}O{^u}
20  48.23267975  011.56614659 74.5500 0 2 {@Y}{^l}O{^r}{@L}B{@Y}C{^r}
20  48.23233493  011.56599988 175.0000 0 2 {@Y}{^l}O{@L}M{@Y}B{^r}|W{^r}
20  48.23270481  011.56625150 200.7900 0 2 {@L}O{@Y}B{^r}
20  48.23231241  011.56614578 353.3100 0 2 {@Y}{^l}W|{^l}B|{^lu}M{@L}O
20  48.23238150  011.56558338 256.0800 0 2 {@Y}{^l}W{@L}B{@Y}A{^r}
14  48.23152937  011.56505832  98.43 0 Tower Viewpoint heliport
1300  48.23252119  011.56510224  85.00 misc helos New hangar north
1301 B none 
1300  48.23099846  011.56530946  85.00 misc helos New hangar south
1301 B none 
1300  48.23203375  011.56582676  85.10 misc helos B1
1301 B none 
1300  48.23177325  011.56586318  84.98 misc helos B2
1301 B none 
1300  48.23151467  011.56589864  85.03 misc helos B3
1301 B none 
1300  48.23125289  011.56593315  85.09 misc helos B4
1301 B none 
1300  48.23281967  011.56557747  84.93 misc helos Refueling T1
1301 B none 
1300  48.23284265  011.56596567 265.15 misc helos Refueling T2
1301 B none 
1300  48.23074431  011.56587245 355.00 tie_down helos Old Hangar 3
1301 B none 
1300  48.22926921  011.56684129  86.04 tie_down helos Old Hangar 2
1301 B none 
19  48.23860945  011.56565568 1 Windsock Helipad
1051 129400 Pirol 299
1051 130700 Pirol 299
99
