I
1130 Generated by WorldEditor 2.1.0r1

1    879 1 0 EDRD Neumagen-Dhron
1302 city Neumagen
1302 country Germany
1302 datum_lat 49.842666667
1302 datum_lon 6.916166667
1302 faa_code 
1302 iata_code 
1302 icao_code EDRD
1302 region_code ED
1302 state Rhineland-Palatinate
1302 transition_alt 
1302 transition_level 
100 30.00 3 0 0.00 0 0 0 09  49.84321400  006.91157600    0   14 0 0 0 0 27  49.84274300  006.92046100    0  155 0 0 0 0
110 3 0.00 0.0000 New Taxiway 31
111  49.84351629  006.90893325
112  49.84336879  006.90860991  49.84327216  006.90860991
112  49.84326198  006.90924870  49.84324673  006.90943798
111  49.84294721  006.91146609
111  49.84283352  006.91147589
111  49.84254614  006.91690656
111  49.84231244  006.91691145
111  49.84207875  006.91870861
111  49.84184189  006.91884082
112  49.84149451  006.92225391  49.84154503  006.92240571
111  49.84165873  006.92237633
113  49.84281205  006.92206425
130 Airport Boundary 32
111  49.84289057  006.90926006
111  49.84275654  006.91155776
111  49.84131936  006.92246886
111  49.84243634  006.92230722
111  49.84248846  006.92272288
111  49.84282356  006.92263051
111  49.84362034  006.90862488
113  49.84306929  006.90856715
14  49.84206063  006.91985966  16.40 0 New Tower Viewpoint 289
1300  49.84167628  006.92110956   8.91 tie_down props|helos Gras start 1
1301 B none 
1300  49.84169713  006.92086178   8.91 tie_down props|helos Gras start 2
1301 B none 
19  49.84211909  006.91877249 0 New Windsock 290
1054 118175 Neumagen Info
1200 
1201  49.84221535  006.92113003 both 0 _stop
1201  49.84194255  006.92113003 both 1 _stop
1201  49.84199804  006.92085043 both 2 _stop
1201  49.84226159  006.91950258 both 3 _stop
1201  49.84267772  006.91699329 both 4 _stop
1201  49.84293203  006.91158037 both 5 _stop
1201  49.84243376  006.92083713 both 6 _stop
1201  49.84264777  006.92078047 both 7 _stop
1201  49.84274816  006.92042853 both 8 09/27_stop
1201  49.84320982  006.91161451 both 9 09/27_start
1202 0 6 twoway taxiway_E 
1202 1 0 twoway taxiway_E 
1202 2 1 twoway taxiway_E 
1202 3 2 twoway taxiway_E 
1202 4 3 twoway taxiway_E 
1202 5 4 twoway taxiway_E 
1202 9 5 twoway taxiway_E 
1204 departure 09,27
1204 arrival 09,27
1202 7 6 twoway taxiway_E 
1204 departure 09,27
1204 arrival 09,27
1202 8 7 twoway taxiway_E 
1204 departure 09,27
1204 arrival 09,27
1202 9 8 twoway runway 09/27
1204 departure 09,27
1204 arrival 09,27
1204 ils 09,27
99
