I
1130 Generated by WorldEditor 2.0.0r4

1    324 1 0 EDRI Linkenheim
1302 city Linkenheim
1302 country Germany
1302 datum_lat 49.141111111
1302 datum_lon 8.394722222
1302 faa_code 
1302 iata_code 
1302 icao_code EDRI
1302 region_code ED
1302 state Baden-Württemberg
1302 transition_alt 5000
1302 transition_level 
100 30.00 3 0 0.00 0 0 0 05  49.13963650  008.39128400   39    0 0 0 0 0 23  49.14385550  008.39843430  110    0 0 0 0 0
110 2 0.25 0.0000 lib/airport/pavement/concrete_6L.pol
111  49.14307062  008.39745787
111  49.14307583  008.39746651
111  49.14307080  008.39747451
111  49.14307438  008.39747989
111  49.14307919  008.39747298
111  49.14308427  008.39748106
111  49.14308867  008.39747506
113  49.14307438  008.39745147
110 2 0.25 0.0000 lib/airport/pavement/concrete_6L.pol
111  49.13975043  008.39183104
111  49.13975564  008.39183969
111  49.13975062  008.39184769
111  49.13975420  008.39185306
111  49.13975901  008.39184615
111  49.13976409  008.39185423
111  49.13976848  008.39184824
113  49.13975420  008.39182464
110 2 0.25 0.0000 lib/airport/pavement/concrete_6L.pol
111  49.14329871  008.39715179
111  49.14331298  008.39717418
111  49.14331621  008.39716837
111  49.14331127  008.39715993
111  49.14331621  008.39715150
111  49.14331279  008.39714539
111  49.14330765  008.39715295
113  49.14330270  008.39714568
110 2 0.25 0.0000 lib/airport/pavement/concrete_6L.pol
111  49.13997852  008.39152496
111  49.13999279  008.39154736
111  49.13999603  008.39154154
111  49.13999108  008.39153311
111  49.13999603  008.39152467
111  49.13999260  008.39151856
111  49.13998747  008.39152613
113  49.13998252  008.39151885
110 2 0.25 0.0000 lib/airport/pavement/concrete_6L.pol
111  49.13975558  008.39182115
111  49.13976986  008.39184547
111  49.13977760  008.39183362
113  49.13976333  008.39181055
110 2 0.25 0.0000 lib/airport/pavement/concrete_6L.pol
111  49.13951956  008.39142282
111  49.13953384  008.39144713
111  49.13954159  008.39143529
113  49.13952731  008.39141222
110 2 0.25 0.0000 lib/airport/pavement/concrete_6L.pol
111  49.14005678  008.39233209
111  49.14007106  008.39235641
111  49.14007881  008.39234456
113  49.14006453  008.39232149
110 2 0.25 0.0000 lib/airport/pavement/concrete_6L.pol
111  49.14035157  008.39283814
111  49.14036585  008.39286246
111  49.14037360  008.39285061
113  49.14035932  008.39282754
110 2 0.25 0.0000 lib/airport/pavement/concrete_6L.pol
111  49.14065770  008.39334420
111  49.14067197  008.39336851
111  49.14067972  008.39335667
113  49.14066545  008.39333360
110 2 0.25 0.0000 lib/airport/pavement/concrete_6L.pol
111  49.14095702  008.39385718
111  49.14097130  008.39388150
111  49.14097905  008.39386965
113  49.14096477  008.39384659
110 2 0.25 0.0000 lib/airport/pavement/concrete_6L.pol
111  49.14126315  008.39437018
111  49.14127742  008.39439449
111  49.14128517  008.39438265
113  49.14127090  008.39435958
110 2 0.25 0.0000 lib/airport/pavement/concrete_6L.pol
111  49.14155794  008.39487624
111  49.14157221  008.39490056
111  49.14157996  008.39488871
113  49.14156569  008.39486564
110 2 0.25 0.0000 lib/airport/pavement/concrete_6L.pol
111  49.14186180  008.39538924
111  49.14187607  008.39541356
111  49.14188382  008.39540171
113  49.14186955  008.39537864
110 2 0.25 0.0000 lib/airport/pavement/concrete_6L.pol
111  49.14217019  008.39590571
111  49.14218447  008.39593003
111  49.14219222  008.39591818
113  49.14217794  008.39589511
110 2 0.25 0.0000 lib/airport/pavement/concrete_6L.pol
111  49.14246725  008.39640832
111  49.14248152  008.39643264
111  49.14248927  008.39642079
113  49.14247500  008.39639772
110 2 0.25 0.0000 lib/airport/pavement/concrete_6L.pol
111  49.14337202  008.39794390
111  49.14338630  008.39796821
111  49.14339405  008.39795637
113  49.14337977  008.39793330
110 2 0.25 0.0000 lib/airport/pavement/concrete_6L.pol
111  49.14307557  008.39744906
111  49.14308984  008.39747338
111  49.14309759  008.39746153
113  49.14308332  008.39743846
110 2 0.25 0.0000 lib/airport/pavement/concrete_6L.pol
111  49.14276690  008.39692227
111  49.14278117  008.39694658
111  49.14278892  008.39693474
113  49.14277464  008.39691167
110 2 0.25 0.0000 lib/airport/pavement/concrete_6L.pol
111  49.14373289  008.39856183
111  49.14374717  008.39858615
111  49.14375492  008.39857430
113  49.14374064  008.39855123
110 2 0.25 0.0000 lib/airport/pavement/concrete_6L.pol
111  49.13996947  008.39153750
111  49.13998374  008.39156182
111  49.13999149  008.39154997
113  49.13997721  008.39152690
110 2 0.25 0.0000 lib/airport/pavement/concrete_6L.pol
111  49.13973345  008.39113917
111  49.13974772  008.39116348
111  49.13975547  008.39115164
113  49.13974120  008.39112857
110 2 0.25 0.0000 lib/airport/pavement/concrete_6L.pol
111  49.14027067  008.39204844
111  49.14028494  008.39207276
111  49.14029269  008.39206091
113  49.14027842  008.39203784
110 2 0.25 0.0000 lib/airport/pavement/concrete_6L.pol
111  49.14056546  008.39255449
111  49.14057973  008.39257881
111  49.14058748  008.39256696
113  49.14057321  008.39254389
110 2 0.25 0.0000 lib/airport/pavement/concrete_6L.pol
111  49.14087158  008.39306055
111  49.14088586  008.39308486
111  49.14089361  008.39307302
113  49.14087933  008.39304995
110 2 0.25 0.0000 lib/airport/pavement/concrete_6L.pol
111  49.14117091  008.39357353
111  49.14118518  008.39359785
111  49.14119293  008.39358600
113  49.14117866  008.39356294
110 2 0.25 0.0000 lib/airport/pavement/concrete_6L.pol
111  49.14147703  008.39408653
111  49.14149131  008.39411084
111  49.14149906  008.39409900
113  49.14148478  008.39407593
110 2 0.25 0.0000 lib/airport/pavement/concrete_6L.pol
111  49.14177182  008.39459259
111  49.14178610  008.39461691
111  49.14179385  008.39460506
113  49.14177957  008.39458199
110 2 0.25 0.0000 lib/airport/pavement/concrete_6L.pol
111  49.14207568  008.39510559
111  49.14208996  008.39512991
111  49.14209771  008.39511806
113  49.14208343  008.39509499
110 2 0.25 0.0000 lib/airport/pavement/concrete_6L.pol
111  49.14238408  008.39562206
111  49.14239835  008.39564637
111  49.14240610  008.39563453
113  49.14239183  008.39561146
110 2 0.25 0.0000 lib/airport/pavement/concrete_6L.pol
111  49.14268113  008.39612467
111  49.14269541  008.39614898
111  49.14270316  008.39613714
113  49.14268888  008.39611407
110 2 0.25 0.0000 lib/airport/pavement/concrete_6L.pol
111  49.14358591  008.39766025
111  49.14360018  008.39768456
111  49.14360793  008.39767272
113  49.14359366  008.39764965
110 2 0.25 0.0000 lib/airport/pavement/concrete_6L.pol
111  49.14328945  008.39716541
111  49.14330373  008.39718972
111  49.14331148  008.39717788
113  49.14329720  008.39715481
110 2 0.25 0.0000 lib/airport/pavement/concrete_6L.pol
111  49.14298078  008.39663862
111  49.14299505  008.39666293
111  49.14300280  008.39665109
113  49.14298853  008.39662802
110 2 0.25 0.0000 lib/airport/pavement/concrete_6L.pol
111  49.14394678  008.39827818
111  49.14396105  008.39830250
111  49.14396880  008.39829065
113  49.14395453  008.39826758
110 1 0.25 0.0000 lib/airport/pavement/asphalt_1D.pol
111  49.14249227  008.39953152
112  49.14254646  008.39955489  49.14257397  008.39955328
111  49.14260570  008.39956298
111  49.14341449  008.39987211
111  49.14339834  008.39997938
111  49.14360755  008.40005430
111  49.14364663  008.39994299
111  49.14365556  008.39991361
111  49.14338957  008.39982171
111  49.14341117  008.39969827
111  49.14339600  008.39969496
111  49.14338569  008.39974531
112  49.14337919  008.39976188  49.14337486  008.39976519
111  49.14336619  008.39975967
111  49.14336998  008.39968944
111  49.14325165  008.39964563
111  49.14323305  008.39976876
111  49.14258159  008.39951001
111  49.14253526  008.39950867
111  49.14262464  008.39928951
111  49.14265121  008.39924718
111  49.14263585  008.39919631
113  49.14261394  008.39923604
110 1 0.00 0.0000 New Taxiway 5
111  49.14288875  008.39886943 20
111  49.14293008  008.39901643 20
111  49.14295233  008.39900550 20
111  49.14296584  008.39894718 20
111  49.14294836  008.39887915 20
113  49.14291577  008.39885606 20
110 1 0.00 0.0000 New Taxiway 4
111  49.14338318  008.39913868 20
111  49.14333247  008.39922421 20
111  49.14338668  008.39929905 20
113  49.14343826  008.39921352 20
110 1 0.00 0.0000 New Taxiway 3
111  49.14266765  008.39933591
111  49.14283986  008.39938830
111  49.14285996  008.39925894
111  49.14293190  008.39928157
111  49.14291550  008.39938911
111  49.14304509  008.39942873
111  49.14306096  008.39933009
111  49.14322281  008.39938830
111  49.14320588  008.39948371
111  49.14326417  008.39950522
111  49.14327782  008.39940771
111  49.14334340  008.39943196
111  49.14333747  008.39949505
111  49.14325165  008.39964563
111  49.14336999  008.39968944
111  49.14339600  008.39969496
111  49.14341117  008.39969827
111  49.14344368  008.39945970
111  49.14340972  008.39941111
111  49.14327895  008.39936251
111  49.14328762  008.39928851
111  49.14321464  008.39925869
111  49.14319947  008.39933490
111  49.14306724  008.39928630
111  49.14309037  008.39911069
111  49.14296248  008.39906540
111  49.14293502  008.39924101
111  49.14271465  008.39916812
112  49.14270454  008.39914492  49.14270309  008.39913167
111  49.14270165  008.39910406
112  49.14272910  008.39895827  49.14273271  008.39889310
111  49.14272477  008.39878376
111  49.14263201  008.39769361
111  49.14260641  008.39767209
111  49.14270113  008.39883042
112  49.14269473  008.39899869  49.14268577  008.39904173
111  49.14263585  008.39919631
111  49.14265121  008.39924718
112  49.14268018  008.39922108  49.14268596  008.39922661
113  49.14267802  008.39926526
110 3 0.00 0.0000 New Taxiway 2
111  49.14298760  008.39928754
111  49.14343952  008.39943428
112  49.14388918  008.40002706  49.14392199  008.40005071
112  49.14412214  008.40010924  49.14418358  008.40009945
112  49.14424630  008.39990769  49.14426294  008.39980399
111  49.14424758  008.39938526
112  49.14425822  008.39917363  49.14424379  008.39902552
111  49.14420669  008.39894359
111  49.13928771  008.39043832
112  49.13916049  008.39051076  49.13908816  008.39059463
112  49.13908816  008.39091871  49.13910811  008.39107122
112  49.14262077  008.39772774  49.14264330  008.39787276
112  49.14271314  008.39895223  49.14269568  008.39905900
113  49.14268503  008.39918482
130 Airport Boundary 1
111  49.14423905  008.40028592
111  49.14431138  008.39983599
111  49.14425900  008.39851288
111  49.14408440  008.39787230
111  49.14392476  008.39779222
111  49.13928773  008.39014758
111  49.13915802  008.39015139
111  49.13900337  008.39079573
111  49.13911288  008.39246263
111  49.14073721  008.39460155
111  49.14254263  008.39767163
111  49.14260025  008.39921930
111  49.14249873  008.39949612
113  49.14370051  008.40015881
120 Linear Feature 11
111  49.14313189  008.39931102 22
111  49.14314109  008.39924977 22
111  49.14324532  008.39917013 22
115  49.14368824  008.39975583
120 Linear Feature 10
111  49.14334615  008.39922791 20
115  49.14336049  008.39924799
120 Linear Feature 9
111  49.14335093  008.39920509 20
115  49.14337362  008.39923886
120 Linear Feature 8
111  49.14340034  008.39917787 20
115  49.14338957  008.39919501
120 Linear Feature 7
111  49.14339182  008.39916278 20
115  49.14337970  008.39918198
120 Linear Feature 6
111  49.14337748  008.39916173 20
115  49.14340047  008.39919487
20  49.14142175  008.39465165 45.8500 0 3 {@Y}1/2{@@}{@Y}1/2
20  49.14164959  008.39432685 48.2600 0 3 {@Y}1/2{@@}{@Y}1/2
14  49.14325116  008.39939550  16.40 0 New Tower Viewpoint 1
1300  49.14303731  008.39914513 286.27 tie_down props Hangar start 1
1301 B none 
1300  49.14272752  008.39811607 355.35 tie_down props Gras start 1
1301 B none 
1300  49.14274339  008.39833792 355.35 tie_down props Gras start 2
1301 B none 
1300  49.14276153  008.39853550 355.35 tie_down props Gras start 3
1301 B none 
19  49.14291169  008.39905347 0 New Windsock 2
1054 122600 Linkenheim Info
99
