I
1130 Generated by WorldEditor 2.0.0r4

1    312 1 0 EDRY Speyer
1302 city Speyer
1302 country Germany
1302 datum_lat 49.302166667
1302 datum_lon 8.451666667
1302 faa_code 
1302 iata_code ZQC
1302 icao_code EDRY
1302 region_code ED
1302 state Rhineland-Palatinate
1302 transition_alt 
1302 transition_level 
100 30.00 3 0 0.00 0 0 0 16R  49.30489439  008.45092557    0    0 0 0 0 0 34L  49.30071921  008.45262453    0    0 0 0 0 0
100 30.00 1 0 0.25 0 2 0 16  49.30940404  008.44987829  277    0 1 0 0 0 34  49.29481280  008.45578962  277    0 1 0 0 0
110 1 0.00 165.2000 Taxiway Turning at 34
111  49.29518409  008.45542513 3 102
111  49.29503021  008.45534074 3 102
111  49.29475574  008.45545135 3 102
113  49.29477833  008.45558951
110 1 0.00 165.2000 Taxiway East Side
111  49.29569316  008.45564686 102
112  49.29582450  008.45568257  49.29589348  008.45573851 102
111  49.29590210  008.45588293 102
111  49.29595185  008.45618703 102
112  49.29607510  008.45649292  49.29616584  008.45657348 102
111  49.29625944  008.45652075 102
111  49.29636012  008.45648002 102
111  49.30123730  008.45450670
112  49.30134558  008.45460461  49.30135895  008.45471886
111  49.30131104  008.45474800
111  49.30121090  008.45479063
111  49.30134293  008.45548695
111  49.30176522  008.45529264
111  49.30170447  008.45493364
111  49.30190393  008.45485693
111  49.30196064  008.45518330
111  49.30188891  008.45521758
111  49.30190770  008.45531058
111  49.30199065  008.45527336
111  49.30195719  008.45507673
111  49.30198410  008.45505990
111  49.30197976  008.45503855
111  49.30195346  008.45505122
111  49.30191778  008.45483969
111  49.30194382  008.45482704
111  49.30197976  008.45503855
111  49.30198410  008.45505990
111  49.30201616  008.45522554
111  49.30245438  008.45504947
111  49.30239309  008.45465868
111  49.30252631  008.45460755
111  49.30256883  008.45483626
111  49.30405474  008.45423737
111  49.30404231  008.45416409
111  49.30402927  008.45408292
111  49.30427787  008.45398148
111  49.30429529  008.45397437
111  49.30451499  008.45388472
111  49.30473611  008.45379233
111  49.30471433  008.45366049
111  49.30490006  008.45358236
111  49.30503250  008.45408891
111  49.30522817  008.45485730
111  49.30528660  008.45482170
111  49.30520985  008.45451142
111  49.30487645  008.45316357 102
112  49.30489820  008.45306054  49.30492113  008.45300781 102
112  49.30495207  008.45299550  49.30496583  008.45299199
111  49.30505637  008.45307988
112  49.30505746  008.45317597  49.30504939  008.45323880
112  49.30501629  008.45339191  49.30500833  008.45355792
111  49.30501629  008.45339191
112  49.30501629  008.45339191  49.30505051  008.45354572
112  49.30519214  008.45354149  49.30524308  008.45350731
112  49.30526858  008.45329083  49.30524948  008.45318341
112  49.30517679  008.45314047  49.30515212  008.45307821
111  49.30514233  008.45304472
111  49.30520079  008.45289355 102
111  49.30623699  008.45247454
111  49.30630461  008.45251849
111  49.30683582  008.45231044
111  49.30687786  008.45221191 102
111  49.30854343  008.45131736
111  49.30859697  008.45138339
111  49.30861797  008.45148877
112  49.30861046  008.45171054  49.30860569  008.45186070
111  49.30873310  008.45181125
112  49.30878344  008.45174127  49.30879875  008.45168928
111  49.30878344  008.45174127
112  49.30878344  008.45174127  49.30879119  008.45171492
112  49.30878425  008.45163432  49.30877101  008.45159788
111  49.30878425  008.45163432
112  49.30878425  008.45163432  49.30874266  008.45153628
111  49.30868978  008.45146908
111  49.30866574  008.45134999
111  49.30868752  008.45126209 102
111  49.30896288  008.45114843
112  49.30901243  008.45118287  49.30904377  008.45122997
111  49.30903930  008.45123046
112  49.30906432  008.45139912  49.30905902  008.45147237
112  49.30905626  008.45157334  49.30906820  008.45164353
111  49.30905626  008.45157334
112  49.30905626  008.45157334  49.30906873  008.45162152
112  49.30914340  008.45163431  49.30917388  008.45163368
111  49.30914340  008.45163431
112  49.30914340  008.45163431  49.30915346  008.45163411
112  49.30916746  008.45162984  49.30917289  008.45162732
111  49.30916746  008.45162984
112  49.30916746  008.45162984  49.30917315  008.45162720
112  49.30918873  008.45161277  49.30919669  008.45160425
111  49.30918873  008.45161277
112  49.30918873  008.45161277  49.30921141  008.45158851
112  49.30922855  008.45149192  49.30922020  008.45144072
111  49.30922855  008.45149192
112  49.30922855  008.45149192  49.30921727  008.45142274
112  49.30914610  008.45134180  49.30912886  008.45131637
111  49.30910903  008.45120397
112  49.30912616  008.45113515  49.30913969  008.45110097
112  49.30916038  008.45107167  49.30917073  008.45105824 102
111  49.30939476  008.45097647
112  49.30944491  008.45099356  49.30946879  008.45102164
112  49.30947675  008.45107414  49.30947754  008.45107658
111  49.30947675  008.45107414
112  49.30947675  008.45107414  49.30947686  008.45107448
112  49.30949851  008.45120031  49.30949835  008.45127220
111  49.30949851  008.45120031
112  49.30949851  008.45120031  49.30949837  008.45126076
112  49.30949250  008.45138954  49.30950781  008.45143829
111  49.30949250  008.45138954
112  49.30949250  008.45138954  49.30951868  008.45147287
112  49.30960656  008.45146279  49.30962543  008.45145086
111  49.30960656  008.45146279
112  49.30960656  008.45146279  49.30962689  008.45144773
112  49.30966524  008.45131527  49.30965408  008.45123942
111  49.30966524  008.45131527
112  49.30966524  008.45131527  49.30964801  008.45121809
112  49.30958230  008.45115148  49.30955570  008.45109831
111  49.30958230  008.45115148
112  49.30958230  008.45115148  49.30955348  008.45109389
111  49.30954599  008.45103751
112  49.30954450  008.45093817  49.30956108  008.45089747
111  49.30958628  008.45089442
111  49.30956440  008.45075708 102
111  49.30949199  008.45078809 102
112  49.30932580  008.45074560  49.30925321  008.45066210 102
111  49.30924690  008.45053593 102
112  49.30928511  008.45026491  49.30931854  008.45020045 102
112  49.30939877  008.45008765  49.30941310  008.45008472 102
111  49.30942742  008.45007154
113  49.29568826  008.45562393
112  49.30900089  008.45025570  49.30905342  008.45024251 102
112  49.30912315  008.45037729  49.30914798  008.45043589 102
111  49.30912888  008.45054136 102
112  49.30910309  008.45069225  49.30908017  008.45081238 102
112  49.30898752  008.45095302  49.30894358  008.45100575 102
112  49.30880891  008.45106142  49.30875924  008.45107168 102
112  49.30861788  008.45102626  49.30855675  008.45097206 102
112  49.30849945  008.45079334  49.30847557  008.45068786 102
111  49.30849467  008.45057799 102
113  49.30856917  008.45043296
111  49.30820479  008.45057244 102
111  49.30830760  008.45061211 102
112  49.30837061  008.45069858  49.30838984  008.45075047 102
112  49.30840643  008.45082982  49.30840908  008.45083796 102
112  49.30840908  008.45103939  49.30839250  008.45112789 102
112  49.30835336  008.45121030  49.30832484  008.45126015 102
112  49.30825719  008.45130491  49.30820611  008.45133441 102
112  49.30730939  008.45182962  49.30731019  008.45183084 102
111  49.30709992  008.45193381 102
111  49.30700782  008.45198494 102
112  49.30691727  008.45200955  49.30683819  008.45202361 102
111  49.30680610  008.45202010 102
111  49.30560297  008.45184430 102
112  49.30554360  008.45183803  49.30550158  008.45183803 102
111  49.30549107  008.45184535 102
111  49.30493387  008.45195549 102
112  49.30490028  008.45194039  49.30489758  008.45191923 102
114  49.30491568  008.45191157  49.30492729  008.45190649
111  49.30532433  008.45199990 102
111  49.30549150  008.45196909 102
112  49.30557077  008.45195444  49.30560898  008.45195297 102
111  49.30563095  008.45196030 102
111  49.30644731  008.45208552 102
112  49.30651033  008.45214486  49.30651585  008.45219996 102
111  49.30647760  008.45222519 102
111  49.30520343  008.45274233 102
112  49.30506015  008.45280093  49.30499091  008.45282534 102
112  49.30488027  008.45276797  49.30481023  008.45272158 102
112  49.30479909  008.45264712  49.30480068  008.45264712 102
112  49.30476884  008.45246523  49.30475451  008.45237734 102
112  49.30478476  008.45227358  49.30480625  008.45220889 102
113  49.30484207  008.45220644 102
111  49.30477820  008.45328577
112  49.30477024  008.45338220  49.30475001  008.45343220
111  49.30472885  008.45344202
111  49.30467471  008.45346047
111  49.30457842  008.45349328
112  49.30451554  008.45346887  49.30448997  008.45344441
111  49.30448134  008.45341555
111  49.30445903  008.45330774
112  49.30446408  008.45322471  49.30448453  008.45318980 102
111  49.30450737  008.45317834 102
111  49.30468030  008.45313318 102
112  49.30472567  008.45314539  49.30475094  008.45316318 102
113  49.30475815  008.45320203
112  49.30430590  008.45354156  49.30429439  008.45358277
111  49.30426564  008.45359459
112  49.30418508  008.45363091  49.30414244  008.45365077
111  49.30418508  008.45363091
112  49.30418508  008.45363091  49.30416626  008.45363967
112  49.30412874  008.45365807  49.30411095  008.45366704
111  49.30412874  008.45365807
112  49.30412874  008.45365807  49.30407064  008.45368736
112  49.30400537  008.45362267  49.30397751  008.45358483
112  49.30396876  008.45353600  49.30396398  008.45350670
112  49.30397672  008.45343956  49.30398627  008.45340660 102
111  49.30403880  008.45336754 102
111  49.30420197  008.45330041 102
112  49.30426724  008.45332238  49.30430067  008.45334557
113  49.30430146  008.45339440
111  49.30435533  008.45218595 102
112  49.30451627  008.45233032  49.30458506  008.45239308
111  49.30451627  008.45233032
112  49.30451627  008.45233032  49.30455312  008.45236393 102
112  49.30458984  008.45240021  49.30460025  008.45241121
111  49.30458984  008.45240021
112  49.30458984  008.45240021  49.30461969  008.45243174 102
111  49.30463561  008.45249990 102
112  49.30466612  008.45266164  49.30467806  008.45276845 102
112  49.30463122  008.45289038  49.30459683  008.45298109 102
111  49.30449093  008.45302749 102
112  49.30088847  008.45448717  49.30082822  008.45451344 102
112  49.30074553  008.45447408  49.30069140  008.45443868 102
111  49.30065320  008.45430685 102
111  49.30058835  008.45388873 102
112  49.30058282  008.45378956  49.30058172  008.45374293 102
111  49.30064031  008.45364630
113  49.30434216  008.45214284 102
111  49.30234738  008.45433706
112  49.30226248  008.45436656  49.30225783  008.45436961
112  49.30220742  008.45435842  49.30218023  008.45433909
111  49.30217492  008.45432180
111  49.30216166  008.45423229
112  49.30217957  008.45415498  49.30219947  008.45411836 102
111  49.30225054  008.45409700 102
112  49.30235467  008.45406038  49.30237239  008.45405840 102
112  49.30240294  008.45407065  49.30242217  008.45407777
111  49.30243871  008.45411878
111  49.30251565  008.45453787
113  49.30239189  008.45458937
111  49.30193706  008.45477620
111  49.30169275  008.45487283
111  49.30164853  008.45461684
111  49.30156655  008.45464820
112  49.30150439  008.45464991  49.30148220  008.45463657
111  49.30146618  008.45454591
112  49.30146905  008.45446535  49.30147955  008.45441115
111  49.30155788  008.45436721 102
111  49.30193070  008.45422708
112  49.30199994  008.45425150  49.30203337  008.45428201
111  49.30203576  008.45431863
112  49.30203496  008.45440896  49.30202859  008.45444680
111  49.30201313  008.45446293
113  49.30189806  008.45451027
111  49.30047906  008.45379468 102
111  49.30051058  008.45387523 102
111  49.30058317  008.45433076 102
112  49.30056789  008.45453582  49.30053351  008.45463542 102
111  49.30045805  008.45466618 102
112  49.30001277  008.45484506  49.30000895  008.45484359 102
112  49.29989529  008.45485678  49.29983608  008.45484066 102
111  49.29981220  008.45477622 102
111  49.29954408  008.45423403 102
112  49.29953072  008.45418953  49.29952611  008.45415209 102
111  49.29953348  008.45414008 102
111  49.29954914  008.45408711
113  49.30039134  008.45374354 102
111  49.29944915  008.45421125 102
111  49.29973915  008.45483200 102
112  49.29975827  008.45490640  49.29975428  008.45494090 102
111  49.29972961  008.45496030 102
112  49.29635621  008.45632599  49.29627662  008.45635651 102
112  49.29614847  008.45629182  49.29606438  008.45622732 102
111  49.29603226  008.45606237 102
111  49.29598928  008.45581461 102
112  49.29599087  008.45564618  49.29600903  008.45555850
111  49.29599087  008.45564618
112  49.29599087  008.45564618  49.29603331  008.45548582 102
111  49.29612087  008.45547378
113  49.29938741  008.45415213 102
110 1 0.00 165.2000 Taxiway West Side
111  49.30925889  008.44972605
112  49.30920317  008.44970285  49.30918009  008.44967111
111  49.30917054  008.44962228
111  49.30911084  008.44928290
111  49.30908839  008.44915272
111  49.30906717  008.44904997
111  49.30905191  008.44900418
112  49.30913630  008.44883596  49.30922130  008.44870851
111  49.30926046  008.44871876
111  49.30927670  008.44878469
111  49.30943735  008.44869993
111  49.30944700  008.44874011
111  49.30947601  008.44872500
111  49.30942512  008.44847691
111  49.30936075  008.44821921
111  49.30917230  008.44832261
111  49.30924777  008.44864007
112  49.30912201  008.44875849  49.30909415  008.44880732
111  49.30905356  008.44887203
112  49.30902650  008.44889156  49.30899864  008.44889156
111  49.30899228  008.44888057
112  49.30895897  008.44885049  49.30893414  008.44883144
111  49.30891504  008.44882266
111  49.30885192  008.44844480
111  49.30864218  008.44851142
111  49.30867415  008.44871270
111  49.30870599  008.44870049
111  49.30872907  008.44882745
111  49.30825062  008.44902885
111  49.30817039  008.44857531
111  49.30805860  008.44860682
111  49.30808805  008.44881802
111  49.30804030  008.44883511
111  49.30800563  008.44864254
111  49.30795593  008.44866176
111  49.30803552  008.44907072
111  49.30802119  008.44911101
111  49.30785811  008.44918108
111  49.30780483  008.44885377
111  49.30787445  008.44883088
111  49.30783040  008.44856691
111  49.30779161  008.44858173
111  49.30781478  008.44872170
111  49.30761788  008.44880338
111  49.30769994  008.44924613
111  49.30747521  008.44933806
111  49.30745929  008.44921232
111  49.30751659  008.44918842
111  49.30748397  008.44898526
111  49.30703777  008.44916140
111  49.30706974  008.44937017
111  49.30711913  008.44935053
111  49.30714227  008.44947703
111  49.30698906  008.44952763
111  49.30697849  008.44943397
111  49.30698909  008.44940168
111  49.30702370  008.44938294
111  49.30699363  008.44917324
111  49.30654470  008.44934790
111  49.30646846  008.44937960
111  49.30604072  008.44954624
111  49.30607859  008.44976444
111  49.30625338  008.44970292
111  49.30626579  008.44976005
112  49.30625624  008.44981132  49.30624765  008.44982304
111  49.30623045  008.44984062
111  49.30600791  008.44992851
111  49.30598212  008.44990800
111  49.30597001  008.44980650
111  49.30594664  008.44959115
111  49.30580047  008.44965259
111  49.30584365  008.44985597
111  49.30586696  008.44994346
112  49.30586537  008.44997764  49.30586139  008.44998985
111  49.30584467  008.44999961
111  49.30579691  008.45001426
112  49.30577467  008.45000279  49.30576693  008.44997990
111  49.30575974  008.44994769
111  49.30575697  008.44988835
111  49.30574158  008.44966845
111  49.30558607  008.44974009
111  49.30560350  008.44983419
111  49.30563024  008.44993843
111  49.30565770  008.45004547
111  49.30564720  008.45008355
111  49.30535181  008.45019665
111  49.30533177  008.45020601
111  49.30520609  008.45026159
111  49.30513371  008.44983424
111  49.30509764  008.44984809
111  49.30517162  008.45027836
111  49.30502185  008.45033220
111  49.30498173  008.45009490
111  49.30499320  008.45005681
111  49.30506292  008.45002312
111  49.30504573  008.44989275
111  49.30481363  008.44999089
111  49.30484420  008.45011834
111  49.30489482  008.45008757
111  49.30493398  008.45010808
111  49.30497218  008.45034832
111  49.30471144  008.45046070
112  49.30465795  008.45042261  49.30463025  008.45038453
111  49.30462738  008.45035523
112  49.30463407  008.45021314  49.30465890  008.45014576
111  49.30467514  008.45015748
111  49.30468947  008.45015455
111  49.30467036  008.45004029
111  49.30440293  008.45016480
111  49.30442299  008.45026881
111  49.30447178  008.45024628
111  49.30452094  008.45029092
111  49.30455972  008.45052434
111  49.30421549  008.45067536
111  49.30422204  008.45077478
111  49.30676785  008.44974074
111  49.30874689  008.44893275
112  49.30889956  008.44893064  49.30898345  008.44897915
111  49.30900947  008.44914122
111  49.30903271  008.44926464
111  49.30905753  008.44939868
111  49.30910182  008.44964846
112  49.30910446  008.44970252  49.30910468  008.44972466
112  49.30909247  008.44977134  49.30908203  008.44979314
114  49.30907981  008.44979553  49.30907781  008.44979757
111  49.30686174  008.44945762
111  49.30688067  008.44957416
111  49.30678090  008.44962350
113  49.30675815  008.44950406
111  49.30658781  008.44956184
111  49.30663649  008.44955528
111  49.30665147  008.44967771
111  49.30638839  008.44978504
111  49.30635985  008.44976461
114  49.30634344  008.44966055  49.30634243  008.44965746
111  49.30726660  008.44942631
111  49.30724599  008.44930574
111  49.30734843  008.44926138
113  49.30736637  008.44938165
111  49.30814223  008.44907226
111  49.30810614  008.44908554
111  49.30808305  008.44906008
111  49.30805923  008.44893500
113  49.30811191  008.44890843
111  49.30780392  008.44921295
111  49.30774859  008.44923232
111  49.30772633  008.44910318
113  49.30777746  008.44908473
110 2 0.00 165.2000 Taxiway Concrete Patch
111  49.30689389  008.45262730
111  49.30683582  008.45231044
111  49.30630292  008.45251935
113  49.30635901  008.45283381
110 5 0.00 0.0000 Taxiway Gravel
111  49.30535181  008.45019665
111  49.30528387  008.44991399
111  49.30526887  008.44992024
113  49.30533177  008.45020601
110 3 0.00 165.2000 New Taxiway 2
111  49.30275204  008.45153476
111  49.30267286  008.45114344
111  49.30264137  008.45116195
111  49.30218717  008.45142889
111  49.30211301  008.45147243
111  49.30215791  008.45167486
111  49.30231105  008.45159499
112  49.30235232  008.45159476  49.30236730  008.45160077
111  49.30238093  008.45163657
111  49.30255352  008.45244199
111  49.30263735  008.45240964
113  49.30247170  008.45165065
110 3 0.00 165.2000 Taxiway Parking Grass
111  49.30676785  008.44974074
111  49.30686301  008.45027070
111  49.30820642  008.44974133
111  49.30828024  008.45012066
111  49.30842102  008.45006681
111  49.30835495  008.44968372
111  49.30905753  008.44939868
111  49.30903271  008.44926464
111  49.30881998  008.44934329
113  49.30874689  008.44893275
130 Airport Boundary
111  49.30962896  008.44765328
111  49.30430780  008.44983720
111  49.30443778  008.45052039
111  49.30309117  008.45113590
111  49.30293749  008.45049858
111  49.30091858  008.45140833
111  49.30021164  008.45259012
111  49.29875071  008.45315480
111  49.29859132  008.45289236
111  49.29433535  008.45466052
111  49.29451178  008.45671665
111  49.29541479  008.45810232
111  49.29626045  008.45826043
111  49.29926773  008.45669773
111  49.29986982  008.45592938
111  49.30018365  008.45573289
111  49.30101890  008.45578179
111  49.30377754  008.45460521
111  49.30431775  008.45466435
111  49.30480599  008.45495082
111  49.30518664  008.45534277
111  49.30554497  008.45519551
111  49.30522337  008.45389249
111  49.30546598  008.45361892
111  49.30548469  008.45322680
111  49.30716904  008.45254610
111  49.30735203  008.45217453
111  49.30841789  008.45156691
111  49.30879820  008.45318700
113  49.31060101  008.45207800
120 Apron White Solid Line
111  49.30405015  008.45423596 30
111  49.30402348  008.45406863 30
111  49.30389158  008.45400618 30
111  49.30378448  008.45384835 30
111  49.30376933  008.45375701 30
115  49.30247151  008.45428158
120 Apron White Broken Line
111  49.30254197  008.45467050 22
115  49.30402348  008.45406863
120 Linear Feature 36
111  49.30271371  008.45418866 1
111  49.30273928  008.45433979 1
112  49.30278818  008.45443209  49.30279246  008.45448412 1
112  49.30274004  008.45456937  49.30268896  008.45461363
111  49.30274004  008.45456937
112  49.30274004  008.45456937  49.30267982  008.45459894 1
111  49.30267253  008.45456191 1
115  49.30255648  008.45389563
120 Linear Feature 35
111  49.30307424  008.45403714 1
111  49.30310349  008.45419662 1
112  49.30314791  008.45428301  49.30315441  008.45433783 1
112  49.30309916  008.45442588  49.30305246  008.45446460
111  49.30309916  008.45442588
112  49.30309916  008.45442588  49.30304306  008.45445819 1
111  49.30303323  008.45441873 1
115  49.30291392  008.45375306
120 Linear Feature 34
111  49.30343154  008.45389458 1
111  49.30345586  008.45405614 1
112  49.30350352  008.45415416  49.30351133  008.45420106 1
112  49.30345261  008.45428208  49.30340804  008.45431569
111  49.30345261  008.45428208
112  49.30345261  008.45428208  49.30339968  008.45430928 1
111  49.30339086  008.45427487 1
115  49.30327219  008.45360011
120 Linear Feature 6
111  49.30345533  008.45396782 1
115  49.30343004  008.45397647
120 Linear Feature 5
111  49.30374632  008.45406558 1
115  49.30372267  008.45407523
120 Linear Feature 10
111  49.30274014  008.45425700 1
115  49.30271415  008.45426696
120 Linear Feature 9
111  49.30310096  008.45411097 1
115  49.30307389  008.45412239
120 Linear Feature 33
111  49.30378489  008.45375333 1
111  49.30381101  008.45390796 1
112  49.30385751  008.45399128  49.30386083  008.45403149 1
112  49.30381069  008.45413789  49.30376099  008.45417350
111  49.30381069  008.45413789
112  49.30381069  008.45413789  49.30375228  008.45415959 1
111  49.30374494  008.45413518 1
115  49.30362746  008.45345631
120 Linear Feature 11
111  49.30489912  008.45294156 1
112  49.30482413  008.45304015  49.30480069  008.45311304 1
111  49.30481423  008.45319679 1
111  49.30482652  008.45325559 1
112  49.30480827  008.45345342  49.30476735  008.45356158 1
111  49.30469720  008.45357555 1
111  49.30455984  008.45362975 1
111  49.30433953  008.45371549 1
111  49.30405517  008.45383410 1
112  49.30397144  008.45380840  49.30392530  008.45376572 1
111  49.30391426  008.45370688 1
111  49.30388687  008.45357074 1
112  49.30389664  008.45341242  49.30392087  008.45333981 1
115  49.30399022  008.45330947
120 Taxi 1
111  49.30957180  008.45082688 1
111  49.30938526  008.45090370 1
111  49.30901766  008.45105067 1
111  49.30868942  008.45118161 1
111  49.30838773  008.45131189 1
111  49.30710349  008.45201857 1
111  49.30690870  008.45212638 1
111  49.30506625  008.45287410 1
111  49.30495914  008.45291726 1
111  49.30489912  008.45294156 1
111  49.30462049  008.45305435 1
111  49.30449044  008.45310698 1
111  49.30421856  008.45321747 1
111  49.30399022  008.45330947 1
111  49.30373012  008.45341665 1
111  49.30362746  008.45345631 1
111  49.30327219  008.45360011 1
111  49.30291412  008.45374505 1
111  49.30255260  008.45389139 1
111  49.30082396  008.45459266 1
111  49.30053398  008.45470970 1
111  49.29997511  008.45493608 1
111  49.29624781  008.45644701 1
112  49.29609333  008.45641917  49.29603108  008.45634805 1
111  49.29600911  008.45624513 1
111  49.29590250  008.45563038 1
112  49.29582995  008.45548290  49.29577254  008.45542809 1
111  49.29569950  008.45544414 1
115  49.29537717  008.45557662
120 Linear Feature 3
111  49.30838773  008.45131189 1
112  49.30847082  008.45118058  49.30849322  008.45110309 1
115  49.30848634  008.45102167
120 Taxi 2
111  49.30938665  008.45090286 1
112  49.30924363  008.45085591  49.30916535  008.45078189 1
111  49.30917005  008.45060315 1
111  49.30920820  008.45037302 1
112  49.30916447  008.45013903  49.30910051  008.45001819
111  49.30916447  008.45013903
112  49.30916447  008.45013903  49.30908873  008.44999652 1
111  49.30894581  008.45007820 1
111  49.30851646  008.45025231 1
112  49.30841929  008.45039688  49.30839194  008.45050850 1
111  49.30840978  008.45058399 1
111  49.30848634  008.45102167 1
112  49.30856473  008.45115276  49.30861540  008.45119909 1
115  49.30868942  008.45118161
120 Linear Feature 5
111  49.30766332  008.45059822 1
111  49.30820439  008.45037983 1
112  49.30832237  008.45040791  49.30838821  008.45046159 1
115  49.30840978  008.45058399
120 Linear Feature 4
111  49.30917005  008.45060315 1
111  49.30912357  008.45085339 1
112  49.30908965  008.45096560  49.30906670  008.45101289 1
115  49.30901766  008.45105067
120 Linear Feature 7
111  49.30532214  008.45154761 1
111  49.30479813  008.45175675 1
112  49.30465876  008.45193788  49.30462002  008.45206575 1
111  49.30465400  008.45221631 1
111  49.30474260  008.45272656 1
112  49.30481414  008.45287833  49.30487173  008.45294276 1
115  49.30495914  008.45291726
120 Linear Feature 6
111  49.30710349  008.45201857 1
112  49.30687772  008.45208642  49.30679567  008.45208970 1
111  49.30672323  008.45207658 1
111  49.30564759  008.45191093 1
112  49.30552335  008.45190342  49.30545379  008.45190474 1
111  49.30540896  008.45192202 1
111  49.30490533  008.45205609 1
112  49.30468520  008.45206140  49.30460688  008.45202981 1
112  49.30455879  008.45198473  49.30452669  008.45195853 1
112  49.30447959  008.45193800  49.30441955  008.45191523 1
111  49.30436216  008.45193337 1
115  49.30384972  008.45214323
120 Linear Feature 9
111  49.30462049  008.45305435 1
112  49.30472102  008.45293717  49.30475889  008.45285000 1
115  49.30474260  008.45272656
120 Linear Feature 44
111  49.30462049  008.45305435 1
112  49.30474158  008.45305855  49.30477358  008.45309409
111  49.30474158  008.45305855
112  49.30474158  008.45305855  49.30480003  008.45309912 1
115  49.30481423  008.45319679
120 Linear Feature 10
111  49.30455879  008.45198473 1
112  49.30461353  008.45207374  49.30463318  008.45212011 1
115  49.30465400  008.45221631
120 Linear Feature 12
111  49.30449044  008.45310698 1
112  49.30439768  008.45321253  49.30436546  008.45329850
111  49.30439768  008.45321253
112  49.30439768  008.45321253  49.30437120  008.45328088 1
111  49.30438599  008.45336176 1
111  49.30440558  008.45349217 1
112  49.30446724  008.45360875  49.30451132  008.45364468 1
115  49.30455984  008.45362975
120 Linear Feature 13
111  49.30433953  008.45371549 1
112  49.30439132  008.45362689  49.30441074  008.45356437 1
115  49.30440558  008.45349217
120 Linear Feature 14
111  49.30438599  008.45336176 1
112  49.30432342  008.45323981  49.30427904  008.45319771 1
115  49.30421856  008.45321747
120 Linear Feature 15
111  49.30388687  008.45357074 1
112  49.30382802  008.45344596  49.30378837  008.45341876
111  49.30382802  008.45344596
112  49.30382802  008.45344596  49.30378474  008.45340318 1
115  49.30373012  008.45341665
120 Linear Feature 8
111  49.30509807  008.45306161 1
115  49.30506625  008.45287410
120 Linear Feature 18
111  49.30063907  008.45444384 1
112  49.30062643  008.45458761  49.30060789  008.45463897
111  49.30062643  008.45458761
112  49.30062643  008.45458761  49.30060668  008.45466400 1
115  49.30053398  008.45470970
120 Linear Feature 19
111  49.29996522  008.45371595 1
111  49.29955959  008.45388004 1
112  49.29945757  008.45404774  49.29944855  008.45413683 1
111  49.29950094  008.45423301 1
111  49.29979455  008.45484558 1
112  49.29986246  008.45493359  49.29990255  008.45496154 1
115  49.29997511  008.45493608
120 Linear Feature 21
111  49.29655718  008.45509806 1
111  49.29601941  008.45531605 1
112  49.29592007  008.45544125  49.29589078  008.45552879 1
115  49.29590250  008.45563038
120 Linear Feature 22
111  49.30854108  008.45021379 1
111  49.30906647  008.44999780 1
112  49.30914139  008.44990918  49.30917750  008.44982888 1
111  49.30915583  008.44976657 1
111  49.30903940  008.44910030 1
112  49.30892388  008.44888339  49.30883587  008.44883724 1
111  49.30873356  008.44888223 1
115  49.30448218  008.45061720
120 Linear Feature 16
111  49.30084930  008.45335900 1
111  49.30059558  008.45346112 1
112  49.30052735  008.45355485  49.30050687  008.45361349 1
111  49.30052589  008.45374792 1
111  49.30063907  008.45444384 1
112  49.30069465  008.45455807  49.30073502  008.45460436
111  49.30069465  008.45455807
112  49.30069465  008.45455807  49.30074535  008.45461982 1
115  49.30082396  008.45459266
120 Linear Feature 20
111  49.29535613  008.45555349 1
112  49.29527315  008.45555881  49.29524908  008.45555084 1
111  49.29523223  008.45553815 1
111  49.29508907  008.45545660 1
112  49.29502366  008.45543517  49.29499884  008.45543517 1
111  49.29494823  008.45544668 1
112  49.29486136  008.45555706  49.29484306  008.45562473 1
112  49.29486121  008.45572041  49.29487375  008.45575963 1
112  49.29496753  008.45581151  49.29502427  008.45579567 1
112  49.29505057  008.45573715  49.29506647  008.45571393 1
115  49.29509350  008.45569200
120 Linear Feature 30
111  49.29593910  008.45609252 4
115  49.29602561  008.45605599
120 Linear Feature 29
111  49.29957612  008.45447983 4
115  49.29963184  008.45441641
120 Linear Feature 28
111  49.30053818  008.45405035 4
115  49.30060714  008.45402391
120 Linear Feature 5
111  49.30585767  008.45199312 4
115  49.30586527  008.45188410
120 Linear Feature 27
112  49.30459434  008.45239643  49.30459747  008.45239643 4
115  49.30476099  008.45233314
120 Linear Feature 25
111  49.30840945  008.45103762 4
115  49.30856574  008.45097619
120 Linear Feature 24
112  49.30912391  008.45057457  49.30912426  008.45057484 4
115  49.30925906  008.45062126
120 Linear Feature 40
111  49.30912847  008.44940733 4
115  49.30906548  008.44942935
120 Linear Feature 1
111  49.30486273  008.45324677 2
115  49.30518662  008.45454184
120 Linear Feature 49
111  49.30991162  008.45173675 1
115  49.30983222  008.45142265
120 Linear Feature 48
111  49.30993147  008.45172714 1
115  49.30985207  008.45141384
120 Linear Feature 47
111  49.30998708  008.45133460 1
115  49.31006596  008.45165111
120 Linear Feature 46
111  49.31004693  008.45166063 1
115  49.30996752  008.45134332
120 White Circle
111  49.30522242  008.45335277 20
112  49.30515156  008.45346425  49.30508091  008.45346703 20
111  49.30507887  008.45335558 20
114  49.30514973  008.45324410  49.30522364  008.45324483 20
120 Linear Feature 43
111  49.30921346  008.44873940 5
115  49.30919137  008.44868549
120 Linear Feature 1
111  49.30686106  008.45245750 23
111  49.30686106  008.45245750 23
115  49.30633234  008.45267847
120 Linear Feature 1
111  49.30686217  008.45246261 20
111  49.30686217  008.45246261 20
115  49.30633345  008.45268359
120 Linear Feature 77
111  49.30575697  008.44988835 30
115  49.30563024  008.44993843
120 Linear Feature 76
111  49.30597001  008.44980650 30
115  49.30584365  008.44985597
120 Linear Feature 75
111  49.30571893  008.45004719 1
115  49.30566359  008.44970824
120 Linear Feature 74
111  49.30593265  008.44996023 1
115  49.30587722  008.44962210
120 Linear Feature 78
111  49.30666038  008.44928194 1
115  49.30671433  008.44963511
120 Linear Feature 85
111  49.30675815  008.44950406 30
115  49.30663649  008.44955528
120 Linear Feature 80
111  49.30715403  008.44912256 1
115  49.30720780  008.44944337
120 Linear Feature 82
111  49.30724599  008.44930574 30
115  49.30711913  008.44935053
120 Linear Feature 83
111  49.30745929  008.44921232 30
115  49.30734843  008.44926138
120 Linear Feature 81
111  49.30736814  008.44902715 1
115  49.30742097  008.44935813
120 Linear Feature 86
111  49.30764139  008.44879307 24
115  49.30766788  008.44894996
120 Linear Feature 86
111  49.30775731  008.44874565 24
115  49.30778434  008.44890472
120 Linear Feature 86
111  49.30765481  008.44878751 24
115  49.30767468  008.44890743
120 Linear Feature 86
111  49.30762872  008.44879806 24
115  49.30764804  008.44891171
120 Linear Feature 86
111  49.30774094  008.44875271 24
115  49.30776141  008.44887321
120 Linear Feature 86
111  49.30777393  008.44874029 24
115  49.30779342  008.44885828
120 Linear Feature 113
111  49.30234738  008.45433706 30
115  49.30189925  008.45451000
120 Linear Feature 113
111  49.30164853  008.45461684 30
115  49.30121090  008.45479063
120 Linear Feature 112
111  49.30161301  008.45479545 1
115  49.30130417  008.45491642
120 Linear Feature 112
111  49.30230143  008.45451479 1
115  49.30199354  008.45463647
120 Linear Feature 101
111  49.30872746  008.45153092 30
115  49.30861636  008.45158557
120 Linear Feature 84
111  49.30698909  008.44940168 30
115  49.30686174  008.44945762
120 Linear Feature 79
111  49.30687895  008.44921529 1
115  49.30693400  008.44955875
120 Linear Feature 108
111  49.30151842  008.45431719 1
112  49.30141469  008.45443343  49.30139193  008.45452638 1
115  49.30141000  008.45457615
120 Linear Feature 108
111  49.30221345  008.45404004 1
112  49.30211983  008.45412495  49.30208674  008.45419466 1
115  49.30209999  008.45428775
120 Linear Feature 107
111  49.30123438  008.45443719 1
112  49.30134504  008.45444432  49.30139687  008.45448651 1
111  49.30141000  008.45457615 1
115  49.30149955  008.45505105
120 Linear Feature 107
111  49.30191473  008.45416121 1
112  49.30203710  008.45416332  49.30208893  008.45420551 1
111  49.30209999  008.45428775 1
115  49.30219081  008.45479004
120 Linear Feature 58
111  49.30520596  008.45318205 30
115  49.30503734  008.45324414
120 Linear Feature 111
111  49.30131198  008.45495529 1
111  49.30130417  008.45491642 1
115  49.30129766  008.45488402
120 Linear Feature 111
111  49.30199993  008.45467390 1
111  49.30199354  008.45463647 1
115  49.30198797  008.45460336
120 Linear Feature 111
111  49.30161893  008.45482928 1
111  49.30161301  008.45479545 1
115  49.30160743  008.45476450
120 Linear Feature 111
111  49.30230783  008.45455438 1
111  49.30230143  008.45451479 1
115  49.30229539  008.45447734
120 Linear Feature 1
111  49.30889688  008.44871342 30
115  49.30871343  008.44873016
21  49.29817110  008.45394612 2 344.5600 5.00 PAPI 34
21  49.30618551  008.45164492 2 164.4400 5.00 PAPI 16
20  49.29617908  008.45597944 269.5700 0 3 {@Y}TORA1286M{^r}
20  49.30822130  008.45107593 241.1400 0 3 {@Y,^l}TORA1286M{@L}E{@R}16
20  49.29579392  008.45613055 245.3200 0 3 {@L}S{@R}34
20  49.30799741  008.45089106 360.0000 0 3 {@Y}_E{^r}_
20  49.30796860  008.45121948 328.3000 0 3 {@Y,^l}16|{^l}E{@L}H
20  49.30445508  008.45282127 339.4400 0 3 {@Y}_{^l}C_
20  49.30424579  008.45240537 360.0000 0 3 {@Y}_C{^r}_
20  49.30393067  008.45302612 181.2200 0 3 {@Y}APRON
20  49.30310868  008.45336609 256.3600 0 3 {@Y,^l}34{@L}H{@Y}16{^r}
20  49.30227550  008.45369401 336.0400 0 3 {@Y}APRON
20  49.30081335  008.45380022 155.9000 0 3 {@Y}_{^l}B_
20  49.30089893  008.45426204 182.4900 0 3 {@Y}_B{^r}_
20  49.29975479  008.45423309 157.1700 0 3 {@Y}_{^l}A_
20  49.30003401  008.45460865 178.5300 0 3 {@Y}_A{^r}_
20  49.29635951  008.45559879 161.5700 0 3 {@Y}_{^l}S_
20  49.30794023  008.44908087 347.9100 0 3 {@Y}34-16{^u}|G
20  49.30898898  008.44948447 256.7600 0 3 {@Y}PARKING
14  49.30430700  008.45423012  59.06 0 Tower Viewpoint
1300  49.30373368  008.45407075  75.13 tie_down jets|turboprops Apron 1
1301 B general_aviation 
1300  49.30373368  008.45407075  75.13 tie_down jets|turboprops Apron 1
1301 B none 
1300  49.30344305  008.45397184 255.00 tie_down jets|turboprops Apron 2
1301 C general_aviation 
1300  49.30344305  008.45397184 255.00 tie_down jets|turboprops Apron 2
1301 C none 
1300  49.30308871  008.45411608 255.00 tie_down jets|turboprops Apron 3
1301 C general_aviation 
1300  49.30308871  008.45411608 255.00 tie_down jets|turboprops Apron 3
1301 C none 
1300  49.30272635  008.45426210 255.00 tie_down jets|turboprops Apron 4
1301 C general_aviation 
1300  49.30272635  008.45426210 -105.00 tie_down jets|turboprops Apron 4
1301 C none 
1300  49.30929267  008.44864254 158.84 tie_down props Airport Bistro
1301 A general_aviation 
1300  49.30879428  008.44867898  70.88 tie_down props Flugschule
1301 A general_aviation 
1300  49.30869892  008.44910292 254.65 tie_down props Grass 1
1301 A general_aviation 
1300  49.30854870  008.44915945 254.80 tie_down props Grass 2
1301 A general_aviation 
1300  49.30841551  008.44922274 255.75 tie_down props Grass 3
1301 A general_aviation 
1300  49.30828036  008.44927945 255.75 tie_down props Grass 4
1301 A general_aviation 
1300  49.30814545  008.44933923 255.75 tie_down props Grass 4
1301 A general_aviation 
1300  49.30800755  008.44939440 255.75 tie_down props Grass 5
1301 A general_aviation 
1300  49.30773787  008.44900470  75.73 tie_down props Hangar 1
1301 A general_aviation 
1300  49.30718314  008.44930693  75.75 tie_down props Hangar 2
1301 A general_aviation 
1300  49.30569046  008.44989069  74.58 tie_down props Hangar 3
1301 A general_aviation 
1300  49.30496473  008.45014509  75.52 tie_down props Hangar 4
1301 A general_aviation 
1300  49.30984223  008.45116056 250.46 tie_down jets Hangar 5
1301 C general_aviation 
1300  49.30527536  008.45472394 250.46 tie_down jets Hangar 6
1301 B general_aviation 
1300  49.30212514  008.45442605 254.11 tie_down jets Hangar 7
1301 B general_aviation 
1300  49.30143575  008.45470480 -105.05 tie_down jets Hangar 8
1301 B general_aviation 
18  49.30440771  008.45428981 1 Beacon
19  49.29736624  008.45565344 1 Windsock
19  49.30689133  008.45171101 1 Windsock
1051 118080 Speyer INFO
1200 
1201  49.30848474  008.45102314 both 0 E_start
1201  49.30589330  008.45194511 both 1 _stop
1201  49.30553858  008.45189977 both 2 _stop
1201  49.30491453  008.45205341 both 3 _stop
1201  49.30469203  008.45243302 both 4 C_start
1201  49.30462878  008.45203326 both 5 unnamed entity(split)
1201  49.30058291  008.45409773 both 6 B_stop
1201  49.29962144  008.45448426 both 7 A_start
1201  49.29598405  008.45609817 both 8 S_stop
1201  49.29603081  008.45630977 both 9 S_stop
1201  49.29607529  008.45638846 both 10 S_stop
1201  49.29613231  008.45644792 both 11 S_stop
1201  49.29626094  008.45643983 both 12 S_stop
1201  49.29985997  008.45498150 both 13 H_stop
1201  49.30067027  008.45465459 both 14 H_stop
1201  49.30255488  008.45389101 both 15 H_stop
1201  49.30206773  008.45408799 both 16 H_stop
1201  49.30136487  008.45437359 both 17 H_stop
1201  49.30291113  008.45374650 both 18 H_stop
1201  49.30265322  008.45385061 both 19 unnamed entity(split)
1201  49.30327242  008.45360169 both 20 H_stop
1201  49.30301468  008.45370582 both 21 unnamed entity(split)
1201  49.30362824  008.45345687 both 22 H_stop
1201  49.30337789  008.45355904 both 23 unnamed entity(split)
1201  49.30478898  008.45298568 both 24 H_stop
1201  49.30373344  008.45341396 both 25 unnamed entity(split)
1201  49.30691086  008.45212626 both 26 H_stop
1201  49.30852061  008.45125277 both 27 H_stop
1201  49.30909424  008.45101981 both 28 F_stop
1201  49.30916824  008.45061968 both 29 F_stop
1201  49.30920179  008.45040766 both 30 F_stop
1201  49.30459117  008.45056470 both 31 G_stop
1201  49.30500654  008.45039658 both 32 G_stop
1201  49.30666168  008.44972368 both 33 G_stop
1201  49.30721387  008.44949974 both 34 G_stop
1201  49.30682717  008.44965938 both 35 G_stop
1201  49.30778599  008.44926625 both 36 G_stop
1201  49.30795784  008.44919822 both 37 G_stop
1201  49.30843011  008.44900489 both 38 G_stop
1201  49.30862415  008.44892594 both 39 G_stop
1201  49.30873977  008.44887856 both 40 G_stop
1201  49.30883481  008.44886034 both 41 G_stop
1201  49.30892114  008.44887978 both 42 G_stop
1201  49.30900904  008.44899396 both 43 G_stop
1201  49.30903880  008.44909512 both 44 G_stop
1201  49.30908562  008.44936480 both 45 G_stop
1201  49.29502151  008.45578114 both 46 _stop
1201  49.29488055  008.45576435 both 47 _stop
1201  49.29486823  008.45553352 both 48 _stop
1201  49.29502425  008.45543699 both 49 _stop
1201  49.29510133  008.45567428 both 50 16/34_stop
1201  49.30919183  008.44996529 both 51 16/34_start
1201  49.30835737  008.45030243 both 52 unnamed entity(split)
1201  49.30458593  008.45182924 both 53 unnamed entity(split)
1201  49.30048293  008.45349200 both 54 unnamed entity(split)
1201  49.29936343  008.45394839 both 55 unnamed entity(split)
1201  49.29585769  008.45537392 both 56 unnamed entity(split)
1201  49.29533284  008.45557981 both 57 unnamed entity(split)
1201  49.30978016  008.45092827 both 58 H_stop
1201  49.30970521  008.45079492 both 59 H_stop
1201  49.30957394  008.45082569 both 60 H_stop
1201  49.30938408  008.45090233 both 61 H_stop
1201  49.30925017  008.45087857 both 62 H_stop
1201  49.30486212  008.45323847 both 63 _stop
1201  49.30519463  008.45457156 both 64 _stop
1201  49.30913451  008.44877896 both 65 _stop
1201  49.30926293  008.44866915 both 66 _start
1201  49.30804567  008.44969194 both 67 _stop
1201  49.30819432  008.44962105 both 68 _stop
1201  49.30832298  008.44958082 both 69 _stop
1201  49.30846163  008.44953292 both 70 _stop
1201  49.30859778  008.44948886 both 71 _stop
1201  49.30875267  008.44943330 both 72 _stop
1201  49.30907465  008.44930759 both 73 _start
1202 0 27 twoway taxiway_C E
1202 0 52 twoway taxiway_C E
1204 departure 16,34
1204 arrival 16,34
1202 1 26 twoway taxiway_B 
1202 2 1 twoway taxiway_B 
1204 departure 16,34
1204 arrival 16,34
1202 3 2 twoway taxiway_B 
1204 departure 16,34
1204 arrival 16,34
1202 5 3 twoway taxiway_B 
1204 departure 16,34
1204 arrival 16,34
1202 7 13 twoway taxiway_C A
1202 7 55 twoway taxiway_C A
1204 departure 16,34
1204 arrival 16,34
1202 6 54 twoway taxiway_C B
1204 departure 16,34
1204 arrival 16,34
1202 4 24 twoway taxiway_C C
1202 4 5 twoway taxiway_C C
1204 departure 16,34
1204 arrival 16,34
1202 5 53 twoway taxiway_C C
1204 departure 16,34
1204 arrival 16,34
1202 14 6 twoway taxiway_C B
1202 8 56 twoway taxiway_C S
1204 departure 16,34
1204 arrival 16,34
1202 9 8 twoway taxiway_C S
1202 10 9 twoway taxiway_C S
1202 11 10 twoway taxiway_C S
1202 12 11 twoway taxiway_C S
1202 13 12 twoway taxiway_C S
1202 14 13 twoway taxiway_C H
1202 15 16 twoway taxiway_C H
1202 16 17 twoway taxiway_C H
1202 17 14 twoway taxiway_C H
1202 18 19 twoway taxiway_C H
1202 19 15 twoway taxiway_C H
1202 20 21 twoway taxiway_C H
1202 21 18 twoway taxiway_C H
1202 22 23 twoway taxiway_C H
1202 23 20 twoway taxiway_C H
1202 24 25 twoway taxiway_C H
1202 25 22 twoway taxiway_C H
1202 26 24 twoway taxiway_C H
1202 27 26 twoway taxiway_C H
1202 28 27 twoway taxiway_C H
1202 29 28 twoway taxiway_C F
1202 30 29 twoway taxiway_C F
1204 departure 16,34
1204 arrival 16,34
1202 51 30 twoway taxiway_C F
1204 departure 16,34
1204 arrival 16,34
1202 32 31 twoway taxiway_B G
1202 33 32 twoway taxiway_B G
1202 34 35 twoway taxiway_B G
1202 35 33 twoway taxiway_B G
1202 36 34 twoway taxiway_B G
1202 37 36 twoway taxiway_B G
1202 38 37 twoway taxiway_B G
1202 39 38 twoway taxiway_B G
1202 40 39 twoway taxiway_B G
1202 41 40 twoway taxiway_B G
1202 42 41 twoway taxiway_B G
1202 43 42 twoway taxiway_B G
1202 44 43 twoway taxiway_B G
1202 45 73 twoway taxiway_B G
1202 73 44 twoway taxiway_B G
1202 51 45 twoway taxiway_B G
1204 departure 16,34
1204 arrival 16,34
1202 46 50 oneway taxiway_C 
1204 departure 16,34
1204 arrival 16,34
1202 47 46 oneway taxiway_C 
1204 departure 16,34
1204 arrival 16,34
1202 48 47 oneway taxiway_C 
1204 departure 16,34
1204 arrival 16,34
1202 49 48 oneway taxiway_C 
1204 departure 16,34
1204 arrival 16,34
1202 57 49 oneway taxiway_C 
1204 departure 16,34
1204 arrival 16,34
1202 51 52 twoway runway 16/34
1204 departure 16,34
1204 arrival 16,34
1204 ils 16,34
1202 52 53 twoway runway 16/34
1204 departure 16,34
1204 arrival 16,34
1204 ils 16,34
1202 53 54 twoway runway 16/34
1204 departure 16,34
1204 arrival 16,34
1204 ils 16,34
1202 54 55 twoway runway 16/34
1204 departure 16,34
1204 arrival 16,34
1204 ils 16,34
1202 55 56 twoway runway 16/34
1204 departure 16,34
1204 arrival 16,34
1204 ils 16,34
1202 56 57 twoway runway 16/34
1204 departure 16,34
1204 arrival 16,34
1204 ils 16,34
1202 57 50 twoway runway 16/34
1204 departure 16,34
1204 arrival 16,34
1204 ils 16,34
1202 63 24 twoway taxiway_B 
1202 64 63 twoway taxiway_B 
1202 65 43 twoway taxiway_A 
1202 66 65 twoway taxiway_A 
1202 59 58 twoway taxiway_C H
1202 60 59 twoway taxiway_C H
1202 61 60 twoway taxiway_C H
1202 62 61 twoway taxiway_C H
1202 29 62 twoway taxiway_C H
1202 68 67 oneway taxiway_A 
1202 69 68 oneway taxiway_A 
1202 70 69 oneway taxiway_A 
1202 71 70 oneway taxiway_A 
1202 72 71 oneway taxiway_A 
1202 73 72 oneway taxiway_A 
99
