I
1130 Generated by WorldEditor 2.2.0r2

1   1130 1 0 EDRZ Zweibruecken
1302 city Zweibrücken
1302 country Germany
1302 datum_lat 49.209525
1302 datum_lon 7.400647222
1302 faa_code 
1302 iata_code ZQW
1302 icao_code EDRZ
1302 region_code ED
1302 state Rhineland-Palatinate
1302 transition_alt 5000
1302 transition_level 
100 45.00 1 0 0.00 1 3 0 03  49.19804100  007.39054600  270  260 3 6 0 0 21  49.21885700  007.40888300    0  274 3 6 1 0
110 1 0.00 0.0000 New Taxiway 16
111  49.22028189  007.41046343
111  49.22045611  007.41104307
111  49.22078782  007.41132519
113  49.22090508  007.41100203
110 1 0.00 0.0000 New Taxiway 14
111  49.19793558  007.39075947
111  49.19781887  007.39107466
111  49.19806831  007.39128828
113  49.19849854  007.39128478
110 1 0.00 0.0000 New Taxiway 13
111  49.19704537  007.38932015
111  49.19710716  007.38916957
111  49.19694010  007.38895244
111  49.19676389  007.38838163
111  49.19629933  007.38799291
111  49.19587139  007.38913805
111  49.19671583  007.38988046
113  49.19675931  007.38974039
110 2 0.00 0.0000 New Taxiway 5
111  49.22079410  007.40416170
111  49.22083471  007.40426984
111  49.22083299  007.40439619
111  49.22078484  007.40449359
111  49.21997503  007.40518589
112  49.21990797  007.40513588  49.21989078  007.40508060
111  49.21994236  007.40501479
111  49.21985468  007.40477262
111  49.21970509  007.40490950
111  49.21971885  007.40496215
111  49.21968274  007.40507797
111  49.21974979  007.40528066
111  49.21969993  007.40541754
111  49.21944375  007.40563075
111  49.21945922  007.40585450
111  49.21992861  007.40545176
111  49.22010742  007.40568866
111  49.22019683  007.40560443
111  49.22023465  007.40544123
111  49.22019683  007.40521748
111  49.22054929  007.40493056
111  49.22071607  007.40514115
111  49.22082439  007.40505165
111  49.22081579  007.40498847
111  49.22086909  007.40494635
111  49.22081579  007.40469892
111  49.22089144  007.40464100
111  49.22089317  007.40482000
111  49.22093959  007.40496478
111  49.22098257  007.40493846
111  49.22095506  007.40483053
111  49.22096194  007.40474893
112  49.22101696  007.40482527  49.22105478  007.40484370
111  49.22109605  007.40483580
111  49.22126283  007.40504376
111  49.22140037  007.40480421
111  49.22133332  007.40461205
111  49.22117686  007.40458836
111  49.22109433  007.40449622
111  49.22105822  007.40448570
113  49.22090001  007.40406035
110 2 0.00 0.0000 New Taxiway 4
111  49.21781036  007.40364340
111  49.21788601  007.40370657
111  49.21781825  007.40388527
111  49.21908445  007.40498749
111  49.21941674  007.40410495
111  49.21962819  007.40385445
112  49.21952628  007.40380922  49.21948501  007.40376973
111  49.21945750  007.40368550
111  49.21926837  007.40285633
112  49.21929417  007.40277473  49.21930964  007.40274051
111  49.21939733  007.40269576
111  49.21934746  007.40246412
111  49.21925978  007.40251150
111  49.21921851  007.40249834
111  49.21916178  007.40223248
111  49.21926494  007.40217720
111  49.21924602  007.40210350
111  49.21910504  007.40218510
111  49.21901563  007.40182447
111  49.21889528  007.40189028
111  49.21892622  007.40201663
111  49.21887808  007.40204295
111  49.21886089  007.40196662
111  49.21877664  007.40201137
111  49.21876288  007.40196135
111  49.21850670  007.40210876
111  49.21853421  007.40222721
111  49.21841558  007.40229039
111  49.21846028  007.40246938
111  49.21816283  007.40309850
111  49.21809406  007.40315904
111  49.21806311  007.40323275
113  49.21799089  007.40316431
110 2 0.00 0.0000 New Taxiway 3
111  49.21737193  007.40296166
111  49.21759716  007.40236152
111  49.21721203  007.40202197
111  49.21698335  007.40262211
111  49.21706474  007.40269439
113  49.21725406  007.40286319
110 2 0.00 0.0000 New Taxiway 2
111  49.21611972  007.40170035
111  49.21633126  007.40112076
111  49.21599028  007.40082298
111  49.21496277  007.39993316
111  49.21469501  007.40064432
111  49.21475418  007.40076716
113  49.21603873  007.40190265
110 1 0.00 0.0000 Main asphalt taxiway
111  49.21816396  007.40794400
111  49.21893306  007.40863082 102
111  49.21913521  007.40806802 102
112  49.21919336  007.40786453  49.21920998  007.40777551 102
111  49.21920998  007.40762714 102
111  49.21916567  007.40544395 102
112  49.21916290  007.40518959  49.21917952  007.40514296 102
111  49.21922936  007.40502002 102
111  49.21957025  007.40420340
111  49.21963890  007.40412696
111  49.22042530  007.40344535
112  49.22050228  007.40342305  49.22052100  007.40343260
111  49.22054388  007.40347720
111  49.22060838  007.40365556
111  49.22045367  007.40377369
112  49.22029669  007.40378237  49.22019267  007.40387793
112  49.22023617  007.40415880  49.22027778  007.40427752
112  49.22044043  007.40426015  49.22051608  007.40419644
111  49.22053121  007.40404877
111  49.22064091  007.40393295
111  49.22071278  007.40393874
111  49.22079410  007.40416170
111  49.22090001  007.40406035
111  49.22083004  007.40383739
111  49.22086597  007.40380843
111  49.22094352  007.40400533
111  49.22130853  007.40364918
111  49.22112697  007.40311060
111  49.22074115  007.40346096
111  49.22075249  007.40351598
111  49.22072412  007.40354493
111  49.22065793  007.40336830
112  49.22065036  007.40329302  49.22065415  007.40326985
111  49.22067306  007.40323511
111  49.22113643  007.40283840
111  49.22128762  007.40304515
111  49.22142884  007.40293917
111  49.22138731  007.40262121
111  49.22180981  007.40224995
112  49.22186628  007.40223983  49.22189035  007.40225299
111  49.22190410  007.40227405
111  49.22197459  007.40246621
111  49.22197288  007.40253992
111  49.22192817  007.40258994
111  49.22190410  007.40254782
111  49.22180610  007.40261889
112  49.22165823  007.40268207  49.22160322  007.40274262
112  49.22162213  007.40299797  49.22165823  007.40309010
112  49.22182673  007.40307431  49.22190754  007.40300060
111  49.22192130  007.40284265
111  49.22204853  007.40272683
111  49.22206400  007.40273736
111  49.22202618  007.40295058
111  49.22212934  007.40307957
111  49.22222390  007.40307694
111  49.22233050  007.40295321
111  49.22252135  007.40316381
112  49.22254198  007.40324278  49.22254198  007.40328227
111  49.22253510  007.40331649
111  49.22248009  007.40342442
112  49.22234598  007.40344022  49.22230299  007.40349813
111  49.22228580  007.40356657
111  49.22109572  007.40449350
111  49.22117543  007.40458922
111  49.22226488  007.40372770
111  49.22227738  007.40383539
111  49.22238055  007.40396223
112  49.22256655  007.40381625  49.22264001  007.40366070
111  49.22258374  007.40354583
111  49.22264939  007.40340702
112  49.22268065  007.40338070  49.22270097  007.40337352
111  49.22275099  007.40340941
111  49.22265095  007.40364394
111  49.22308548  007.40409146
111  49.22314644  007.40395745
111  49.22315738  007.40396702
111  49.22295731  007.40441693
111  49.22286822  007.40446001
111  49.22280726  007.40441693
111  49.22273536  007.40457010
111  49.22287134  007.40472804
112  49.22300889  007.40474001  49.22306047  007.40468736
111  49.22306829  007.40463950
111  49.22305422  007.40454616
111  49.22323397  007.40462035
111  49.22331056  007.40445043
111  49.22321834  007.40418718
111  49.22327148  007.40407710
112  49.22331681  007.40405317  49.22333713  007.40405556
111  49.22335432  007.40407231
111  49.22370132  007.40445043
112  49.22381386  007.40462274  49.22390139  007.40459642
112  49.22395923  007.40435710  49.22395454  007.40424462
111  49.22393109  007.40423265
111  49.22385919  007.40416564
111  49.22371852  007.40420154
111  49.22363098  007.40412496
111  49.22361535  007.40404120
111  49.22363567  007.40400290
111  49.22371383  007.40407470
111  49.22386388  007.40373965
111  49.22378885  007.40366068
111  49.22385919  007.40352427
111  49.22394359  007.40350752
111  49.22376541  007.40329931
111  49.22374352  007.40342376
111  49.22369351  007.40352427
111  49.22363411  007.40346444
111  49.22358566  007.40359846
111  49.22363098  007.40364872
111  49.22349969  007.40391436
111  49.22344029  007.40391914
111  49.22302296  007.40346683
112  49.22298076  007.40337829  49.22297450  007.40333043
111  49.22298701  007.40330649
111  49.22313393  007.40296906
111  49.22327148  007.40289008
111  49.22311049  007.40269145
111  49.22308235  007.40274410
111  49.22289166  007.40267231
111  49.22281351  007.40289008
111  49.22291354  007.40307914
111  49.22286040  007.40319641
111  49.22279788  007.40320359
111  49.22236804  007.40273454
111  49.22236023  007.40264838
111  49.22246964  007.40241386
111  49.22235241  007.40230138
111  49.22225394  007.40252155
111  49.22220861  007.40254309
111  49.22217110  007.40252155
111  49.22201948  007.40216497
112  49.22201792  007.40210036  49.22202417  007.40206925
111  49.22203980  007.40204293
111  49.22306822  007.40117838
111  49.22274148  007.40022450
111  49.22209075  007.40075019
111  49.22217936  007.40101728
111  49.22199938  007.40115295
111  49.22216275  007.40161929
111  49.22209906  007.40176767
111  49.22196683  007.40189155
112  49.22193278  007.40188865  49.22191576  007.40187707
111  49.22189685  007.40185390
111  49.22152048  007.40084043
111  49.22140133  007.40093309
111  49.22177581  007.40192629
112  49.22178148  007.40201895  49.22177013  007.40205660
111  49.22174554  007.40208845
111  49.21969868  007.40383132
111  49.21962819  007.40385445
111  49.21941674  007.40410495
111  49.21908445  007.40498749
111  49.21781825  007.40388527 102
111  49.21752035  007.40363713
111  49.21738721  007.40350018 102
112  49.21722493  007.40320716  49.21719997  007.40308614
111  49.21720413  007.40300014
111  49.21725406  007.40286319
111  49.21706474  007.40269439
111  49.21693159  007.40305429 102
112  49.21688374  007.40306384  49.21686918  007.40305747 102
111  49.21684630  007.40303836 102
111  49.21658295  007.40280106
111  49.21678331  007.40228333
111  49.21611972  007.40170035
111  49.21603873  007.40190265
111  49.21475418  007.40076716
111  49.21466608  007.40100861
112  49.21462204  007.40104559  49.21459362  007.40105212
111  49.21457372  007.40103689 102
111  49.21427393  007.40077439 102
111  49.21410527  007.40060484 102
112  49.21401968  007.40037748  49.21401464  007.40027729
111  49.21404737  007.40017710
112  49.21423365  007.39978404  49.21429910  007.39967229
111  49.21436203  007.39955283
111  49.21424372  007.39946806
111  49.21416820  007.39958366
112  49.21399450  007.39993433  49.21393912  007.40006920
112  49.21378808  007.40024261  49.21371005  007.40026188
111  49.21364538  007.40021407 102
111  49.21351721  007.40009683 102
111  49.21233215  007.39905000 102
111  49.21053883  007.39747365 102
111  49.20989598  007.39690363
112  49.20983564  007.39680491  49.20983772  007.39676033
111  49.20986061  007.39670301
111  49.20974202  007.39659474
112  49.20969001  007.39667435  49.20965257  007.39668709
111  49.20962760  007.39666798 102
111  49.20878711  007.39592283 102
112  49.20871014  007.39578591  49.20869349  007.39568401
111  49.20871430  007.39557892
111  49.20895563  007.39493567
112  49.20899932  007.39492294  49.20901388  007.39492294
111  49.20903052  007.39493886
111  49.20952150  007.39537194
111  49.20950486  007.39549294
111  49.20968377  007.39566172
111  49.20979819  007.39530825
111  49.20969625  007.39522227
111  49.20953814  007.39529551
111  49.20905340  007.39487199
112  49.20902636  007.39482104  49.20901596  007.39478282
111  49.20902636  007.39474143
111  49.20911374  007.39453126
111  49.20926561  007.39452807
111  49.20936339  007.39426695
111  49.20926145  007.39415550
111  49.20942372  007.39370650
111  49.20933010  007.39363007
111  49.20890477  007.39477269
111  49.20882987  007.39497012
111  49.20863639  007.39548280
112  49.20853653  007.39559425  49.20848452  007.39561336
112  49.20843667  007.39558788  49.20842419  007.39555923
112  49.20839090  007.39542866  49.20838882  007.39536498
111  49.20839298  007.39529174
111  49.20826816  007.39520257
112  49.20816414  007.39533632  49.20808924  007.39537772
111  49.20802891  007.39536498
111  49.20791449  007.39531402
111  49.20780631  007.39526626
111  49.20481508  007.39394198
112  49.20471633  007.39389260  49.20466639  007.39386076
111  49.20460606  007.39381619
111  49.20256150  007.39201250
112  49.20246164  007.39193927  49.20242419  007.39191698
111  49.20234513  007.39188196
111  49.20105319  007.39131204
112  49.20077234  007.39132159  49.20063503  007.39138527
111  49.20053933  007.39151899
112  49.20040618  007.39154446  49.20035209  007.39153173
111  49.20031256  007.39147442
111  49.20026472  007.39150944
111  49.20035417  007.39177370
111  49.20039578  007.39181827
111  49.20028136  007.39211437
111  49.20005875  007.39270657
111  49.19993809  007.39302813 102
111  49.20087428  007.39384958 102
111  49.20124775  007.39369475
111  49.20158172  007.39333930 102
111  49.20146304  007.39270020 102
111  49.20052477  007.39186603
112  49.20075569  007.39155083  49.20094709  007.39144258
111  49.20108024  007.39153491
111  49.20234929  007.39209208
112  49.20243043  007.39213984  49.20246788  007.39216213
111  49.20253237  007.39222262
111  49.20307536  007.39270340
111  49.20322515  007.39283394
111  49.20452749  007.39398657
112  49.20461695  007.39405343  49.20464816  007.39407254
111  49.20473553  007.39411712
111  49.20786032  007.39550226
112  49.20798723  007.39571242  49.20801219  007.39585890
111  49.20797891  007.39596398 102
111  49.20724660  007.39789367
112  49.20712177  007.39803059  49.20703134  007.39807718
111  49.20689308  007.39802139
111  49.20759008  007.39864328
112  49.20742344  007.39817389  49.20739267  007.39792284 102
111  49.20742968  007.39780132 102
111  49.20813286  007.39594487 102
112  49.20826601  007.39581750  49.20834298  007.39579521 102
111  49.20842828  007.39584616 102
111  49.20980343  007.39705624
111  49.20997611  007.39720272 102
111  49.21196499  007.39894784 102
111  49.21309882  007.39995418 102
111  49.21366053  007.40057838 102
112  49.21366949  007.40065108  49.21366261  007.40070108 102
111  49.21363854  007.40076688 102
111  49.21309495  007.40220238 102
111  49.21282811  007.40276884 102
112  49.21273246  007.40289215  49.21268714  007.40291526 102
111  49.21265694  007.40290756
111  49.21243289  007.40289215
111  49.21306977  007.40345860
112  49.21302446  007.40331602  49.21301691  007.40325822 102
111  49.21305215  007.40313491 102
111  49.21322585  007.40246827 102
111  49.21349772  007.40175925 102
111  49.21384510  007.40107719 102
112  49.21391307  007.40101168  49.21396090  007.40099241 102
111  49.21400873  007.40101553 102
111  49.21453485  007.40135465 102
111  49.21610061  007.40272654 102
111  49.21659149  007.40328918 102
112  49.21666700  007.40344333  49.21667456  007.40351655 102
111  49.21665442  007.40358977 102
111  49.21642534  007.40442987 102
111  49.21617613  007.40507343 102
111  49.21592440  007.40557055 102
112  49.21582371  007.40566303  49.21577588  007.40567845 102
111  49.21554491  007.40562933
111  49.21616417  007.40618811
112  49.21614844  007.40607538  49.21614592  007.40600986 102
111  49.21616354  007.40597133 102
111  49.21637248  007.40520445 102
111  49.21658645  007.40461099 102
111  49.21697160  007.40384796 102
112  49.21703957  007.40377089  49.21707984  007.40375933 102
111  49.21711509  007.40377474 102
111  49.21769910  007.40415241 102
111  49.21821767  007.40460716 102
111  49.21881175  007.40523148 102
112  49.21889986  007.40535481  49.21893510  007.40542803 102
111  49.21896531  007.40555136 102
111  49.21901062  007.40661889 102
111  49.21898545  007.40750528 102
112  49.21897034  007.40771339  49.21895524  007.40777505 102
111  49.21886713  007.40806795 102
113  49.21872868  007.40793692 102
110 1 0.25 0.0000 asphalt_1D.pol
111  49.20081861  007.39130627
112  49.20074519  007.39099577  49.20069223  007.39085974
111  49.20045015  007.39039663
111  49.20042367  007.39034164
111  49.20037639  007.39027796
111  49.20030641  007.39020270
111  49.20029317  007.39024033
111  49.20035369  007.39031559
111  49.20040097  007.39037058
112  49.20071493  007.39100735  49.20075465  007.39112892
113  49.20077234  007.39132159
110 1 0.25 0.0000 asphalt_1D.pol
111  49.20195872  007.39522071
111  49.20175769  007.39572883
111  49.20181861  007.39577078
113  49.20201659  007.39526267
110 1 0.25 0.0000 asphalt_1D.pol
111  49.20307536  007.39270340
111  49.20308008  007.39279220
111  49.20283715  007.39338332
111  49.20203413  007.39285166
111  49.20200895  007.39277076
111  49.20196364  007.39275535
111  49.20192085  007.39286707
111  49.20197371  007.39291330
111  49.20201399  007.39289019
111  49.20281374  007.39343217
111  49.20279342  007.39348480
111  49.20273090  007.39346088
111  49.20270902  007.39352068
111  49.20274809  007.39358527
111  49.20283406  007.39366182
111  49.20287158  007.39357092
111  49.20281843  007.39350872
111  49.20311854  007.39283173
111  49.20319044  007.39288675
113  49.20322515  007.39283394
110 1 0.25 0.0000 asphalt_1D.pol
111  49.20890477  007.39477269
112  49.20882440  007.39476924  49.20879504  007.39474947
111  49.20868231  007.39463982
111  49.20762895  007.39369950
111  49.20761023  007.39362945
111  49.20766640  007.39346705
111  49.20757694  007.39338744
111  49.20747084  007.39371224
111  49.20754573  007.39377592
112  49.20759150  007.39374408  49.20761855  007.39375045
111  49.20763935  007.39376319
111  49.20873862  007.39475074
112  49.20881354  007.39486146  49.20883033  007.39490496
113  49.20882987  007.39497012
110 1 0.25 0.0000 asphalt_1D.pol
111  49.20791449  007.39531402
111  49.20789607  007.39526091
111  49.20796312  007.39486353
111  49.20799923  007.39485563
111  49.20809895  007.39457141
111  49.20789607  007.39440561
111  49.20778431  007.39473458
111  49.20791498  007.39485563
111  49.20784277  007.39523460
113  49.20780631  007.39526626
110 1 0.25 0.0000 asphalt_1D.pol
111  49.20921813  007.39630996
112  49.20923468  007.39612873  49.20927421  007.39603320
111  49.20931790  007.39606504
111  49.20942816  007.39583895
111  49.20918059  007.39562241
111  49.20906201  007.39572113
111  49.20891930  007.39604667
111  49.20897340  007.39609444
111  49.20906409  007.39587080
111  49.20916395  007.39593767
112  49.20918683  007.39609370  49.20914106  007.39617650
113  49.20908640  007.39619343
110 1 0.25 0.0000 asphalt_1D.pol
111  49.21630304  007.40119149
111  49.21690325  007.40178014
112  49.21691576  007.40205053  49.21697828  007.40217975
111  49.21701892  007.40214385
111  49.21704236  007.40225393
111  49.21713302  007.40205292
111  49.21711583  007.40194524
111  49.21721203  007.40202197
111  49.21759716  007.40236152
111  49.21750815  007.40260514
111  49.21766289  007.40273251
111  49.21764570  007.40291676
111  49.21780200  007.40295026
111  49.21782545  007.40284498
112  49.21790048  007.40302923  49.21794737  007.40311298
111  49.21799089  007.40316431
111  49.21806311  007.40323275
111  49.21809406  007.40315904
112  49.21798644  007.40306752  49.21795049  007.40300051
111  49.21793955  007.40295505
111  49.21810993  007.40291916
111  49.21813806  007.40263201
111  49.21831625  007.40264637
111  49.21833188  007.40239511
111  49.21829436  007.40238315
111  49.21829593  007.40228025
112  49.21845848  007.40216300  49.21850538  007.40207207
111  49.21851319  007.40196438
111  49.21883362  007.40186149
111  49.21889528  007.40189028
111  49.21901563  007.40182447
111  49.21900399  007.40174902
111  49.21906338  007.40162219
111  49.21897116  007.40156715
111  49.21892115  007.40165569
111  49.21884612  007.40165330
111  49.21860854  007.40174902
111  49.21855070  007.40168920
112  49.21805991  007.40171791  49.21792705  007.40167244
111  49.21765039  007.40152887
111  49.21753472  007.40159587
111  49.21752691  007.40161740
112  49.21735052  007.40149537  49.21727550  007.40142358
111  49.21706136  007.40114601
111  49.21713013  007.40106226
111  49.21691304  007.40071932
112  49.21691227  007.40039055  49.21685756  007.40034987
111  49.21677502  007.40033257
111  49.21650179  007.40039704
111  49.21647209  007.40035396
111  49.21646603  007.40026310
112  49.21634016  007.40023157  49.21629897  007.40020704
111  49.21619141  007.40010895
111  49.21593282  007.39986371
111  49.21596257  007.39972007
111  49.21565026  007.39943410
111  49.21570525  007.39931639
111  49.21590085  007.39865230
111  49.21578636  007.39862687
112  49.21544080  007.39872864  49.21534926  007.39877418
111  49.21522568  007.39887578
111  49.21527832  007.39894935
111  49.21518678  007.39912802
111  49.21510897  007.39909649
111  49.21507693  007.39913853
111  49.21496480  007.39911400
112  49.21494169  007.39899924  49.21494482  007.39892507
111  49.21499796  007.39880543
111  49.21471036  007.39895856
112  49.21480441  007.39899809  49.21481848  007.39902681
111  49.21480883  007.39904710
111  49.21448372  007.39912606
111  49.21424372  007.39944174
111  49.21418986  007.39946822
111  49.21398354  007.39926244
111  49.21404762  007.39910931
111  49.21376628  007.39909974
111  49.21376940  007.39919784
111  49.21373189  007.39933183
111  49.21396791  007.39953522
111  49.21400855  007.39942754
111  49.21412109  007.39951129
111  49.21416820  007.39958366
111  49.21424372  007.39946806
111  49.21436203  007.39955283
111  49.21453373  007.39968357
111  49.21463689  007.39944430
111  49.21472599  007.39952804
111  49.21460876  007.39980560
111  49.21468222  007.39987260
111  49.21475412  007.39964768
111  49.21498858  007.39985107
111  49.21496277  007.39993316
111  49.21599028  007.40082298
113  49.21633126  007.40112076
111  49.21638595  007.40113840
111  49.21652506  007.40126522
111  49.21671262  007.40080579
111  49.21687831  007.40104269
111  49.21718310  007.40145905
112  49.21734097  007.40161698  49.21738161  007.40165287
111  49.21745507  007.40170791
111  49.21747070  007.40176773
111  49.21737848  007.40200702
111  49.21711902  007.40178687
111  49.21712840  007.40169116
112  49.21701429  007.40165766  49.21694552  007.40166723
111  49.21692520  007.40173423
113  49.21636250  007.40119344
111  49.21760044  007.40183474
111  49.21765045  007.40182995
111  49.21776299  007.40188499
111  49.21775674  007.40199267
112  49.21769891  007.40206924  49.21766765  007.40213385
111  49.21768484  007.40222718
111  49.21763170  007.40222957
111  49.21753479  007.40214821
113  49.21750822  007.40210035
130 Airport Boundary 14
111  49.22452666  007.40452928
111  49.22306801  007.40071757
111  49.22143679  007.39981698
111  49.21858100  007.39910789
111  49.21606390  007.39752258
111  49.21470465  007.39827797
111  49.21303595  007.39838235
111  49.21147093  007.39667716
111  49.21140232  007.39362932
111  49.21045149  007.39161846
111  49.20851023  007.39165281
111  49.20625260  007.39290817
111  49.20498638  007.39297434
111  49.20190444  007.39029706
111  49.19706887  007.38638342
111  49.19615753  007.38711056
111  49.19483387  007.38630551
111  49.19402561  007.38824939
111  49.19572070  007.39010315
111  49.19660506  007.39206442
111  49.22108055  007.41335820
111  49.22251212  007.40971891
113  49.22017345  007.40722030
120 Linear Feature 23
111  49.21717496  007.40350092 1
112  49.21708323  007.40327028  49.21705712  007.40311374 1
111  49.21707235  007.40303047 1
112  49.21694398  007.40319368  49.21688306  007.40321699 1
115  49.21670169  007.40308560
120 Linear Feature 22
111  49.21683955  007.40364666 1
111  49.21707235  007.40303047 1
115  49.21717243  007.40276401
120 Linear Feature 29
111  49.19678810  007.38906929 3
111  49.19660645  007.38850931 3
111  49.19629581  007.38823537 3
115  49.19618787  007.38852946
120 Linear Feature 28
111  49.19698028  007.38958494 1
111  49.19683286  007.38946006 1
112  49.19676441  007.38936740  49.19674335  007.38931906 1
111  49.19672229  007.38921834 1
111  49.19651694  007.38854557 1
112  49.19631950  007.38853349  49.19619050  007.38860197 1
111  49.19627738  007.38896857 1
115  49.19649852  007.38916194
120 Linear Feature 27
111  49.21788601  007.40370657 52
115  49.21806311  007.40323275
120 Linear Feature 26
111  49.21873919  007.40360802 52
115  49.21935382  007.40414607
120 Linear Feature 25
111  49.21848243  007.40253565 52
115  49.21893535  007.40228418
120 Linear Feature 24
111  49.21784534  007.40381245 52
111  49.21907318  007.40489418 52
111  49.21936856  007.40411392 52
115  49.21888206  007.40204355
120 Linear Feature 21
111  49.21717496  007.40350092 1
112  49.21698967  007.40350344  49.21688959  007.40356006 1
115  49.21683882  007.40364684
120 Linear Feature 20
111  49.21670169  007.40308560 1
112  49.21683302  007.40333357  49.21685913  007.40347679 1
115  49.21683955  007.40364666
120 Linear Feature 19
111  49.21592793  007.40221777 3
115  49.21658934  007.40280065
120 Linear Feature 18
111  49.21474763  007.40062604 22
112  49.21479176  007.40074866  49.21478359  007.40080621 22
111  49.21476234  007.40086627 22
112  49.21473945  007.40107146  49.21475580  007.40113653 22
111  49.21479013  007.40116906 22
111  49.21588370  007.40211246 22
111  49.21624168  007.40114403 22
113  49.21496503  007.40008552 22
120 Linear Feature 17
111  49.21477541  007.40061854 20
112  49.21482118  007.40074115  49.21481465  007.40080121 20
111  49.21477868  007.40088879 20
112  49.21476070  007.40106146  49.21477705  007.40111651 20
111  49.21480320  007.40114153 20
111  49.21587552  007.40207493 20
111  49.21621389  007.40116155 20
113  49.21496994  007.40012807 20
120 Linear Feature 16
111  49.21471003  007.40064107 20
112  49.21476561  007.40074617  49.21476070  007.40080873 20
111  49.21474763  007.40083375 20
112  49.21471657  007.40107648  49.21473455  007.40115405 20
111  49.21477378  007.40119659 20
111  49.21589350  007.40216502 20
111  49.21627764  007.40112902 20
113  49.21495686  007.40003548 20
120 Linear Feature 15
111  49.21370886  007.40090602 1
112  49.21387027  007.40075592  49.21397906  007.40069597 1
115  49.21407568  007.40076939
120 Linear Feature 14
111  49.20796976  007.39600226 2
115  49.20807225  007.39609583
120 Linear Feature 13
111  49.20810368  007.39582787 1
112  49.20809577  007.39560384  49.20805621  007.39549486 1
111  49.20799094  007.39544642 1
111  49.20490540  007.39408414 1
112  49.20465421  007.39396306  49.20458103  007.39391159 1
111  49.20443466  007.39379051 1
111  49.20251807  007.39208623 1
112  49.20243500  007.39202872  49.20238555  007.39200148 1
111  49.20232621  007.39197121 1
111  49.20107024  007.39141727 1
112  49.20076762  007.39143543  49.20061928  007.39153532 1
112  49.20050060  007.39171089  49.20045511  007.39179564 1
111  49.20040171  007.39199542 1
112  49.20038786  007.39240104  49.20042742  007.39261595 1
111  49.20048676  007.39267952 1
115  49.20075180  007.39289746
120 Linear Feature 12
111  49.21274677  007.39956499 2
111  49.21127731  007.39826446 2
111  49.20995861  007.39711050 2
111  49.20849632  007.39581371 2
112  49.20824743  007.39564520  49.20818759  007.39567451 2
115  49.20810419  007.39583274
120 Linear Feature 11
111  49.21351044  007.40010053 2
115  49.21343212  007.40031368
120 Linear Feature 10
111  49.21353438  007.40103640 6
115  49.21375847  007.40123956
120 LALpha
111  49.21912815  007.40732258 1
111  49.21908084  007.40542201 1
112  49.21904441  007.40521544  49.21901024  007.40512184 1
111  49.21887843  007.40500046 1
111  49.21757051  007.40385622 1
111  49.21717496  007.40350092 1
111  49.21670169  007.40308560 1
111  49.21407568  007.40076939 1
111  49.21366693  007.40039593 1
115  49.21347427  007.40021791
120 LHA
111  49.21919861  007.40732040 54
115  49.21899275  007.40732671
120 Linear Feature 9
111  49.21664920  007.40286265 2
115  49.21651649  007.40319572
120 Linear Feature 8
111  49.21689288  007.40400176 2
115  49.21661874  007.40375195
120 Linear Feature 7
111  49.21725405  007.40385854 2
115  49.21738677  007.40350881
120 Linear Feature 4
111  49.22280059  007.40334401 1
111  49.22294586  007.40350224 1
115  49.22366996  007.40429237
120 Linear Feature 3
111  49.22260295  007.40312103 1
115  49.22271588  007.40324845
120 Linear Feature 2
111  49.22263142  007.40326016 1
112  49.22267279  007.40324162  49.22269211  007.40323707 1
111  49.22271588  007.40324845 1
111  49.22280059  007.40334401 1
112  49.22285260  007.40336221  49.22287192  007.40335766 1
111  49.22290610  007.40331215 1
111  49.22303092  007.40303913 1
112  49.22303835  007.40295949  49.22303390  007.40293674 1
115  49.22301161  007.40288896
120 Linear Feature 6
111  49.21916427  007.40575279 6
115  49.21897759  007.40575279
120 Linear Feature 5
111  49.21914921  007.40503357 1
112  49.21905915  007.40510341  49.21900388  007.40511281 1
115  49.21887843  007.40500046
120 Linear Feature 1
111  49.21908084  007.40542201 1
112  49.21909416  007.40518746  49.21910852  007.40511784 1
111  49.21914921  007.40503357 1
111  49.21942922  007.40431909 1
112  49.21952734  007.40413223  49.21957521  007.40406627 1
111  49.21965179  007.40399666 1
111  49.22030994  007.40341774 1
111  49.22045354  007.40327484 1
112  49.22052534  007.40327851  49.22056363  007.40330416 1
111  49.22059474  007.40339576 1
111  49.22098484  007.40451330 1
112  49.22103989  007.40459758  49.22106861  007.40459758 1
111  49.22113801  007.40453895 1
111  49.22228200  007.40362658 1
112  49.22244953  007.40358628  49.22251175  007.40354964 1
111  49.22254286  007.40346536 1
111  49.22263142  007.40326016 1
112  49.22263861  007.40318929  49.22263415  007.40315289 1
111  49.22260295  007.40312103 1
111  49.22215268  007.40264096 1
112  49.22208432  007.40252720  49.22206352  007.40247715 1
115  49.22199516  007.40231106
120 LA03
111  49.21912815  007.40732258 1
111  49.21913202  007.40763588 1
112  49.21911274  007.40780594  49.21909803  007.40788853 1
111  49.21906783  007.40797837 1
111  49.21890487  007.40841263 1
112  49.21872997  007.40861791  49.21862862  007.40865045 1
111  49.21853545  007.40858795 1
115  49.21825652  007.40834052
120 LBravo
111  49.21600010  007.40587457 1
115  49.21683882  007.40364684
120 LHB
111  49.21636631  007.40523982 54
115  49.21617613  007.40507343
120 LCharlie
111  49.21287103  007.40310843 1
115  49.21370886  007.40090602
120 LHC
111  49.21322646  007.40246584 54
115  49.21304809  007.40231823
120 Stop Foxtrott
111  49.21400577  007.40020524 3 106
115  49.21398410  007.40006924
120 Stop Foxtrott
111  49.21365061  007.40037585 3 106
115  49.21362894  007.40023985
120 Stop Foxtrott
111  49.21396036  007.40015557 3 106
115  49.21403186  007.40011923
120 Stop Foxtrott
111  49.21360520  007.40032619 3 106
115  49.21367669  007.40028984
120 LDelta
111  49.20737531  007.39775320 1
115  49.20810419  007.39583274
120 LHD
111  49.20756390  007.39744335 54
115  49.20745695  007.39734410
120 LHE
111  49.20080825  007.39152226 54
115  49.20076778  007.39132789
21  49.21600192  007.40728510 2 205.8100 3.00 ght PAPI-4L
21  49.20302787  007.39409679 2 27.6400 3.00 ght PAPI-4L
20  49.21937537  007.40729082 73.4200 0 3 {@L}A{@R}21
20  49.21882710  007.40731880 97.9100 0 3 {@L}A{@R}21
20  49.21517962  007.40040870 300.8100 0 4 {@L}A1
20  49.21559012  007.40076966 296.4800 0 4 {@L}A2
20  49.21601415  007.40110297 298.9757 0 4 {@L}A3
20  49.21333856  007.40256886 115.8400 0 3 {@L}C{@R}03-21
20  49.21295173  007.40222383 123.2000 0 3 {@L}C{@R}03-21
20  49.20764895  007.39755108 115.8400 0 2 {@L}D{@R}03-21
20  49.20737786  007.39731797 123.7600 0 2 {@L}D{@R}03-21
20  49.21865032  007.40518022 28.6900 0 3 {@L}G{@Y}A{@R}21{^r}
20  49.21573047  007.40255435 210.3100 0 4 {@L}G{@Y}APRON1{^r}
20  49.20843189  007.39601105 209.0600 0 3 {@R}{^l}03-21{@Y}D{@L}F{@Y}{^u}E
20  49.21649900  007.40536720 109.2300 0 3 {@R}{^l}03{@L}B{@R}{^r}21
20  49.21604552  007.40495765 121.7300 0 3 {@R}{^l}03{@L}B{@R}{^r}21
20  49.21513923  007.40210854 114.8500 0 3 {@R}{^l}21{@L}G{@R}03{^r}
20  49.21733186  007.40317162 118.6100 0 4 {@R}{^l}21{@L}G{@Y}{^u}B{@R}03{^r}
20  49.21729175  007.40413846 192.4700 0 4 {@R}{^l}21{@Y}B{@L}G{@Y}APRON2{^r}
20  49.20074154  007.39120985 159.6200 0 3 {@R}03{@L}E
20  49.20083597  007.39163405 159.6200 0 3 {@R}03{@L}E
20  49.21415888  007.40134566 24.4400 0 4 {@Y}{^l}APRON1{@L}G
20  49.21674017  007.40280515 28.5300 0 3 {@Y}{^l}APRON2{@L}G{@Y}B{@R}{^r}21
20  49.21770171  007.40365556 22.6200 0 4 {@Y}{^l}APRON3{@L}G
20  49.21413572  007.40052091 220.1400 0 3 {@Y}{^l}C{@L}G{@Y}{^u}F
20  49.20789598  007.39593970 304.0500 0 4 {@Y}{^l}E{@L}D{@Y}F{^r}
20  49.21336713  007.40106695 296.2900 0 4 {@Y}{^l}F{@L}C{@Y}G{^r}
20  49.21883470  007.40576437 256.0900 0 4 {@Y}{^l}G{@L}A{@Y}{^u}APRON3{@Y}I{^ru}
20  49.21643647  007.40378954 287.7000 0 4 {@Y}{^l}G{@L}B{@Y}{^u}APRON2{@Y}G{^r}
20  49.20800795  007.39523493 7.3700 0 4 {@Y}{^u}F{@L}E{@Y}D{@R}03-21{^r}
20  49.21356085  007.39997181 25.0200 0 4 {@Y}{^u}G{@L}F{@Y}C{@R}03-21{^r}
14  49.20882770  007.39559858 131.23 0 New Tower Viewpoint 1
1300  49.21506101  007.40073782 297.44 gate jets|turboprops Passenger Apron Pos 1
1301 C none 
1300  49.21547608  007.40109478 297.44 gate jets|turboprops Passenger Apron Pos 2
1301 C none 
1300  49.21738933  007.40271143 214.32 tie_down turboprops|props|helos Ramp2
1301 C none 
1300  49.21863489  007.40259566  72.16 tie_down jets|turboprops|props Ramp3 Start 1
1301 C none 
1300  49.21887820  007.40349981 114.78 tie_down jets|turboprops|props Ramp3 Start 2
1301 C none 
18  49.20905486  007.39560285 1 BCN
19  49.20189085  007.39272499 1 Wind 21
19  49.21771371  007.40668519 1 Wind03
1054 123825 Zweibruecken Info
1055 129675 LANGEN RADAR
1200 
1201  49.21363073  007.40112225 both 0 C_stop
1201  49.21384933  007.40057121 both 1 G_stop
1201  49.21480031  007.40141011 both 2 G_stop
1201  49.21524760  007.40179256 both 3 G_stop
1201  49.21696421  007.40331004 both 4 G_stop
1201  49.21809653  007.40431556 both 5 G_stop
1201  49.21851157  007.40467953 both 6 G_stop
1201  49.21906996  007.40517323 both 7 G_stop
1201  49.21912369  007.40708100 both 8 A_stop
1201  49.21913195  007.40778046 both 9 A_stop
1201  49.21890902  007.40842935 both 10 A_stop
1201  49.21334297  007.40187364 both 11 Backtrack_stop
1201  49.21277683  007.40335201 both 12 Backtrack_stop
1201  49.20114955  007.39311339 both 13 Backtrack_stop
1201  49.20097999  007.39254693 both 14 Backtrack_stop
1201  49.20058917  007.39222097 both 15 Backtrack_stop
1201  49.20044029  007.39235072 both 16 Backtrack_stop
1201  49.21870926  007.40875117 both 17 03/21_stop
1201  49.20052330  007.39271879 both 18 03/21_start
1202 0 11 twoway taxiway_E C
1202 1 0 twoway taxiway_E C
1202 2 1 twoway taxiway_E G
1202 3 2 twoway taxiway_E G
1202 4 3 twoway taxiway_E G
1202 5 4 twoway taxiway_E G
1202 6 5 twoway taxiway_E G
1202 7 6 twoway taxiway_E G
1202 8 7 twoway taxiway_E G
1202 9 8 twoway taxiway_E A
1204 departure 03,21
1204 arrival 03,21
1202 10 9 twoway taxiway_E A
1204 departure 03,21
1204 arrival 03,21
1202 17 10 twoway taxiway_E A
1204 departure 03,21
1204 arrival 03,21
1202 12 11 twoway taxiway_E Backtrack
1204 departure 03,21
1204 arrival 03,21
1202 13 12 twoway taxiway_E Backtrack
1204 departure 03,21
1204 arrival 03,21
1202 14 13 twoway taxiway_E Backtrack
1204 departure 03,21
1204 arrival 03,21
1202 15 14 twoway taxiway_E Backtrack
1204 departure 03,21
1204 arrival 03,21
1202 16 15 twoway taxiway_E Backtrack
1204 departure 03,21
1204 arrival 03,21
1202 18 16 twoway taxiway_E Backtrack
1204 departure 03,21
1204 arrival 03,21
1202 18 17 twoway runway 03/21
1204 departure 03,21
1204 arrival 03,21
1204 ils 03,21
99
