I
1130 Generated by WorldEditor 2.0.0r4

1    396 1 0 EDSB Karlsruhe Baden-Baden
1302 city Baden-Baden
1302 country Germany
1302 datum_lat 48.779352778
1302 datum_lon 8.0805
1302 faa_code 
1302 iata_code FKB
1302 icao_code EDSB
1302 region_code ED
1302 state Baden-Württemberg
1302 transition_alt 5000
1302 transition_level 
100 60.00 1 0 0.00 1 3 0 03  48.76784332  008.06972798  264   55 3 1 0 0 21  48.79084241  008.09125803  259   58 3 2 1 0
102 H1  48.77123512  008.07749883  31.26 26.70 26.50 1 0 0 0.00 1
110 2 0.25 0.0000 lib/airport/pavement/concrete_6L.pol
111  48.78604388  008.09215458
111  48.78572575  008.09292842
111  48.78669181  008.09381136
111  48.78674917  008.09386839
111  48.78680875  008.09392429
111  48.78712244  008.09314658
113  48.78653339  008.09261685
110 2 0.25 0.0000 lib/airport/pavement/concrete_6L.pol
111  48.77118094  008.07590808
111  48.77113787  008.07600975
111  48.77148009  008.07632565
113  48.77152077  008.07622035
110 2 0.25 0.0000 lib/airport/pavement/concrete_6L.pol
111  48.77130778  008.07559218
111  48.77126710  008.07569385
111  48.77160693  008.07601338
113  48.77165000  008.07591171
110 2 0.25 0.0000 lib/airport/pavement/concrete_6L.pol
111  48.78537507  008.08918777
111  48.78533156  008.08928683
111  48.78567313  008.08960711
113  48.78571229  008.08950805
110 2 0.25 0.0000 lib/airport/pavement/concrete_6L.pol
111  48.78549473  008.08887079
111  48.78545339  008.08897645
111  48.78579931  008.08929343
113  48.78584065  008.08918777
110 2 0.25 0.0000 lib/airport/pavement/concrete_6L.pol
111  48.77440072  008.08172317
111  48.77447265  008.08178047
111  48.77448703  008.08174500
111  48.77453917  008.08179411
111  48.77440432  008.08216515
111  48.77506959  008.08280084
111  48.77529794  008.08225791
112  48.77538424  008.08216515  48.77541660  008.08214878
111  48.77547291  008.08218480
111  48.77652195  008.08315995
111  48.77659071  008.08298910
111  48.77406632  008.08062964
111  48.77399607  008.08081554
111  48.77363836  008.08170134
111  48.77362398  008.08207783
111  48.77370489  008.08224971
113  48.77405015  008.08256747
110 1 0.25 0.0000 lib/airport/pavement/asphalt_1D.pol
111  48.78480232  008.09696204
111  48.78392744  008.09615570
111  48.78358388  008.09684078
111  48.78360386  008.09721667
111  48.78349200  008.09772593
111  48.78358788  008.09821095
111  48.78411520  008.09870809
111  48.78385154  008.09936285
111  48.78375966  008.09941136
111  48.78395940  008.09962355
111  48.78396340  008.09949017
111  48.78415915  008.09895666
111  48.78422706  008.09858683
113  48.78417113  008.09853833
110 1 0.25 0.0000 lib/airport/pavement/asphalt_1D.pol
111  48.77292609  008.07237817
111  48.77282222  008.07266305
111  48.77290212  008.07273579
113  48.77300998  008.07245091
110 1 0.25 0.0000 lib/airport/pavement/asphalt_1D.pol
111  48.78704147  008.08608451
111  48.78715768  008.08579238
111  48.78702694  008.08567664
113  48.78690709  008.08597428
110 1 0.25 0.0000 lib/airport/pavement/asphalt_1D.pol
111  48.78710965  008.09453255
111  48.78737949  008.09480427
111  48.78726462  008.09479701
111  48.78709231  008.09486602
111  48.78700616  008.09474979
111  48.78664240  008.09482607
111  48.78656481  008.09479044
111  48.78661703  008.09490271
111  48.78684581  008.09486602
112  48.78705163  008.09493867  48.78710667  008.09493503
111  48.78726940  008.09486965
111  48.78746086  008.09486239
112  48.78759727  008.09505490  48.78768581  008.09521471
111  48.78769299  008.09537816
111  48.78758530  008.09602469
112  48.78754940  008.09611186  48.78753265  008.09614819
111  48.78745368  008.09615182
111  48.78695590  008.09596658
111  48.78694393  008.09605012
111  48.78847077  008.09663493
111  48.78848992  008.09655502
111  48.78769587  008.09625162
112  48.78764373  008.09617794  48.78762935  008.09614519
111  48.78762036  008.09605786
111  48.78776002  008.09530190
111  48.78821435  008.09454859
112  48.78817774  008.09416123  48.78807346  008.09402750
111  48.78793924  008.09418029
111  48.78762575  008.09470429
111  48.78756102  008.09475887
111  48.78741898  008.09473977
113  48.78714327  008.09445150
111  48.78796103  008.09425216
112  48.78812137  008.09424853  48.78819795  008.09434297
111  48.78814769  008.09451368
111  48.78780069  008.09506942
112  48.78765470  008.09502946  48.78756616  008.09489870
113  48.78766188  008.09473888
110 1 0.25 0.0000 lib/airport/pavement/asphalt_1L.pol
111  48.77757336  008.08619187
112  48.77748330  008.08627400  48.77744196  008.08627070
111  48.77742238  008.08626079
111  48.77728096  008.08611884
111  48.77704000  008.08584896
111  48.77685725  008.08630124
111  48.77679798  008.08630701
111  48.77657607  008.08617826
111  48.77655866  008.08621128
111  48.77649992  008.08615515
111  48.77654107  008.08604958
111  48.77642577  008.08593073
112  48.77621357  008.08619318  48.77611196  008.08624634
111  48.77602786  008.08622508
111  48.77575807  008.08598051
112  48.77579636  008.08591514  48.77581550  008.08589698
111  48.77598303  008.08586793
111  48.77596149  008.08571904
111  48.77583465  008.08572993
111  48.77523875  008.08528691
111  48.77502097  008.08570815
111  48.77528183  008.08603497
112  48.77510952  008.08621655  48.77503533  008.08630370
111  48.77496115  008.08641627
111  48.77482474  008.08639085
111  48.77470508  008.08607130
111  48.77455431  008.08608219
111  48.77453277  008.08626376
112  48.77452080  008.08656879  48.77460217  008.08671404
112  48.77469550  008.08667410  48.77473140  008.08665231
111  48.77479841  008.08656879
111  48.77484627  008.08658694
112  48.77467397  008.08695734  48.77460217  008.08714254
111  48.77456149  008.08733863
111  48.77442029  008.08737494
112  48.77433653  008.08731684  48.77429345  008.08731684
111  48.77424320  008.08730958
111  48.77401106  008.08750567
111  48.77405892  008.08783611
111  48.77434610  008.08774170
112  48.77440593  008.08765092  48.77441311  008.08762913
111  48.77444183  008.08757103
111  48.77449209  008.08756014
112  48.77443944  008.08793416  48.77442986  008.08810483
111  48.77442747  008.08844617
111  48.77433131  008.08855380
112  48.77417097  008.08856469  48.77412071  008.08864458
111  48.77396994  008.08871721
111  48.77402738  008.08899318
112  48.77430259  008.08900408  48.77436960  008.08893871
112  48.77439832  008.08882614  48.77439832  008.08881162
111  48.77440071  008.08869542
111  48.77444618  008.08868089
112  48.77452037  008.08913480  48.77456584  008.08932726
111  48.77462806  008.08951245
111  48.77457063  008.08966497
112  48.77444140  008.08972670  48.77440789  008.08976301
111  48.77430738  008.08985016
111  48.77430020  008.09007167
112  48.77452516  008.09016972  48.77462328  008.09012977
112  48.77469028  008.08997363  48.77469986  008.08986106
111  48.77466875  008.08978480
111  48.77470464  008.08971218
112  48.77491285  008.09012614  48.77501336  008.09028955
111  48.77503251  008.09031860
111  48.77498464  008.09062000
111  48.77521439  008.09081246
111  48.77541541  008.09067447
112  48.77548109  008.09078984  48.77549064  008.09082367
111  48.77547790  008.09087684
111  48.77534412  008.09123450
112  48.77526885  008.09130571  48.77524056  008.09131561
111  48.77517312  008.09130901
111  48.77538961  008.09151725
112  48.77537513  008.09139422  48.77537513  008.09134589
111  48.77538382  008.09127119
111  48.77553729  008.09089332
112  48.77562996  008.09080544  48.77567339  008.09080544
111  48.77570814  008.09080983
111  48.77591084  008.09086695
111  48.77592822  008.09095483
112  48.77574579  008.09119210  48.77573710  008.09140301
112  48.77590795  008.09146452  48.77593401  008.09146452
111  48.77598324  008.09156558
111  48.77610486  008.09144695
111  48.77606432  008.09125362
112  48.77605274  008.09111301  48.77604984  008.09106468
111  48.77610196  008.09090650
112  48.77643208  008.09085816  48.77657107  008.09081862
111  48.77667821  008.09077907
111  48.77667821  008.09080544
112  48.77655949  008.09113059  48.77658265  008.09128438
112  48.77675640  008.09138544  48.77681431  008.09136787
111  48.77686643  008.09146014
111  48.77693883  008.09135468
111  48.77691566  008.09122726
112  48.77689829  008.09098559  48.77687222  008.09092847
111  48.77680273  008.09083180
111  48.77683458  008.09071316
111  48.77692435  008.09065604
111  48.77697937  008.09085816
111  48.77719365  008.09068241
111  48.77712994  008.09047149
112  48.77725446  008.09033528  48.77729790  008.09027816
111  48.77730948  008.09026058
111  48.77734133  008.09030453
112  48.77729500  008.09062090  48.77733844  008.09077030
112  48.77750060  008.09077469  48.77755851  008.09073514
112  48.77759037  008.09043635  48.77754693  008.09026498
111  48.77748033  008.09030453
111  48.77743689  008.09004528
112  48.77760195  008.08975087  48.77766276  008.08959708
111  48.77773226  008.08935541
111  48.77777280  008.08937298
112  48.77777280  008.08956632  48.77777280  008.08961466
111  48.77776121  008.08982118
111  48.77790890  008.08992224
111  48.77796391  008.08977724
112  48.77808843  008.08945647  48.77805368  008.08924116
111  48.77790021  008.08928071
111  48.77762222  008.08870509
111  48.77746295  008.08848538
111  48.77737029  008.08856008
111  48.77740504  008.08863478
112  48.77734423  008.08899949  48.77730658  008.08912692
111  48.77725157  008.08929828
111  48.77696199  008.08930268
111  48.77692435  008.08961026
111  48.77701991  008.08968936
112  48.77657397  008.09010679  48.77633941  008.09021664
111  48.77592532  008.09018589
111  48.77590795  008.09037483
111  48.77610775  008.09041877
111  48.77598034  008.09080983
112  48.77575737  008.09075710  48.77572552  008.09073952
111  48.77562417  008.09069119
111  48.77583556  008.09019027
111  48.77577474  008.09014194
111  48.77557783  008.09065604
112  48.77546490  008.09057695  48.77542147  008.09052861
111  48.77540699  008.09045391
111  48.77565312  008.09027816
111  48.77569366  008.09012437
112  48.77497842  008.08904785  48.77484811  008.08842392
112  48.77489444  008.08794059  48.77491471  008.08781756
111  48.77495236  008.08769014
111  48.77500159  008.08772089
112  48.77507688  008.08808559  48.77509135  008.08809877
111  48.77524772  008.08819104
111  48.77534618  008.08796695
111  48.77556336  008.08793619
111  48.77567339  008.08769014
111  48.77539830  008.08741772
111  48.77519270  008.08754953
111  48.77509425  008.08724635
112  48.77540120  008.08677181  48.77555756  008.08661802
112  48.77583556  008.08646863  48.77589637  008.08647302
111  48.77591374  008.08650817
111  48.77602378  008.08678939
111  48.77585872  008.08702227
111  48.77571104  008.08750121
111  48.77598034  008.08776925
111  48.77588478  008.08808122
111  48.77570525  008.08804168
111  48.77569077  008.08827017
111  48.77599192  008.08830532
111  48.77644945  008.08718924
111  48.77616567  008.08689484
111  48.77620042  008.08685090
111  48.77650736  008.08715848
111  48.77645814  008.08727273
111  48.77650447  008.08731227
111  48.77655949  008.08720242
111  48.77708072  008.08772531
112  48.77705176  008.08794501  48.77707203  008.08801532
112  48.77713863  008.08806365  48.77715021  008.08806365
111  48.77741373  008.08805487
111  48.77745427  008.08809441
111  48.77735581  008.08832730
111  48.77739925  008.08837563
111  48.77750639  008.08816472
111  48.77838090  008.08899082
111  48.78050926  008.09096385
112  48.78054111  008.09106052  48.78054111  008.09107810
111  48.78054111  008.09113523
111  48.78020810  008.09198333
111  48.78027760  008.09203606
111  48.78063088  008.09121432
111  48.78072644  008.09120993
111  48.78140114  008.09185150
112  48.78166176  008.09199652  48.78174573  008.09201409
112  48.78187894  008.09206243  48.78191658  008.09209759
111  48.78206137  008.09224261
111  48.78204110  008.09234808
111  48.78237990  008.09265569
111  48.78243781  008.09260735
111  48.78250731  008.09268205
111  48.78253916  008.09260295
111  48.78187894  008.09196576
112  48.78170230  008.09191302  48.78166176  008.09189984
111  48.78158357  008.09185150
111  48.78159226  008.09175043
111  48.78161543  008.09171527
111  48.78186735  008.09190863
111  48.78225249  008.09095942
111  48.78238858  008.09109126
111  48.78211349  008.09178558
111  48.78245519  008.09210198
111  48.78256522  008.09179877
111  48.78264341  008.09189545
111  48.78252758  008.09226458
111  48.78307198  008.09282268
111  48.78307487  008.09296770
111  48.78312989  008.09303362
111  48.78307198  008.09309954
111  48.78313279  008.09324895
111  48.78323124  008.09305559
111  48.78331232  008.09312151
111  48.78365691  008.09226897
111  48.78418268  008.09262666
111  48.78508969  008.09333853
111  48.78536425  008.09359686
111  48.78548008  008.09358887
111  48.78477140  008.09297169
111  48.78423533  008.09256491
111  48.78371123  008.09216539
111  48.78319430  008.09166781
112  48.78303636  008.09122835  48.78288798  008.09111576
111  48.78270131  008.09119566
111  48.78178712  008.09032764
111  48.78166986  008.09020052
111  48.78166507  008.09005162
111  48.78177276  008.08982282
111  48.78185653  008.08988092
111  48.78190771  008.08974198
111  48.78048880  008.08841564
111  48.78050460  008.08835971
111  48.78047564  008.08831977
111  48.78049933  008.08825185
111  48.78041772  008.08819992
111  48.78032559  008.08834374
111  48.78006651  008.08894628
111  48.77955816  008.08846506
111  48.77958595  008.08836832
111  48.77994228  008.08871311
111  48.78017845  008.08820566
111  48.77970696  008.08776848
111  48.77964564  008.08789088
111  48.77954359  008.08779615
111  48.77955148  008.08776020
111  48.77902236  008.08723289
111  48.77887231  008.08753249
111  48.77859771  008.08722082
111  48.77805939  008.08643294
111  48.77776126  008.08606282
111  48.77772961  008.08614685
111  48.77793198  008.08637011
111  48.77839703  008.08704197
111  48.77874742  008.08753017
111  48.77765805  008.08651511
111  48.77763575  008.08640878
113  48.77767621  008.08627591
111  48.78112238  008.08915471
111  48.78094863  008.08957656
111  48.78087045  008.08952383
111  48.78074593  008.08953262
111  48.78062721  008.08948428
111  48.78025076  008.08910637
111  48.78021022  008.08895696
113  48.78041003  008.08851753
111  48.78108763  008.09012146
111  48.78117740  008.09000721
111  48.78129612  008.09000282
111  48.78186948  008.09054771
111  48.78186368  008.09066197
111  48.78168415  008.09105746
111  48.78160017  008.09128597
111  48.78148724  008.09115853
111  48.78143801  008.09125081
111  48.78156253  008.09136507
111  48.78144670  008.09158918
111  48.78137720  008.09164191
111  48.78099496  008.09127278
111  48.78104419  008.09113656
111  48.78100076  008.09109701
111  48.78092836  008.09121126
111  48.78080385  008.09110580
113  48.78075752  008.09093442
111  48.78006544  008.08915033
111  48.78016389  008.08912836
111  48.78072856  008.08964689
112  48.78095153  008.08972598  48.78104709  008.08982705
111  48.78102103  008.08995009
111  48.78098338  008.09007753
111  48.78094284  008.09004237
111  48.78063879  008.08974795
111  48.78052875  008.08973477
111  48.78047953  008.08981387
113  48.77998436  008.08933489
112  48.77992644  008.08891305  48.77997277  008.08894821
111  48.77997567  008.08910640
111  48.77983957  008.08937884
111  48.77972953  008.08941839
111  48.77965714  008.08946672
111  48.77959343  008.08962931
111  48.77959633  008.08971720
111  48.78024497  008.09031921
111  48.78019575  008.09042906
111  48.77947181  008.08975675
111  48.77962818  008.08934369
111  48.77958475  008.08929974
111  48.77946023  008.08953703
111  48.77911564  008.08921625
111  48.77927490  008.08889548
111  48.77939942  008.08880320
111  48.77947181  008.08865379
113  48.77981930  008.08897018
112  48.77758762  008.08961534  48.77753975  008.08972428
111  48.77742488  008.08995306
111  48.77734830  008.08947371
111  48.77749907  008.08896894
111  48.77758283  008.08897620
113  48.77770009  008.08923403
111  48.77730761  008.09013463
112  48.77709702  008.09039973  48.77696779  008.09052683
111  48.77685052  008.09060309
111  48.77685052  008.09014553
112  48.77702283  008.08996759  48.77711616  008.08988043
111  48.77718078  008.08978238
113  48.77725497  008.08980054
112  48.77642693  008.09078828  48.77631924  008.09082097
111  48.77613975  008.09081734
111  48.77631445  008.09039246
112  48.77647479  008.09034889  48.77654180  008.09033073
111  48.77665907  008.09026173
111  48.77671650  008.09038520
113  48.77668539  008.09067208
112  48.77553356  008.08641212  48.77548331  008.08644843
112  48.77537562  008.08653195  48.77535408  008.08653195
112  48.77533254  008.08640849  48.77533972  008.08632497
112  48.77544262  008.08615793  48.77548809  008.08610709
112  48.77565801  008.08613251  48.77569151  008.08617245
113  48.77569630  008.08627050
111  48.77653018  008.08691765
111  48.77655499  008.08689028
111  48.77696540  008.08728720
111  48.77691128  008.08739670
111  48.77684814  008.08739670
111  48.77623929  008.08677736
113  48.77627762  008.08667813
111  48.77701952  008.08733169
111  48.77717286  008.08747198
111  48.77712550  008.08759859
111  48.77709393  008.08760885
113  48.77697216  008.08747540
111  48.77876318  008.08884159
111  48.77884504  008.08892063
112  48.77887232  008.08902979  48.77885744  008.08905991
111  48.77884008  008.08907120
113  48.77872597  008.08896204
111  48.77921961  008.08877549
111  48.77899185  008.08931958
111  48.77893548  008.08926141
111  48.77895126  008.08915875
113  48.77914294  008.08870363
110 1 0.25 0.0000 lib/airport/pavement/asphalt_1D.pol
111  48.77317728  008.08053305
111  48.77305779  008.08043449
111  48.77277875  008.08113348
111  48.77221013  008.08058227
111  48.77212679  008.08076267
111  48.77197848  008.08062222
111  48.77207325  008.08036259
111  48.77144145  008.07975549
111  48.77133089  008.08001910
111  48.77114198  008.07984080
112  48.77065781  008.07920287  48.77032654  008.07890807
111  48.76987777  008.07889105
111  48.76984130  008.07897508
112  48.77063367  008.07925866  48.77088180  008.07949600
111  48.77110116  008.07991067
111  48.77132052  008.08013982
111  48.77119466  008.08046174
111  48.77142300  008.08070726
111  48.77124530  008.08119170
111  48.77128598  008.08142409
111  48.77136257  008.08148945
111  48.77130752  008.08163832
111  48.77111368  008.08146766
111  48.77109267  008.08152627
111  48.77089954  008.08201120
111  48.77124052  008.08232821
111  48.77121103  008.08244844
111  48.76937951  008.08584470
111  48.76927352  008.08592189
111  48.76942615  008.08605053
111  48.76942191  008.08592189
111  48.77128651  008.08249163
111  48.77148632  008.08205228
111  48.77159346  008.08202153
111  48.77157305  008.08219699
111  48.77227324  008.08282925
111  48.77212678  008.08318013
111  48.77227324  008.08332048
111  48.77208438  008.08381170
111  48.77192636  008.08382339
111  48.77169125  008.08439649
111  48.77173365  008.08460701
111  48.77142917  008.08534383
111  48.77255460  008.08640228
111  48.77255845  008.08658357
111  48.77261241  008.08663035
111  48.77304794  008.08560699
111  48.77313273  008.08560115
111  48.77401534  008.08643742
111  48.77411941  008.08619180
111  48.77421962  008.08627367
111  48.77455879  008.08539648
111  48.77447785  008.08532045
111  48.77471296  008.08471226
111  48.77436608  008.08440816
111  48.77397295  008.08403974
111  48.77379180  008.08398126
111  48.77374169  008.08390524
111  48.77384190  008.08371810
111  48.77401920  008.08367132
111  48.77542393  008.08496720
111  48.77562049  008.08486193
111  48.77566289  008.08469819
112  48.77623671  008.08487742  48.77648198  008.08498375
111  48.77668991  008.08516338
111  48.77670860  008.08525726
111  48.77678039  008.08508229
111  48.77671145  008.08509075
112  48.77632904  008.08483136  48.77618835  008.08476573
111  48.77594324  008.08467417
111  48.77557230  008.08455694
111  48.77519658  008.08461142
111  48.77400957  008.08352932
112  48.77390427  008.08335502  48.77389469  008.08328239
111  48.77390656  008.08314120
111  48.77191768  008.08127393
111  48.77185093  008.08121266
111  48.77196581  008.08093306
111  48.77193469  008.08088586
111  48.77198734  008.08078056
111  48.77202563  008.08076967
111  48.77210194  008.08083878
111  48.77212720  008.08077339
111  48.77277062  008.08137764
111  48.77286244  008.08115432
113  48.77296924  008.08106598
111  48.77315108  008.08513195
111  48.77271092  008.08623475
111  48.77258351  008.08630505
111  48.77247927  008.08619960
111  48.77268486  008.08566358
111  48.77239529  008.08529451
113  48.77264143  008.08469258
111  48.77206228  008.08413459
111  48.77242135  008.08446411
111  48.77221286  008.08490348
111  48.77197252  008.08468819
111  48.77207966  008.08441139
113  48.77198410  008.08430594
111  48.77263274  008.08380068
111  48.77280069  008.08393688
111  48.77270224  008.08417853
113  48.77254587  008.08400278
111  48.77353910  008.08446410
111  48.77359991  008.08445971
111  48.77366072  008.08429714
112  48.77364914  008.08413457  48.77365493  008.08410381
111  48.77373891  008.08405548
111  48.77391844  008.08415214
111  48.77452075  008.08474530
111  48.77458156  008.08484635
111  48.77451786  008.08505725
111  48.77413956  008.08504520
111  48.77375628  008.08603266
111  48.77316845  008.08550980
111  48.77314818  008.08534284
113  48.77330165  008.08500453
111  48.77231073  008.08285946
111  48.77235353  008.08276639
111  48.77350980  008.08382434
112  48.77360090  008.08404763  48.77355184  008.08421243
111  48.77344673  008.08411674
111  48.77345724  008.08404763
113  48.77232550  008.08298967
111  48.77166309  008.08088807
111  48.77180261  008.08097594
111  48.77168415  008.08130745
113  48.77155779  008.08119562
112  48.77139720  008.07999337  48.77141563  008.07996541
111  48.77146565  008.07998938
111  48.77198162  008.08046868
111  48.77193950  008.08058850
113  48.77138931  008.08006926
110 1 0.25 0.0000 lib/airport/pavement/asphalt_1D.pol
111  48.76863942  008.07773841
111  48.76811018  008.07722221
111  48.76804492  008.07739715
111  48.76787982  008.07721253
112  48.76779558  008.07720055  48.76775083  008.07722452
111  48.76771134  008.07731238
111  48.76737702  008.07810716
111  48.76742440  008.07815109
111  48.76776136  008.07732436
112  48.76783770  008.07730040  48.76786403  008.07730439
111  48.76788509  008.07732836
111  48.76797196  008.07742022
111  48.76788245  008.07765186
111  48.76798512  008.07776369
111  48.76795090  008.07781161
111  48.76776399  008.07763189
111  48.76700057  008.07962482
111  48.76776663  008.08044756
112  48.76776865  008.08051502  48.76775910  008.08053918
111  48.76747879  008.08066966
111  48.76726003  008.08075856
111  48.76732663  008.08093429
111  48.76751196  008.08085521
112  48.76759593  008.08087717  48.76760462  008.08090353
111  48.76761620  008.08094746
112  48.76755250  008.08188761  48.76758145  008.08222588
111  48.76761331  008.08237525
111  48.76742798  008.08289365
111  48.76750906  008.08295954
111  48.76759883  008.08273549
112  48.76767991  008.08271353  48.76770597  008.08274428
111  48.76771755  008.08277064
111  48.76811897  008.08414214
111  48.76818064  008.08467424
111  48.76834252  008.08468593
111  48.76854293  008.08422984
111  48.76873179  008.08377377
111  48.76915961  008.08390242
111  48.76922513  008.08371530
111  48.76942555  008.08363344
111  48.76948289  008.08367764
111  48.76949563  008.08375497
111  48.76945422  008.08421890
112  48.76935547  008.08441221  48.76934273  008.08452336
112  48.76959119  008.08465384  48.76976319  008.08452819
111  48.76959756  008.08425273
111  48.76965808  008.08344568
112  48.76980142  008.08331520  48.76988742  008.08321371
111  48.76993201  008.08313639
111  48.76999890  008.08312672
111  48.77011676  008.08367282
112  48.77007217  008.08391446  48.77010720  008.08405461
112  48.77029195  008.08406427  48.77036203  008.08400145
112  48.77035566  008.08371632  48.77032699  008.08361483
111  48.77024736  008.08358583
111  48.77007217  008.08290442
112  48.77017091  008.08259029  48.77020276  008.08247914
111  48.77024099  008.08232933
111  48.77030151  008.08229550
111  48.77035884  008.08234866
111  48.77055315  008.08269661
112  48.77053722  008.08286576  48.77054996  008.08293342
111  48.77055952  008.08297691
111  48.77047351  008.08322338
111  48.77063278  008.08334420
111  48.77072197  008.08307356
112  48.77087168  008.08287059  48.77087805  008.08271594
112  48.77074745  008.08259513  48.77070286  008.08259513
111  48.77066782  008.08258063
111  48.77033973  008.08201520
111  48.77028908  008.08186069
111  48.77017239  008.08181868
111  48.76790086  008.08062375
112  48.76807605  008.08027822  48.76816715  008.08017722
111  48.76820218  008.08015596
111  48.76842293  008.08026227
111  48.76838789  008.08046427
111  48.76855257  008.08050680
111  48.76872330  008.07834753
113  48.76859712  008.07821550
111  48.77011444  008.08223073
112  48.77005942  008.08252508  48.77000730  008.08271839
111  48.76992043  008.08281944
111  48.76985383  008.08278429
113  48.77001309  008.08222633
110 2 0.00 0.0000 New Taxiway 76
111  48.77673032  008.08571987
111  48.77681993  008.08580910
111  48.77690394  008.08561788
113  48.77681293  008.08553077
110 2 0.00 0.0000 New Taxiway 30
111  48.76881089  008.07552906
111  48.76872342  008.07559424
111  48.76845332  008.07559684
111  48.76821640  008.07622135
111  48.76829298  008.07631212
111  48.76821162  008.07660985
111  48.76837196  008.07678413
113  48.76874627  008.07644041
110 2 0.00 0.0000 New Taxiway 23
111  48.78563381  008.09321694
111  48.78548008  008.09358887
111  48.78536425  008.09359686
111  48.78505889  008.09353693
112  48.78491147  008.09339710  48.78481933  008.09343705
112  48.78476405  008.09364081  48.78476142  008.09377266
112  48.78491147  008.09389251  48.78499308  008.09389251
111  48.78506152  008.09373270
111  48.78527738  008.09377665
112  48.78534056  008.09387254  48.78534319  008.09390849
111  48.78531950  008.09399639
111  48.78521157  008.09422812
111  48.78497728  008.09446783
111  48.78498255  008.09468756
112  48.78501940  008.09476347  48.78502203  008.09481541
111  48.78501150  008.09483938
111  48.78475352  008.09543866
111  48.78487725  008.09555053
111  48.78514049  008.09481541
111  48.78526949  008.09494726
111  48.78505625  008.09547863
111  48.78536952  008.09575829
111  48.78546429  008.09555054
111  48.78570121  008.09575030
111  48.78581704  008.09547063
111  48.78590391  008.09555054
111  48.78578545  008.09582621
111  48.78596709  008.09599802
111  48.78604870  008.09583022
111  48.78616190  008.09591811
111  48.78627077  008.09583816
111  48.78620070  008.09556164
111  48.78620770  008.09543402
111  48.78620770  008.09522131
111  48.78634144  008.09486103
112  48.78641324  008.09484782  48.78643282  008.09486103
111  48.78645022  008.09487424
111  48.78658294  008.09518792
112  48.78655900  008.09541905  48.78658946  008.09549830
112  48.78680485  008.09550821  48.78692886  008.09540585
112  48.78684183  008.09515160  48.78679614  008.09505584
111  48.78668954  008.09508226
111  48.78661703  008.09490271
111  48.78656481  008.09479045
111  48.78649302  008.09458903
111  48.78649084  008.09448666
111  48.78661050  008.09422251
111  48.78675844  008.09420600
111  48.78711111  008.09453180
111  48.78714473  008.09445075
111  48.78712298  008.09442073
111  48.78742163  008.09372731
111  48.78737218  008.09367628
111  48.78708144  008.09437570
111  48.78668588  008.09402149
111  48.78674917  008.09386839
111  48.78669181  008.09381136
111  48.78660083  008.09382937
111  48.78636943  008.09438771
111  48.78631477  008.09436792
111  48.78562506  008.09372866
111  48.78560663  008.09366074
113  48.78574259  008.09332590
111  48.78629881  008.09444226
111  48.78631859  008.09451430
111  48.78593291  008.09546285
111  48.78585578  008.09540281
111  48.78594874  008.09515667
111  48.78569558  008.09492854
111  48.78561449  008.09515967
111  48.78516948  008.09474243
111  48.78555713  008.09379988
113  48.78560855  008.09379988
110 2 0.00 0.0000 New Taxiway 22
111  48.77970696  008.08776848
111  48.78032559  008.08834374
111  48.78041772  008.08819992
111  48.78049933  008.08825185
111  48.78047564  008.08831977
111  48.78050460  008.08835972
111  48.78048880  008.08841564
111  48.78190771  008.08974198
111  48.78222624  008.08898293
111  48.78237892  008.08858343
111  48.78085472  008.08714925
111  48.78080207  008.08726111
111  48.78038877  008.08686162
111  48.77930682  008.08585097
111  48.77888299  008.08688161
113  48.77885140  008.08697749
110 2 0.00 0.0000 New Taxiway 20
111  48.77394602  008.07972042
111  48.77391688  008.07979433
111  48.77387767  008.07976101
111  48.77371223  008.08018050
111  48.77380486  008.08026381
111  48.77333939  008.08138369
111  48.77329481  008.08134885
111  48.77314212  008.08171811
111  48.77277062  008.08137765
111  48.77212720  008.08077339
111  48.77210194  008.08083878
111  48.77191768  008.08127393
111  48.77390656  008.08314120
111  48.77411716  008.08264372
111  48.77405015  008.08256747
111  48.77406632  008.08062964
111  48.77430978  008.08005453
113  48.77416400  008.07992073
110 2 0.00 0.0000 New Taxiway 19
111  48.77209979  008.07890722
111  48.77188802  008.07942926
111  48.77228419  008.07977531
111  48.77247161  008.07933686
113  48.77253152  008.07929465
110 1 0.00 0.0000 New Taxiway 17
111  48.77119189  008.07723606 20
111  48.77106272  008.07756189 20
111  48.77127831  008.07776040 20
113  48.77140740  008.07743549 20
110 2 0.00 0.0000 New Taxiway 15
111  48.76981023  008.07921079
111  48.76985730  008.07925964
112  48.76989148  008.07956401  48.76991674  008.07966997
112  48.77001333  008.07985485  48.77006385  008.07991121
112  48.77019313  008.08003296  48.77023771  008.08010736
111  48.77029269  008.08023361
111  48.77019523  008.08022328
111  48.77018030  008.08041431
111  48.77036996  008.08045005
112  48.77048735  008.08082657  48.77052747  008.08101144
111  48.77054976  008.08123464
111  48.77047895  008.08117651
111  48.77042159  008.08135356
111  48.77057502  008.08149167
112  48.77057604  008.08167062  48.77057604  008.08182067
111  48.77057011  008.08187468
111  48.77062747  008.08188668
111  48.77063009  008.08179412
111  48.77072490  008.08179164
112  48.77081970  008.08186604  48.77087037  008.08187596
111  48.77095374  008.08183380
111  48.77098643  008.08186604
111  48.77109267  008.08152627
111  48.77088999  008.08132787
111  48.77074288  008.08140723
111  48.77061538  008.08129067
111  48.77061211  008.08124603
111  48.77058759  008.08103522
111  48.77053856  008.08078722
111  48.77062682  008.08072770
111  48.77085730  008.08050698
111  48.77074615  008.08017714
112  48.77059086  008.08017466  48.77054673  008.08022922
111  48.77052712  008.08027138
111  48.77035838  008.08024960
112  48.77024911  008.08000894  48.77019710  008.07990974
111  48.77015549  008.07988043
111  48.77015401  008.07981054
111  48.77018967  008.07974967
111  48.77023425  008.07974516
111  48.77034570  008.07958057
112  48.77028031  008.07922210  48.77018670  008.07912515
111  48.77007525  008.07921083
113  48.76989128  008.07903452
111  48.77000095  008.07938217
112  48.77000244  008.07946559  48.77000392  008.07949941
111  48.77001730  008.07959636
111  48.77015846  008.07972261
111  48.77012874  008.07978799
111  48.77010051  008.07985563
112  48.76996677  008.07965046  48.76991774  008.07952195
113  48.76992368  008.07931228
110 2 0.00 0.0000 New Taxiway 14
111  48.76880737  008.07733275
111  48.76873222  008.07826298
111  48.76953719  008.07900117
113  48.76983189  008.07828099
110 2 0.00 0.0000 New Taxiway 13
111  48.76938419  008.07472194
111  48.76907169  008.07548714
111  48.76953648  008.07591925
113  48.76984502  008.07516006
110 2 0.00 0.0000 New Taxiway 12
111  48.76721954  008.07325033
111  48.76638815  008.07531290
111  48.76623260  008.07519309
111  48.76616320  008.07484817
111  48.76591191  008.07469205
111  48.76578747  008.07510595
111  48.76602918  008.07534195
111  48.76619670  008.07579578
111  48.76587123  008.07662358
112  48.76583773  008.07692493  48.76585448  008.07709194
111  48.76591191  008.07724080
111  48.76681653  008.07856964
111  48.76682132  008.07866041
111  48.76675909  008.07875118
111  48.76671123  008.07869672
111  48.76657482  008.07867130
111  48.76654371  008.07843167
111  48.76641926  008.07828281
111  48.76621106  008.07859143
111  48.76636661  008.07889278
111  48.76634508  008.07895087
111  48.76645756  008.07910336
111  48.76649106  008.07904164
111  48.76658200  008.07912878
111  48.76669209  008.07913604
111  48.76689311  008.07883832
111  48.76696491  008.07891819
111  48.76709414  008.07871850
111  48.76602200  008.07713551
112  48.76595978  008.07688499  48.76596217  008.07672887
111  48.76599567  008.07664173
111  48.76604593  008.07652192
111  48.76611294  008.07650377
111  48.76621585  008.07659090
111  48.76629482  008.07685594
111  48.76644320  008.07699754
111  48.76657721  008.07660543
111  48.76641448  008.07644204
111  48.76625892  008.07599910
113  48.76733202  008.07335562
110 1 0.00 0.0000 Main asphalt taxiw
111  48.76773131  008.07007704 1 102
111  48.76719607  008.07141606 1 102
112  48.76716103  008.07194764  48.76721709  008.07228253 1 102
111  48.76739579  008.07242605 1 102
112  48.76744450  008.07258228  48.76744928  008.07268031
111  48.76743014  008.07272025
111  48.76737749  008.07284732
111  48.76735117  008.07290905
111  48.76721954  008.07325033
111  48.76733202  008.07335562
111  48.76751629  008.07287274
112  48.76762638  008.07276381  48.76770296  008.07274929 1 102
111  48.76774843  008.07278560 1 102
111  48.76851653  008.07349216 1 102
112  48.76858832  008.07360835  48.76860268  008.07365918 1 102
111  48.76863858  008.07381530 1 102
111  48.76883721  008.07478111 1 102
112  48.76885636  008.07495176  48.76885875  008.07506068 1 102
111  48.76884678  008.07516598 1 102
111  48.76881089  008.07552906
111  48.76874627  008.07644041 1 102
111  48.76859712  008.07821550
111  48.76872330  008.07834753
111  48.76938536  008.07896285
111  48.76936672  008.07904067
111  48.76935480  008.07930422
111  48.76955106  008.07935139
112  48.76954690  008.07943300  48.76954511  008.07945755
111  48.76954331  008.07949575
111  48.76943412  008.07952909
111  48.76939996  008.07954000
111  48.76945030  008.07981553
111  48.76951503  008.07981826
111  48.76950245  008.07998466
111  48.76942154  008.08006105
111  48.76934782  008.08006377
111  48.76933703  008.08025473
111  48.76939996  008.08026837
111  48.76947727  008.08038022
111  48.76938378  008.08047024
111  48.76931725  008.08046751
111  48.76929927  008.08066666
111  48.76935681  008.08066666
111  48.76944131  008.08080578
111  48.76937533  008.08087644
111  48.76928435  008.08087944
111  48.76926852  008.08107749
111  48.76935159  008.08109249
111  48.76934764  008.08120952
112  48.76946235  008.08131454  48.76953751  008.08132355
111  48.76961266  008.08128454
111  48.76968387  008.08131154
111  48.76974913  008.08107448
111  48.76961464  008.08098146
111  48.76956717  008.08085843
111  48.76961662  008.08024328
112  48.76966211  008.08018626  48.76968980  008.08018026
111  48.76972342  008.08018926
112  48.77010119  008.08095146  48.77020403  008.08139257
111  48.77017239  008.08181868
111  48.77028908  008.08186069
112  48.77029501  008.08159963  48.77028908  008.08145259
112  48.77033061  008.08133856  48.77035237  008.08132956
111  48.77042159  008.08135356
111  48.77047895  008.08117651
111  48.77029304  008.08102347
112  48.77025150  008.08098746  48.77023963  008.08096646
111  48.77022777  008.08093645
112  48.77017634  008.08075640  48.77014865  008.08066337
111  48.77011701  008.08059436
112  48.77010712  008.08047432  48.77012096  008.08043531
111  48.77018030  008.08041431
111  48.77019523  008.08022328
111  48.77000611  008.08020689
112  48.76990479  008.08017409  48.76986696  008.08013925
112  48.76974944  008.07992814  48.76971432  008.07983796
112  48.76967379  008.07964940  48.76966704  008.07957562
111  48.76967649  008.07953462
111  48.76978861  008.07953052
111  48.76979672  008.07935631
111  48.76968460  008.07935631
111  48.76971161  008.07924768
111  48.76981023  008.07921079
111  48.76989128  008.07903452
111  48.76984130  008.07897508
111  48.76987777  008.07889105 1 102
112  48.76998902  008.07876581  48.77005914  008.07870579 1 102
111  48.77017062  008.07867033 1 102
111  48.77178653  008.07873547 1 102
112  48.77191815  008.07876742  48.77196554  008.07879538 1 102
111  48.77198133  008.07880736 1 102
111  48.77209979  008.07890722
111  48.77253152  008.07929465 1 102
111  48.77364269  008.08032902
111  48.77357174  008.08050026
111  48.77348393  008.08074007
111  48.77346637  008.08078107
111  48.77317728  008.08053305
111  48.77296925  008.08106598
111  48.77329481  008.08134885
111  48.77333939  008.08138369
111  48.77380409  008.08026249
111  48.77371223  008.08018050
111  48.77369467  008.08020919 1 102
111  48.77204254  008.07867396 1 102
112  48.77196689  008.07861658  48.77193042  008.07859813 1 102
111  48.77188584  008.07860223 1 102
111  48.77027830  008.07851821 1 102
112  48.77019319  008.07844033  48.77015807  008.07837679 1 102
112  48.77006891  008.07814519  48.77004324  008.07810419 1 102
111  48.76997975  008.07804476 1 102
111  48.76900037  008.07712861 1 102
112  48.76889230  008.07698719  48.76885717  008.07689496 1 102
111  48.76884637  008.07679658 1 102
111  48.76892607  008.07577590 1 102
112  48.76896389  008.07548077  48.76898145  008.07542953 1 102
112  48.76907061  008.07525941  48.76910709  008.07520613 1 102
111  48.76912735  008.07518563 1 102
111  48.76917761  008.07523001
111  48.76965269  008.07564531 1 102
111  48.76974605  008.07571851 1 102
112  48.76984872  008.07576360  48.76990545  008.07577590 1 102
111  48.76994868  008.07576770 1 102
111  48.77064844  008.07561397 20 102
111  48.77431275  008.07904025 1 102
112  48.77435361  008.07915682  48.77435361  008.07920643 1 102
111  48.77434544  008.07923619 1 102
111  48.77425717  008.07965783 1 102
111  48.77416400  008.07992073
111  48.77399607  008.08081554
111  48.77547291  008.08218480 1 102
111  48.77702886  008.08363809
111  48.77695054  008.08374704
111  48.77668946  008.08373713
111  48.77657633  008.08395172
111  48.77670252  008.08417290
111  48.77688744  008.08415640
111  48.77712023  008.08426864
111  48.77678039  008.08508229
111  48.77670860  008.08525726
112  48.77666291  008.08534640  48.77663245  008.08536951
111  48.77660634  008.08536951
111  48.77625825  008.08530348
112  48.77612771  008.08511861  48.77602763  008.08510540
111  48.77587752  008.08512851
111  48.77584706  008.08533320
111  48.77594931  008.08546855
112  48.77609073  008.08562041  48.77618428  008.08560060
111  48.77622779  008.08550486
111  48.77649104  008.08554118
112  48.77653237  008.08561051  48.77654107  008.08564352
111  48.77652585  008.08569964
111  48.77642577  008.08593073
111  48.77654108  008.08604958
111  48.77659547  008.08605618
111  48.77685871  008.08630048
111  48.77704000  008.08584896
111  48.77674558  008.08555769
111  48.77683478  008.08535301
111  48.77689787  008.08520445
111  48.77693921  008.08512852
111  48.77730471  008.08545535
111  48.77748529  008.08503608
111  48.77710891  008.08468614 1 102
111  48.77724597  008.08433620 1 102
111  48.77801613  008.08506577
111  48.77767621  008.08591276
111  48.77760105  008.08611084
111  48.77757336  008.08619187
111  48.77767621  008.08627591
111  48.77772961  008.08614685
111  48.77776126  008.08606282
111  48.77778499  008.08601780
111  48.77786410  008.08582572
111  48.77813507  008.08516243 102
111  48.77865128  008.08565464
111  48.77860974  008.08573568
111  48.77851283  008.08566365
111  48.77826165  008.08629692
111  48.77888299  008.08688161
111  48.78222398  008.08898585 1 102
111  48.78594057  008.09245419
111  48.78563381  008.09321694
111  48.78574259  008.09332590
111  48.78587507  008.09298173
111  48.78712244  008.09314658 1 102
111  48.78758492  008.09210653 1 102
111  48.78777637  008.09181595 1 102
112  48.78788515  008.09176312  48.78792867  008.09176642 1 102
111  48.78816363  008.09189520 1 102
111  48.78869883  008.09234427 1 102
111  48.78950163  008.09308725 1 102
112  48.78985190  008.09317310  48.79007599  008.09311366 1 102
111  48.79016519  008.09287920 1 102
111  48.79069821  008.09159463
113  48.79058794  008.09144021
111  48.77030854  008.07529740 1 102
111  48.76995815  008.07536989 1 102
112  48.76988808  008.07536989  48.76985941  008.07536506 1 102
111  48.76979635  008.07530905
111  48.76933235  008.07485848 1 102
111  48.76910768  008.07464497 1 102
112  48.76904397  008.07430185  48.76905671  008.07421002 1
113  48.76911086  008.07418586 20 102
111  48.77770807  008.08222672 1 102
112  48.77773200  008.08230265  48.77773853  008.08233896 1 102
111  48.77772983  008.08241489 1 102
111  48.77763845  008.08281436 1 102
111  48.77746658  008.08326004 1 102
112  48.77733604  008.08346142  48.77731864  008.08347793 1 102
111  48.77717505  008.08344161 1 102
111  48.77699447  008.08332276 1 102
111  48.77451864  008.08097225 1 102
111  48.77427497  008.08068505 1 102
112  48.77421840  008.08055961  48.77420100  008.08048698 1 102
111  48.77420970  008.08037804 1 102
111  48.77430978  008.08005453 1 102
111  48.77444902  008.07976072 1 102
113  48.77470791  008.07941740 20 102
111  48.78128148  008.08556763 1 102
112  48.78130106  008.08564686  48.78130324  008.08567658 1 102
111  48.78130106  008.08574591 1 102
111  48.78114007  008.08642604 1 102
111  48.78092904  008.08684204 1 102
112  48.78078545  008.08703683  48.78073976  008.08705003 1 102
111  48.78066579  008.08703023 1 102
111  48.78038731  008.08686185 102
111  48.77930682  008.08585097 1 102
111  48.77783968  008.08446496 1 102
111  48.77760907  008.08414142 1 102
112  48.77757861  008.08402257  48.77757208  008.08396975 1 102
111  48.77759384  008.08385750 1 102
111  48.77774831  008.08328305 1 102
111  48.77787667  008.08301564 1 102
111  48.77812033  008.08267559 1 102
113  48.77819648  008.08267890 20 102
111  48.78159695  008.08612226 1 102
112  48.78167309  008.08602981  48.78169920  008.08601000 1 102
111  48.78175794  008.08601661 20 102
111  48.78264994  008.08685523 1 102
112  48.78266517  008.08694107  48.78266517  008.08698399 1 102
111  48.78266299  008.08703022 1 102
111  48.78256944  008.08746934 1 102
111  48.78249329  008.08772357 1 102
111  48.78234970  008.08808015 1 102
112  48.78223657  008.08826174  48.78219741  008.08829476 1 102
111  48.78212997  008.08828485
111  48.78154256  008.08793488
112  48.78110744  008.08728115  48.78109221  008.08721511 1 102
111  48.78115530  008.08697409 1 102
113  48.78129671  008.08662412 1 102
111  48.78743191  008.09131918 1 102
112  48.78744714  008.09140503  48.78744932  008.09143144 1 102
111  48.78744061  008.09150409 1 102
111  48.78735794  008.09189372 1 102
111  48.78730138  008.09206213 1 102
111  48.78722305  008.09225034 1 102
111  48.78703160  008.09258053 1 102
112  48.78691629  008.09273903  48.78687713  008.09276875 1 102
111  48.78681839  008.09274563 1 102
111  48.78653339  008.09261686 102
111  48.78604388  008.09215458 1 102
111  48.78274566  008.08905415 1 102
111  48.78254551  008.08876030 1 102
112  48.78250852  008.08867115  48.78249547  008.08861833 1 102
111  48.78251287  008.08854569 1 102
111  48.78259990  008.08814948 1 102
111  48.78266082  008.08796789 1 102
111  48.78284574  008.08758159 1 102
111  48.78305025  008.08729764
113  48.78311117  008.08728444 20 102
111  48.78817354  008.09130739 20 102
111  48.78332709  008.08678369 1 102
112  48.78330480  008.08667093  48.78330183  008.08663034 1 102
111  48.78330777  008.08660779 1 102
112  48.78350838  008.08588839  48.78364806  008.08552079 1 102
111  48.78382340  008.08531106 1 102
111  48.78391107  008.08523890
111  48.79040257  008.09131165 1 102
111  48.79040257  008.09146175 1 102
111  48.79032346  008.09182472 1 102
111  48.79022457  008.09209763 1 102
111  48.79009331  008.09238418 1 102
111  48.78989733  008.09268984 1 102
112  48.78982721  008.09275260  48.78980923  008.09276352 1 102
111  48.78969595  008.09275806 1 102
111  48.78946221  008.09262980 1 102
113  48.78813832  008.09138856 1 102
112  48.78345121  008.08525650  48.78341345  008.08541204 1 102
111  48.78330916  008.08569583 1 102
111  48.78303047  008.08618700 1 102
112  48.78294237  008.08627978  48.78289382  008.08630161 1 102
111  48.78281111  008.08629888 20 102
111  48.77837762  008.08214311 1 102
112  48.77835392  008.08206321  48.77835392  008.08203925 1 102
111  48.77835656  008.08198332 1 102
111  48.77843816  008.08157985 1 102
111  48.77855926  008.08123630 1 102
111  48.77879881  008.08074095 1 102
112  48.77888305  008.08062910  48.77891464  008.08059714 1 102
111  48.77897782  008.08060913
113  48.78350531  008.08485994 1 102
112  48.77860814  008.08038584  48.77860487  008.08043949 1 102
111  48.77858362  008.08052227 1 102
111  48.77839564  008.08107044 1 102
111  48.77825344  008.08138793 1 102
112  48.77801806  008.08173023  48.77799027  008.08175255 1 102
111  48.77795104  008.08174511 20 102
111  48.77322933  008.07732804 1 102
112  48.77321258  008.07726631  48.77320779  008.07724453 1 102
111  48.77320540  008.07718643 1 102
112  48.77340882  008.07645292  48.77359788  008.07596996 1 102
111  48.77378751  008.07579410
113  48.77858845  008.08024705 1 102
112  48.77340598  008.07558019  48.77339807  008.07562821 1 102
112  48.77320226  008.07624641  48.77304799  008.07663053 1 102
112  48.77286801  008.07683460  48.77284230  008.07686161 1 102
111  48.77277110  008.07689162 20 102
111  48.76902631  008.07339657
111  48.76899742  008.07346163 1 102
111  48.76767228  008.07224333 1 102
111  48.76750416  008.07199728 1 102
111  48.76744087  008.07185024 1 102
112  48.76760899  008.07104905  48.76782061  008.07048192 1 102
111  48.76801424  008.07036850
113  48.77341352  008.07543670 1 102
110 3 0.00 0.0000 New Taxiway 18
111  48.77124091  008.07769508
111  48.77117390  008.07858469
111  48.77124809  008.07859558
113  48.77129117  008.07768419
130 Airport Boundary 11
111  48.76641042  008.06553074
111  48.76451062  008.07019553
111  48.76616892  008.07952513
111  48.76798104  008.08486442
111  48.76954205  008.08707907
111  48.78610895  008.10190662
111  48.78915972  008.09584184
111  48.79056042  008.09591513
111  48.79176792  008.09699020
111  48.79371602  008.09185945
113  48.79027062  008.08741291
120 Linear Feature 27
111  48.77307174  008.07655340 6
115  48.77329548  008.07674798
120 Linear Feature 26
111  48.77321636  008.07625532 54
115  48.77341008  008.07642506
120 Linear Feature 23
111  48.78314245  008.08600121 56
115  48.78339009  008.08623553
120 Linear Feature 25
111  48.77839696  008.08108045 54
115  48.77855926  008.08123630
120 Linear Feature 24
111  48.77826013  008.08139505 56
115  48.77843848  008.08155370
120 Linear Feature 22
111  48.78331199  008.08571135 54
115  48.78349716  008.08589355
120 Linear Feature 21
111  48.78863107  008.09187341 56
115  48.78850574  008.09216434
120 Linear Feature 20
111  48.78882275  008.09205108 54
115  48.78870383  008.09232834
120 Linear Feature 19
111  48.78798949  008.09178625 52
115  48.78813656  008.09139905
120 Linear Feature 18
111  48.78744924  008.09153115 52
115  48.78776139  008.09179992
120 Linear Feature 17
111  48.78740422  008.09125783 52
115  48.78758130  008.09080229
120 Linear Feature 15
111  48.78335832  008.08682571 52
115  48.78314522  008.08730398
120 Linear Feature 14
111  48.78276704  008.08627457 52
115  48.78257495  008.08676650
120 Linear Feature 13
111  48.78264399  008.08717189 52
115  48.78294113  008.08742241
120 Linear Feature 12
111  48.78160550  008.08610604 52
115  48.78129936  008.08581454
120 Linear Feature 11
111  48.78178859  008.08603317 52
115  48.78198368  008.08554580
120 Linear Feature 10
111  48.78126334  008.08552303 52
115  48.78144943  008.08504933
120 Linear Feature 9
111  48.77828294  008.08272196 52
115  48.77847503  008.08225740
120 Linear Feature 8
111  48.77770367  008.08256255 52
115  48.77799781  008.08282671
120 Linear Feature 7
111  48.77785074  008.08167443 52
115  48.77766465  008.08216176
120 Linear Feature 6
111  48.77480131  008.07947473 52
115  48.77499040  008.07900110
120 Linear Feature 5
111  48.77431808  008.07941097 52
115  48.77453718  008.07960224
120 Linear Feature 4
111  48.77445014  008.07848649 52
115  48.77425205  008.07896467
120 Linear Feature 3
111  48.77329460  008.07740264 52
115  48.77311151  008.07788992
120 Linear Feature 2
111  48.77266430  008.07681062 52
115  48.77246921  008.07729790
120 Linear Feature 1
111  48.76880209  008.07458372 52
115  48.76904788  008.07445029
120 Linear Feature 90
111  48.76729441  008.07307023 6
115  48.76738997  008.07316249
120 Linear Feature 89
111  48.76817761  008.07315809 6
115  48.76830213  008.07285057
120 Linear Feature 88
111  48.76796722  008.07296811 4
115  48.76809621  008.07265260
120 Linear Feature 91
111  48.77801613  008.08506577 51
111  48.77812440  008.08501326 51
115  48.77922286  008.08604826
120 Linear Feature 87
111  48.77487310  008.07922524 51 101
112  48.77464943  008.07919542  48.77454263  008.07925545 51 101
115  48.77450468  008.07933626
120 Linear Feature 77
111  48.77727356  008.08371926 51
112  48.77732593  008.08389236  48.77732593  008.08393602 51
112  48.77728743  008.08401580  48.77724608  008.08403490 51
112  48.77707061  008.08396603  48.77702206  008.08397694 51
115  48.77689440  008.08402060
120 Linear Feature 81
111  48.78186801  008.08576010 51 101
112  48.78163602  008.08573338  48.78152942  008.08580602 51 101
115  48.78146415  008.08592158
120 Linear Feature 85
111  48.78318019  008.08635224 51 101
115  48.78283108  008.08718328
120 Linear Feature 84
111  48.78320903  008.08702657 51 101
112  48.78299142  008.08701259  48.78291245  008.08707070 51 101
115  48.78283108  008.08718328
120 Linear Feature 83
111  48.78237638  008.08892292 51
112  48.78231655  008.08863238  48.78231894  008.08846532 51
115  48.78235963  008.08837089
120 Linear Feature 82
111  48.78277843  008.08663124 51 101
112  48.78285501  008.08687457  48.78286937  008.08703074 51 101
111  48.78283108  008.08718328 51 101
111  48.78235963  008.08837089 51
112  48.78222082  008.08847258  48.78211792  008.08849800 51
115  48.78201989  008.08844433
120 Linear Feature 86
111  48.78754740  008.09108241 51 101
112  48.78764246  008.09136267  48.78765057  008.09152875 51 101
115  48.78759811  008.09168839
120 Linear Feature 80
111  48.78105543  008.08758985 51
112  48.78097681  008.08735777  48.78096594  008.08722240 51
115  48.78098334  008.08713326
120 Linear Feature 79
111  48.78145074  008.08537823 51 101
112  48.78149896  008.08559802  48.78150766  008.08573008 51 101
111  48.78146415  008.08592158 51 101
111  48.78098334  008.08713326 51
112  48.78081582  008.08731485  48.78073315  008.08734456 51
115  48.78069312  008.08732575
120 Linear Feature 78
111  48.77831003  008.08243454 51 101
112  48.77807057  008.08238351  48.77797060  008.08244706 51 101
115  48.77790691  008.08255445
120 Linear Feature 76
111  48.77747696  008.08426888 51
112  48.77731582  008.08415636  48.77725140  008.08417000 51
115  48.77720214  008.08425360
120 Linear Feature 75
111  48.77743097  008.08371694 51
111  48.77720214  008.08425360 51
115  48.77650343  008.08593414
120 Linear Feature 74
111  48.77743043  008.08371688 51
112  48.77740411  008.08387667  48.77740411  008.08392860 51
115  48.77739989  008.08402209
120 Linear Feature 73
111  48.77782268  008.08197536 51 101
112  48.77794113  008.08226284  48.77795429  008.08239866 51 101
111  48.77790691  008.08255445 51 101
111  48.77743043  008.08371688 51
112  48.77734882  008.08374884  48.77731723  008.08374085 51
115  48.77727356  008.08371926
120 Linear Feature 72
111  48.77408043  008.08033981 51
112  48.77409781  008.08065019  48.77413922  008.08078552 51
111  48.77422841  008.08087735 51
111  48.77554075  008.08210011 51
111  48.77707607  008.08354043 51
111  48.77727356  008.08371926 51
112  48.77736304  008.08386230  48.77738410  008.08391423 51
111  48.77739989  008.08402209 51
112  48.77741963  008.08415192  48.77743147  008.08420688 51
111  48.77747696  008.08426888 51
111  48.77925316  008.08595153 51
111  48.78069312  008.08732575 51
111  48.78105543  008.08758985 51
111  48.78201989  008.08844433 51
111  48.78237638  008.08892292 51
111  48.78593965  008.09225973 51
111  48.78678994  008.09303483 51 101
112  48.78696895  008.09307878  48.78702950  008.09305880 51 101
111  48.78710058  008.09289499 51 101
111  48.78759811  008.09168839 51 101
112  48.78778765  008.09145666  48.78787716  008.09141670 51 101
115  48.78795831  008.09145949
120 Linear Feature 71
111  48.77408043  008.08033981 51
115  48.77340660  008.08207595
120 Linear Feature 63
111  48.76878214  008.07681136 51
112  48.76881141  008.07698009  48.76882457  008.07702003 51
111  48.76902727  008.07723171 51
111  48.77003025  008.07818227 51
112  48.77007236  008.07827413  48.77008553  008.07832206 51
111  48.77009606  008.07838597 51
112  48.77016423  008.07851757  48.77020509  008.07857213 51
111  48.77026557  008.07859445 51
111  48.77188330  008.07866954 51
112  48.77194378  008.07868194  48.77196830  008.07869434 51
111  48.77201080  008.07873154 51
111  48.77365989  008.08026063 51
112  48.77392162  008.08045535  48.77399559  008.08046855 51
111  48.77408043  008.08033981 51 101
111  48.77450468  008.07933626 51 101
112  48.77453078  008.07906227  48.77451120  008.07894012 51 101
115  48.77441760  008.07879992
120 Linear Feature 69
111  48.76961202  008.07950558 51
111  48.76958444  008.07990811 51
115  48.76948393  008.08122978
120 Linear Feature 68
111  48.76984916  008.08023177 51
112  48.76997099  008.08030439  48.77003409  008.08031099 51
111  48.77018203  008.08032089 51
115  48.77067154  008.08040011
120 Linear Feature 70
111  48.77026557  008.07859445 51
112  48.77012356  008.07860507  48.77007452  008.07861747 51
115  48.77001659  008.07865023
120 Linear Feature 67
111  48.77009557  008.07838662 51
112  48.77008168  008.07853289  48.77006290  008.07860423 51
111  48.77001659  008.07865023 51
112  48.76983759  008.07882597  48.76973492  008.07897374 51
112  48.76961202  008.07950558  48.76960549  008.07984227 51
112  48.76984916  008.08023177  48.76988179  008.08027138 51
112  48.77008413  008.08066419  48.77012981  008.08080943 51
112  48.77022336  008.08127155  48.77024077  008.08145310 51
115  48.77024077  008.08167756
120 Linear Feature 66
111  48.76873436  008.07743478 51
112  48.76884514  008.07724834  48.76892148  008.07718044 51
115  48.76902727  008.07723171
120 Linear Feature 65
111  48.76894384  008.07469195 51 101
112  48.76905262  008.07487350  48.76908090  008.07490321 51 101
111  48.76921579  008.07500883 51 101
111  48.76975969  008.07553036 51 101
112  48.76987935  008.07559638  48.76995332  008.07561288 51 101
111  48.77001858  008.07558318 51 101
111  48.77057771  008.07539173 51 101
112  48.77069302  008.07537192  48.77073218  008.07537522 51 101
115  48.77082156  008.07543054
120 Linear Feature 64
111  48.76886987  008.07430906 51 101
112  48.76895907  008.07397898  48.76906785  008.07382385 51 101
115  48.76920857  008.07391645
120 Linear Feature 62
111  48.76864618  008.07337183 51 101
112  48.76876303  008.07374261  48.76879170  008.07390693 51 101
111  48.76886814  008.07430804 51 101
111  48.76893838  008.07469336 51
112  48.76893504  008.07498355  48.76892548  008.07513820 51
111  48.76889681  008.07540022 51
111  48.76878214  008.07681136 51
111  48.76873436  008.07743478 51
115  48.76870348  008.07783080
120 Linear Feature 54
111  48.77314054  008.07759464 51 101
112  48.77305357  008.07732042  48.77304567  008.07714068 51 101
115  48.77311326  008.07683793
120 Linear Feature 58
111  48.77924617  008.08044368 51 101
111  48.77904058  008.08025034 51 101
112  48.77889869  008.08025913  48.77883208  008.08031186 51 101
115  48.77873653  008.08053156
120 Linear Feature 57
111  48.77831003  008.08243454 51 101
112  48.77820082  008.08214422  48.77820082  008.08199043 51 101
115  48.77823846  008.08176193
120 Linear Feature 61
111  48.78425740  008.08513494 51 101
111  48.78403732  008.08492839 51 101
112  48.78381435  008.08493718  48.78371879  008.08501189 51 101
115  48.78364061  008.08520525
120 Linear Feature 60
111  48.78320903  008.08702657 51 101
112  48.78312807  008.08675654  48.78312228  008.08657636 51 101
115  48.78318019  008.08635224
120 Linear Feature 59
111  48.78342633  008.08435708 51 101
111  48.78365509  008.08457242 51 101
112  48.78372169  008.08482731  48.78372748  008.08501628 51 101
111  48.78364061  008.08520525 51 101
111  48.78318019  008.08635224 51 101
112  48.78297459  008.08661152  48.78287903  008.08665107 51 101
115  48.78277843  008.08663124
120 Linear Feature 56
111  48.77856857  008.07981092 51 101
111  48.77873942  008.07996911 51 101
112  48.77881761  008.08018003  48.77881471  008.08029867 51 101
111  48.77873653  008.08053156 51 101
111  48.77823846  008.08176193 51 101
112  48.77802707  008.08199043  48.77791124  008.08202118 51 101
115  48.77782268  008.08197536
120 Linear Feature 55
111  48.77409866  008.07561885 51 101
111  48.77387227  008.07540316 51 101
112  48.77373012  008.07541515  48.77366694  008.07547905 51 101
115  48.77353722  008.07578529
120 Linear Feature 53
111  48.77329826  008.07486716 51 101
111  48.77350253  008.07506015 51 101
112  48.77361431  008.07536510  48.77362060  008.07556051 51 101
111  48.77353722  008.07578529 51 101
111  48.77311326  008.07683793 51 101
112  48.77291931  008.07718062  48.77281665  008.07726050 51 101
115  48.77269301  008.07717343
120 Linear Feature 52
111  48.79033773  008.09080680 51 101
111  48.79055433  008.09101469 51 101
112  48.79061166  008.09120808  48.79061803  008.09134828 51 101
111  48.79056388  008.09159002 51 101
111  48.79006698  008.09279384 51 101
112  48.78980260  008.09300657  48.78965289  008.09301623 51 101
111  48.78952229  008.09290020 51 101
111  48.78795831  008.09145949 51 101
111  48.78754740  008.09108241 51 101
111  48.78320903  008.08702657 51 101
111  48.78277901  008.08663018 51 101
111  48.78186801  008.08576010 51 101
111  48.78145074  008.08537823 51 101
111  48.77831003  008.08243454 51 101
111  48.77782268  008.08197536 51 101
111  48.77487310  008.07922524 51 101
111  48.77441760  008.07879992 51 101
111  48.77314054  008.07759464 51 101
111  48.77269301  008.07717343 51 101
111  48.77082156  008.07543054 51 101
111  48.76920857  008.07391645 51 101
111  48.76864618  008.07337183 51 101
111  48.76779182  008.07259121 51 101
111  48.76748789  008.07231891 51 101
112  48.76727250  008.07186507  48.76724618  008.07160989 51 101
111  48.76732788  008.07141485 51 101
111  48.76772720  008.07044181 51 101
112  48.76802395  008.07009325  48.76816515  008.07004242 51 101
111  48.76825848  008.07013319 51 101
115  48.76855524  008.07041639
120 Linear Feature 63
111  48.78049548  008.08826633 3
115  48.78195098  008.08962952
21  48.78580407  008.08766193 2 210.6263 3.00 PAPI 21
21  48.77275599  008.07315091 2 28.7795 3.00 PAPI 03
20  48.77786781  008.08142381 26.3047 0 3 {@L}G{@Y}{^l}C_M{^r}
20  48.77823677  008.08301316 198.6270 0 3 {@L}G{@Y}{^l}M_C{^r}
20  48.78277894  008.08606456 24.0562 0 3 {@L}G{@Y}{^l}B_J-APRON_2{^r}
20  48.76898134  008.07676144 90.0620 0 3 {@L}P
20  48.77034998  008.07828771 353.3527 0 3 {@L}Z
20  48.77363723  008.07988642 21.6292 0 3 {@L}Z{@Y}{^l}N_Z{^u}
20  48.77446671  008.08062863 225.4346 0 3 {@L}Z{@Y}N{^r}_Z{^u}
20  48.78108869  008.08599725 293.8888 0 3 {@L}K{@Y}{^l}G{^r}
20  48.78244094  008.08726476 293.8888 0 3 {@L}J{@Y}{^l}G_B{^u}_G{^r}
20  48.77751617  008.08261970 293.8888 0 3 {@L}M{@Y}{^l}G_C{^u}_G{^r}
20  48.77709871  008.08322650 26.4709 0 3 {@L}Z{@Y}{^l}M_S{^u}
20  48.78060721  008.08679085 26.4709 0 3 {@L}S{@Y}{^l}K_S{^u}
20  48.78199499  008.08802539 26.4709 0 3 {@L}S{@Y}{^l}J_S{^u}
20  48.78318096  008.08756408 198.6270 0 3 {@L}G{@Y}{^l}J-APRON_2_B{^r}
20  48.77442114  008.07827844 22.7554 0 3 {@L}G{@Y}N-APRON_3{^r}
20  48.77307939  008.07811586 198.6270 0 3 {@L}G{@Y}{^r}D
20  48.76920777  008.07443312 198.6270 0 3 {@L}G{@Y}{^l}P_E{^u}
20  48.78395429  008.08545746 198.6270 0 3 {@Y}{^l}B
20  48.77907844  008.08083400 198.6270 0 3 {@Y}{^l}C
20  48.77392737  008.07607890 198.6270 0 3 {@Y}{^l}D
20  48.76811073  008.07072101 198.6270 0 3 {@Y}{^l}E
20  48.76851913  008.07411813 74.9233 0 3 {@L}P{@Y}P-APRON_4{^u}
20  48.76872196  008.07533115 262.5658 0 3 {@L}P{@Y}DE-ICING{^rd}
20  48.76857015  008.07288864 19.6026 0 3 {@L}G{@Y}DE-ICING{^ru}_P-APRON_4{^r}
20  48.76763665  008.07203071 37.8533 0 3 {@L}G{@Y}Q{^r}
20  48.76754949  008.07166156 102.7081 0 3 {@L}E{@Y}{^l}G
20  48.77267727  008.07659495 25.5619 0 3 {@L}G{@Y}{^l}D
20  48.76771964  008.07288770 198.6270 0 3 {@L}G{@Y}{^l}Q
20  48.77093585  008.07605457 198.6270 0 3 {@L}G{@Y}{^l}DE-ICING
20  48.77482395  008.07974939 198.6270 0 3 {@L}G{@Y}{^l}N
20  48.78141727  008.08480584 25.3714 0 3 {@L}G{@Y}K-APRON_2{^r}
20  48.78182279  008.08629550 198.6270 0 3 {@L}G{@Y}{^l}K-APRON_2
20  48.78754679  008.09058932 21.4318 0 3 {@L}G{@Y}H{^r}
20  48.78795097  008.09203201 198.6270 0 3 {@L}G{@Y}{^l}H
20  48.77318013  008.07536033 42.4288 0 3 {@Y}D{^r}
20  48.77846459  008.08025774 42.4288 0 3 {@Y}C{^r}
20  48.78334233  008.08484563 42.4288 0 3 {@Y}B{^r}
20  48.79016651  008.09120558 35.7184 0 3 {@Y}A{^r}
20  48.79024922  008.09294573 120.6707 0 3 {@L}A{@Y}G{^r}
20  48.78841013  008.09234040 35.5372 0 3 {@R}CAT_{r2}/{r3}
20  48.78866435  008.09163484 18.6986 0 3 {@R}CAT_{r2}/{r3}
20  48.78349643  008.08633805 308.2912 0 3 {@R}CAT_{r2}/{r3}
20  48.78302431  008.08588611 291.3712 0 3 {@R}CAT_{r2}/{r3}
20  48.77855732  008.08168663 311.1872 0 3 {@R}CAT_{r2}/{r3}
20  48.77817235  008.08131740 297.4296 0 3 {@R}CAT_{r2}/{r3}
20  48.77341845  008.07683731 306.7552 0 3 {@R}CAT_{r2}/{r3}
20  48.77299718  008.07647363 301.6767 0 3 {@R}CAT_{r2}/{r3}
20  48.76753760  008.07328759 316.3538 0 3 {@R}CAT_{r2}/{r3}
20  48.76713650  008.07292330 290.9561 0 3 {@R}CAT_{r2}/{r3}
20  48.76835616  008.07271632 215.6388 0 3 {@R}CAT_{r2}/{r3}
20  48.76814333  008.07327103 204.2737 0 3 {@R}CAT_{r2}/{r3}
20  48.76813849  008.07249100 212.8713 0 3 {@R}CAT_{r1}
20  48.76790679  008.07309101 204.8624 0 3 {@R}CAT_{r1}
20  48.78864019  008.09250124 36.5951 0 3 {@R}CAT_{r1}
20  48.78889586  008.09186461 21.3917 0 3 {@R}CAT_{r1}
20  48.79050979  008.09238603 315.2733 0 3 {@R}03-21
20  48.79008633  008.09200404 293.3955 0 3 {@R}03-21
20  48.78365459  008.08602600 313.8557 0 3 {@R}03-21
20  48.78317121  008.08552281 295.7970 0 3 {@R}03-21
20  48.77869695  008.08132172 316.1550 0 3 {@R}03-21
20  48.77832143  008.08100043 298.9411 0 3 {@R}03-21
20  48.77355554  008.07652100 318.1342 0 3 {@R}03-21
20  48.77311611  008.07609670 293.1276 0 3 {@R}03-21
20  48.76775099  008.07105409 309.5378 0 3 {@R}03-21
20  48.76739545  008.07075712 301.5755 0 3 {@R}03-21
14  48.78024158  008.09071598  98.43 0 New Tower Viewpoint 324
1300  48.77972185  008.08740397 120.45 gate jets|turboprops POS 26
1301 D airline 
1300  48.78169264  008.08907021 120.45 gate jets|turboprops POS 22
1301 D airline 
1300  48.78127426  008.08869361 120.45 gate jets|turboprops POS 23
1301 D airline 
1300  48.78076949  008.08822467 120.16 gate jets|turboprops POS 24
1301 D airline 
1300  48.78022503  008.08786496 120.45 gate jets|turboprops POS 25
1301 D airline 
1300  48.77921749  008.08695364 122.01 gate jets|turboprops POS 27
1301 D airline 
1300  48.77886107  008.08653760 348.00 tie_down jets|turboprops|props Apron 2 Business
1301 B general_aviation 
1300  48.77416089  008.08155999 207.80 tie_down jets|turboprops|props|helos Apron 3 Business 1
1301 B none 
1300  48.77411386  008.08206485 301.10 tie_down jets|turboprops|props Apron 3 Business 2
1301 B general_aviation 
1300  48.77373916  008.08188617 211.30 tie_down jets|turboprops|props Apron 3 Business 3
1301 B general_aviation 
1300  48.77387191  008.08276986 210.43 tie_down jets|turboprops|props Apron 3 Business 4
1301 B general_aviation 
1300  48.77213706  008.08120344 353.82 tie_down jets|turboprops|props Apron 3 Hangar
1301 B general_aviation 
1300  48.76926778  008.07843314 302.59 tie_down jets|turboprops|props|helos Apron 4 Business 1
1301 B none 
1300  48.76972021  008.07944246 180.29 tie_down turboprops|props GAT 1
1301 A general_aviation 
1300  48.76949771  008.07966025 350.79 misc turboprops|props|helos GAT 2
1301 A none 
1300  48.76972157  008.08029100 310.05 tie_down turboprops|props GAT Grass 1
1301 A general_aviation 
1300  48.76986001  008.08047564 -41.54 tie_down turboprops|props GAT Grass 2
1301 A general_aviation 
1300  48.77023749  008.08077773 153.22 tie_down turboprops|props GAT Grass 3
1301 A general_aviation 
1300  48.77008586  008.08110541 342.10 tie_down turboprops|props GAT Grass 4
1301 A general_aviation 
1300  48.77010817  008.08131522 348.25 tie_down turboprops|props GAT Grass 5
1301 A general_aviation 
1300  48.76963533  008.08087981 147.94 tie_down turboprops|props GAT Grass 6
1301 A general_aviation 
1300  48.77681731  008.08567071 125.91 misc helos DRF Helipad
1301 B none 
19  48.76983658  008.07319072 1 Windsock 03
19  48.78764764  008.08987085 1 Windsock 21
1054 134100 Baden Tower
1053 121825 Baden Ground
1050 121275 Baden ATIS
99
