I
1130 Generated by WorldEditor 2.0.0r4

1    797 0 0 EDTF Freiburg - Breisgau
1302 city Freiburg im Breisgau
1302 country Germany
1302 datum_lat 48.0205
1302 datum_lon 7.833666667
1302 faa_code 
1302 iata_code 
1302 icao_code EDTF
1302 region_code ED
1302 state Baden-Württemberg
1302 transition_alt 
1302 transition_level 
100 30.44 1 0 0.25 0 2 0 16  48.02814964  007.82964995  150    0 1 0 0 0 34  48.01633330  007.83603398  357    0 2 0 0 0
100 30.00 3 0 0.00 0 0 0 16R  48.02332594  007.83133427    0    0 2 0 0 0 34L  48.01824724  007.83407568    0    0 2 0 0 0
102 H1  48.02069610  007.83633084 250.02 6.00 6.00 1 0 0 0.00 0
102 H2  48.02089251  007.83489541 160.02 6.00 6.00 1 0 0 0.00 0
110 12 0.00 0.0000 New Taxiway 9
112  48.02181825  007.82998226  48.02177876  007.83015520
111  48.02189443  007.83023113
112  48.02208347  007.83012146  48.02213707  007.82995695
113  48.02199036  007.82986415
110 1 0.00 0.0000 Runecke 34
111  48.01669063  007.83562163
111  48.01656531  007.83560127
111  48.01646360  007.83559855
111  48.01625201  007.83570716
113  48.01628652  007.83584020
110 1 0.00 0.0000 Taxiupecke 34
112  48.01833116  007.83627914  48.01829107  007.83624270
111  48.01833116  007.83627914
112  48.01833116  007.83627914  48.01842944  007.83638257
112  48.01848919  007.83635084  48.01850728  007.83634731
111  48.01853008  007.83633321
112  48.01851514  007.83624858  48.01850099  007.83616630
111  48.01851514  007.83624858
114  48.01851514  007.83624858  48.01843573  007.83629089
110 1 0.00 0.0000 Feld neben Piste
111  48.01856550  007.83502826
111  48.01840004  007.83512122
111  48.01856609  007.83581503
113  48.01872850  007.83571978
110 1 0.00 0.0000 Taxiwaysystem
111  48.02769605  007.83011471
112  48.02786204  007.83026934  48.02790362  007.83044422
112  48.02790557  007.83045182  48.02792766  007.83056551
112  48.02793348  007.83065735  48.02791853  007.83070982
112  48.02785173  007.83095277  48.02782639  007.83103049
112  48.02775405  007.83114228  48.02773521  007.83115297
112  48.02260879  007.83388346  48.02255096  007.83391454 102
112  48.02245000  007.83375296  48.02243051  007.83367136 102
112  48.02230803  007.83321522  48.02228789  007.83312681 102
112  48.02235945  007.83298198  48.02238934  007.83292467
111  48.02235945  007.83298198
112  48.02235945  007.83298198  48.02221260  007.83306262
112  48.02204659  007.83315597  48.02198682  007.83318900
111  48.02204659  007.83315597
112  48.02204659  007.83315597  48.02210962  007.83315014 102
112  48.02218407  007.83327619  48.02220291  007.83335293 102
112  48.02232968  007.83385054  48.02234955  007.83393725 102
112  48.02226026  007.83407678  48.02223771  007.83408962
112  48.01849766  007.83615790  48.01841475  007.83620171
112  48.01835063  007.83619081  48.01832991  007.83617692
112  48.01799998  007.83593449  48.01787062  007.83584580
112  48.01784693  007.83561476  48.01784418  007.83551451
111  48.01795018  007.83536786
111  48.01755133  007.83558663
112  48.01775013  007.83570472  48.01779292  007.83582211
112  48.01797173  007.83601554  48.01808323  007.83609408
111  48.01797173  007.83601554
112  48.01797173  007.83601554  48.01819473  007.83617262
112  48.01833019  007.83628367  48.01836450  007.83630718
112  48.01851495  007.83625311  48.01864289  007.83618472
111  48.02031696  007.83526224
111  48.02035077  007.83531396
111  48.02056666  007.83624587
111  48.02046782  007.83629416
111  48.02054103  007.83659400
111  48.02051352  007.83660928
111  48.02059154  007.83700965
111  48.02085765  007.83684523
111  48.02077297  007.83646588
111  48.02076511  007.83646588
111  48.02071400  007.83627193
111  48.02062988  007.83632013
111  48.02038536  007.83529397
111  48.02039450  007.83523059
112  48.02080533  007.83501342  48.02082248  007.83500380
112  48.02090034  007.83507470  48.02091106  007.83512065
112  48.02111733  007.83597221  48.02116113  007.83616603
111  48.02101144  007.83628514
111  48.02092267  007.83637642
111  48.02100428  007.83673359
111  48.02150553  007.83648486
111  48.02140902  007.83607212
112  48.02117237  007.83594282  48.02112203  007.83574390
112  48.02095223  007.83502009  48.02094722  007.83499765
112  48.02100654  007.83490158  48.02101869  007.83489410
112  48.02170702  007.83452143  48.02175320  007.83449574
112  48.02190520  007.83465840  48.02194333  007.83483904
112  48.02195151  007.83491430  48.02196386  007.83500984
112  48.02195387  007.83514705  48.02194581  007.83518317
112  48.02181471  007.83575124  48.02178326  007.83588374
112  48.02170778  007.83592991  48.02168491  007.83594593
111  48.02161658  007.83597810
111  48.02165117  007.83611915
111  48.02194443  007.83595812
111  48.02188782  007.83575829
111  48.02188782  007.83571950
111  48.02205372  007.83501421
112  48.02231444  007.83504054  48.02247428  007.83493951
111  48.02231444  007.83504054
112  48.02231444  007.83504054  48.02233848  007.83503180 102
112  48.02248087  007.83518475  48.02252529  007.83534209 102
111  48.02257194  007.83552072
111  48.02272152  007.83539726
112  48.02296030  007.83527404  48.02296485  007.83527161
111  48.02296030  007.83527404
112  48.02296030  007.83527404  48.02296940  007.83526918
112  48.02297065  007.83521724  48.02296545  007.83519295 102
111  48.02280455  007.83454402 102
111  48.02270470  007.83453932 102
112  48.02260957  007.83442530  48.02257708  007.83431552
111  48.02260957  007.83442530
112  48.02260957  007.83442530  48.02259723  007.83437284 102
112  48.02255652  007.83418835  48.02254807  007.83414658 102
112  48.02266148  007.83400725  48.02272450  007.83397227
112  48.02777324  007.83123887  48.02779793  007.83122527
112  48.02790983  007.83099272  48.02795791  007.83084115
112  48.02813867  007.83027322  48.02822834  007.82998272
113  48.02819373  007.82984788
112  48.02804764  007.83029581  48.02803820  007.83033460
112  48.02799600  007.83042294  48.02796848  007.83046409
112  48.02794730  007.83038376  48.02794495  007.83036848
112  48.02788763  007.83010891  48.02786483  007.83000899
111  48.02788763  007.83010891
112  48.02788763  007.83010891  48.02786719  007.83002427
112  48.02790859  007.83002163  48.02791007  007.83001883
111  48.02790859  007.83002163
112  48.02790859  007.83002163  48.02794652  007.83000618
112  48.02798252  007.83000291  48.02798953  007.83000606
114  48.02805629  007.83011005  48.02807358  007.83020645
112  48.02247975  007.83451966  48.02251483  007.83467704 102
112  48.02240955  007.83475440  48.02239266  007.83476605
112  48.02224386  007.83484377  48.02217629  007.83487777
112  48.02206843  007.83474274  48.02204374  007.83464753
112  48.02203789  007.83462713  48.02203464  007.83460090
112  48.02212950  007.83438482  48.02225035  007.83431682
112  48.02230687  007.83430124  48.02232442  007.83429056
111  48.02230687  007.83430124
112  48.02230687  007.83430124  48.02233157  007.83428764 102
112  48.02244674  007.83437376  48.02247598  007.83448743
111  48.02244674  007.83437376
114  48.02244674  007.83437376  48.02247975  007.83451966 102
110 2 0.00 0.0000 O Hangar Taxiway
112  48.02318899  007.83710518  48.02321046  007.83708829
111  48.02318899  007.83710518
111  48.02317578  007.83706238
111  48.02306677  007.83708214
111  48.02246339  007.83727474
111  48.02150486  007.83756800
111  48.02148674  007.83746570
111  48.02145371  007.83747723
111  48.02146980  007.83757903
111  48.02133425  007.83761821
111  48.02131927  007.83751920
111  48.02128840  007.83752843
111  48.02129959  007.83762882
111  48.02025885  007.83795094
111  48.02023848  007.83790397
111  48.02021937  007.83791095
111  48.02021471  007.83796363
111  48.02000628  007.83801874
111  48.01997521  007.83776791
111  48.01983767  007.83780549
111  48.01987242  007.83805962
112  48.01963593  007.83811933  48.01962394  007.83812203
111  48.01963593  007.83811933
112  48.01963593  007.83811933  48.01958796  007.83813012
112  48.01956304  007.83805767  48.01955795  007.83803863
111  48.01956304  007.83805767
111  48.01958282  007.83803148
111  48.01957304  007.83795508
111  48.01948681  007.83797372
111  48.01948168  007.83794498
111  48.01941659  007.83796435
111  48.01943453  007.83805567
111  48.01946949  007.83804877
111  48.01948194  007.83807695
112  48.01948194  007.83807695  48.01949043  007.83812074
112  48.01964935  007.83818251  48.01973892  007.83817236
111  48.01964935  007.83818251
111  48.01966195  007.83830954
111  48.02009303  007.83818945
111  48.02011257  007.83818349
111  48.02010942  007.83814839
111  48.02010377  007.83805767
111  48.02041510  007.83795630
111  48.02041594  007.83797889
111  48.02036072  007.83799716
111  48.02037769  007.83813579
111  48.02055372  007.83808294
111  48.02053564  007.83794172
111  48.02046143  007.83796475
111  48.02045973  007.83794363
111  48.02066597  007.83787859
111  48.02067275  007.83792842
112  48.02067275  007.83792842  48.02067402  007.83794112
112  48.02066484  007.83795546  48.02065507  007.83795926
111  48.02066484  007.83795546
111  48.02063602  007.83796644
111  48.02065015  007.83806189
111  48.02077727  007.83801966
111  48.02076428  007.83792505
111  48.02071456  007.83793941
111  48.02070552  007.83786845
111  48.02095356  007.83779158
111  48.02096797  007.83790625
111  48.02085412  007.83793941
111  48.02086259  007.83800361
111  48.02111996  007.83792610
111  48.02111120  007.83786591
111  48.02100950  007.83789379
111  48.02099537  007.83778059
111  48.02123607  007.83770795
111  48.02125528  007.83784057
111  48.02165532  007.83771639
111  48.02164571  007.83764121
111  48.02155305  007.83766571
111  48.02154570  007.83761333
111  48.02178527  007.83755927
111  48.02178753  007.83756687
111  48.02176832  007.83759306
111  48.02178923  007.83763361
111  48.02183726  007.83758968
111  48.02183330  007.83754406
111  48.02187850  007.83750943
111  48.02219717  007.83741904
111  48.02223051  007.83750351
111  48.02248873  007.83742833
111  48.02248025  007.83734132
111  48.02272151  007.83726275
111  48.02273507  007.83734554
111  48.02298481  007.83727543
111  48.02297125  007.83716729
112  48.02309047  007.83726444  48.02314269  007.83738821
111  48.02319839  007.83752886
112  48.02319839  007.83752886  48.02320508  007.83754511
112  48.02321873  007.83759729  48.02322338  007.83762770
111  48.02321873  007.83759729
111  48.02325998  007.83787078
111  48.02318709  007.83789275
111  48.02319387  007.83795442
111  48.02341423  007.83788768
111  48.02340406  007.83782601
111  48.02328993  007.83785896
111  48.02325828  007.83765452
112  48.02325828  007.83765452  48.02323951  007.83754197
112  48.02321365  007.83746951  48.02318635  007.83740583
111  48.02321365  007.83746951
111  48.02312946  007.83726845
114  48.02312946  007.83726845  48.02310121  007.83715441
110 2 0.00 0.0000 Tankplattform 1
111  48.02229870  007.83518916
111  48.02227370  007.83491379
111  48.02222654  007.83492359
113  48.02225066  007.83519726
110 2 0.00 0.0000 Tankplattform 2
111  48.02212142  007.83491262
111  48.02207366  007.83486646
111  48.02207470  007.83518037
113  48.02212142  007.83518328
110 3 0.00 0.0000 Grass Taxiway S
111  48.01806355  007.83491302
111  48.01818461  007.83456099
111  48.01829459  007.83426777
111  48.01820294  007.83388688
111  48.01761978  007.83420715
113  48.01740352  007.83528757
110 3 0.00 0.0000 Grass Taxiway N
111  48.02182038  007.83231445
111  48.02195034  007.83279158
111  48.02222345  007.83264633
113  48.02208983  007.83216647
110 3 0.00 0.0000 Grass hinter Hangars
111  48.02279781  007.83601297
111  48.02166536  007.83657448
111  48.02053289  007.83719151
111  48.02012591  007.83725132
111  48.01991975  007.83732229
111  48.02000628  007.83802296
111  48.02015782  007.83800607
111  48.02132120  007.83765223
111  48.02246339  007.83727896
111  48.02306946  007.83708042
113  48.02317705  007.83706283
110 1 0.00 0.0000 Parkplatz FFH
111  48.02221608  007.83580830
111  48.02219051  007.83570823
111  48.02216042  007.83572622
111  48.02218524  007.83582629
111  48.02213034  007.83585439
111  48.02210026  007.83575545
111  48.02207544  007.83577344
111  48.02209801  007.83587238
111  48.02204461  007.83590836
111  48.02208372  007.83606465
111  48.02210853  007.83605116
111  48.02213260  007.83615572
111  48.02217095  007.83613549
111  48.02214614  007.83603092
111  48.02218900  007.83600843
111  48.02221683  007.83610513
111  48.02225142  007.83608826
111  48.02222585  007.83598932
111  48.02228000  007.83595559
113  48.02224240  007.83579255
110 1 0.00 0.0000 Asphaltplatz Hangar 1
111  48.01986071  007.83694220
111  48.01988397  007.83702737
111  48.02002342  007.83694829
113  48.02000319  007.83686120
110 2 0.00 0.0000 Betonplatz Hangar 1
111  48.01984002  007.83685698
111  48.01986071  007.83694220
111  48.02000319  007.83686120
113  48.01998270  007.83677990
110 1 0.00 0.0000 Asphaltplatz Hangar 2
111  48.02216602  007.83632270
111  48.02224406  007.83668410
111  48.02233812  007.83664205
113  48.02224742  007.83628196
110 2 0.00 0.0000 Stellplatz FFH1
111  48.02191173  007.83562084
111  48.02198891  007.83566564
111  48.02200344  007.83561676
113  48.02192444  007.83556924
110 2 0.00 0.0000 Stellplatz FFH 2
111  48.02191990  007.83585979
111  48.02199436  007.83582042
111  48.02197711  007.83576068
113  48.02190355  007.83580412
110 2 0.00 0.0000 Stellplatz FFH 3
111  48.02161750  007.83598198
111  48.02154939  007.83601050
111  48.02156483  007.83606616
113  48.02163021  007.83603222
110 2 0.00 0.0000 Stellplatz FFH 4
111  48.02176189  007.83564527
111  48.02175008  007.83570094
111  48.02181637  007.83573081
113  48.02182818  007.83567922
110 1 0.00 0.0000 Fahrweg Hangar
111  48.02281391  007.83595149
112  48.02231040  007.83620378  48.02229682  007.83620987
111  48.02231040  007.83620378
112  48.02231040  007.83620378  48.02226967  007.83622408
112  48.02224116  007.83618754  48.02222894  007.83616928
111  48.02221943  007.83610838
111  48.02218956  007.83600688
111  48.02214747  007.83602921
111  48.02217055  007.83613274
112  48.02218956  007.83620378  48.02219907  007.83624844
112  48.02217055  007.83627077  48.02214747  007.83628092
111  48.02165191  007.83652248
111  48.02162476  007.83642505
111  48.02100428  007.83673359
111  48.02100700  007.83679043
111  48.02088752  007.83685741
111  48.02085765  007.83684523
111  48.02050850  007.83707724
111  48.02053289  007.83719151
111  48.02166536  007.83657448
113  48.02282748  007.83599819
110 3 0.00 0.0000 Grass Taxiway
111  48.01996686  007.83544782
112  48.01996686  007.83544782  48.02003481  007.83541994
112  48.02007704  007.83559909  48.02003972  007.83572457
111  48.02007704  007.83559909
112  48.01976746  007.83659807  48.01961688  007.83713370
112  48.01966088  007.83756010  48.01973357  007.83775805
111  48.01983986  007.83780415
111  48.01997512  007.83776814
111  48.01991975  007.83732229
111  48.01985419  007.83704469
111  48.01988397  007.83702737
111  48.01984002  007.83685698
111  48.01998270  007.83677990
111  48.01995308  007.83663137
111  48.01987505  007.83666636
113  48.02031696  007.83526224
110 3 0.00 0.0000 Grass Ramp gross
111  48.01776953  007.83536932
111  48.01786561  007.83587413
111  48.01843573  007.83629089
111  48.01867412  007.83612358
111  48.02033914  007.83519379
111  48.02072607  007.83690031
111  48.02092984  007.83689537
111  48.02178971  007.83613407
111  48.02205063  007.83492495
111  48.02259212  007.83499398
113  48.02215323  007.83297028
110 1 0.00 0.0000 New Taxiway 5
111  48.02301721  007.83416771 20
111  48.02291605  007.83422138 20
111  48.02295412  007.83436938 20
113  48.02305311  007.83431571 20
110 1 0.25 0.0000 lib/airport/pavement/asphalt_1D.pol
111  48.02264373  007.83545660
111  48.02268542  007.83561711
111  48.02276155  007.83555501
113  48.02272152  007.83539726
110 1 0.25 0.0000 lib/airport/pavement/asphalt_1D.pol
111  48.02312182  007.83619075
111  48.02323908  007.83663621
111  48.02353754  007.83645349
111  48.02337549  007.83579897
111  48.02332165  007.83583474
111  48.02331138  007.83575508
111  48.02324317  007.83579444
111  48.02327259  007.83585621
111  48.02324507  007.83587589
111  48.02326660  007.83597250
111  48.02299259  007.83613708
113  48.02303088  007.83624443
110 1 0.25 0.0000 lib/airport/pavement/asphalt_1D.pol
111  48.02379049  007.83552899
111  48.02395318  007.83621047
111  48.02407117  007.83613375
111  48.02401635  007.83588774
111  48.02438094  007.83569882
113  48.02428670  007.83526135
110 1 0.25 0.0000 lib/airport/pavement/asphalt_1D.pol
111  48.02394001  007.83482900
111  48.02351225  007.83505925
111  48.02358201  007.83538592
111  48.02328981  007.83555516
111  48.02319768  007.83520291
111  48.02298948  007.83531561
111  48.02307659  007.83568111
111  48.02284889  007.83580902
111  48.02286679  007.83586707
113  48.02402780  007.83521609
130 Airport Boundary
111  48.02839918  007.82855297
111  48.02365102  007.83112609
111  48.02310361  007.82941227
111  48.02214760  007.82777032
111  48.02016575  007.83055990
111  48.01786764  007.83242200
111  48.01476119  007.83667160
111  48.01727185  007.83662347
111  48.01814351  007.83728208
111  48.01856222  007.83847606
111  48.01896647  007.83861542
111  48.01908636  007.83897593
111  48.01974185  007.83900033
111  48.02305877  007.83799830
111  48.02314296  007.83852341
111  48.02387001  007.83773427
111  48.02439885  007.83570816
111  48.02422484  007.83475609
111  48.02426023  007.83354494
111  48.02788629  007.83146127
111  48.02824153  007.83069919
113  48.02889347  007.83029095
120 Linear Feature 1
112  48.02184307  007.83577010  48.02183357  007.83580662 1
112  48.02186394  007.83582946  48.02187479  007.83583821 1
115  48.02190596  007.83582542
120 Linear Feature 2
111  48.02183857  007.83584585 1
112  48.02182319  007.83588966  48.02181233  007.83590589 1
112  48.02177700  007.83593093  48.02174037  007.83595527 1
115  48.02162239  007.83600190
120 Linear Feature 3
111  48.02804554  007.83048122 1
115  48.02801169  007.83050003
120 Linear Feature 4
111  48.02802126  007.83046464 1
115  48.02803444  007.83051571
120 Linear Feature 5
112  48.02195649  007.83457611  48.02193466  007.83447291 1
116  48.02175735  007.83442318  48.02167081  007.83446223
120 Linear Feature 6
112  48.02785432  007.82980918  48.02792580  007.82978033 1
112  48.02807791  007.82994978  48.02813197  007.83008925 1
112  48.02808146  007.83031999  48.02805966  007.83039160
111  48.02808146  007.83031999
112  48.02808146  007.83031999  48.02803786  007.83046320 1
116  48.02794893  007.83074058  48.02793037  007.83079739
120 Linear Feature 7
112  48.02186360  007.83567243  48.02185452  007.83571044 1
116  48.02182273  007.83570637  48.02179730  007.83569687
120 Linear Feature 8
111  48.02234928  007.83365434 1
112  48.02225101  007.83325461  48.02220828  007.83307223 1
116  48.02191468  007.83302026  48.02177172  007.83309576
120 Linear Feature 9
112  48.02225102  007.83325296  48.02222066  007.83312117 1
116  48.02241315  007.83274938  48.02259120  007.83264378
120 Linear Feature 10
111  48.02234990  007.83365396 1
111  48.02240352  007.83387467
112  48.02240352  007.83387467  48.02242998  007.83398468 1
116  48.02231779  007.83411594  48.02224820  007.83415767
120 Linear Feature 11
111  48.02291029  007.83498879 1
115  48.02279426  007.83535693
120 Linear Feature 12
111  48.02291846  007.83501730 1
115  48.02282220  007.83534179
120 Linear Feature 13
111  48.02292663  007.83504853 1
115  48.02284763  007.83532279
120 Linear Feature 14
111  48.02293571  007.83507704 1
115  48.02286901  007.83531599
120 Linear Feature 15
111  48.02294388  007.83510827 1
115  48.02289121  007.83530514
120 Linear Feature 16
111  48.02295115  007.83514628 1
115  48.02290694  007.83529688
120 Linear Feature 17
111  48.02295751  007.83517208 1
115  48.02292663  007.83528613
120 Linear Feature 18
111  48.02296386  007.83520195 1
115  48.02294388  007.83527798
120 Linear Feature 19
111  48.02297113  007.83523046 1
115  48.02296205  007.83526848
120 Linear Feature 20
111  48.02258518  007.83463442 1
115  48.02267963  007.83502273
120 Linear Feature 21
111  48.02076081  007.83645101 1
115  48.02053923  007.83656777
120 Linear Feature 22
112  48.02191717  007.83559504  48.02190446  007.83558553 1
116  48.02189992  007.83551358  48.02191808  007.83544162
120 Linear Feature 23
112  48.02211293  007.83495746  48.02204213  007.83491678 1
116  48.02199793  007.83507562  48.02198096  007.83518854
120 Linear Feature 24
112  48.02199367  007.83473676  48.02199401  007.83473847 1
112  48.02200027  007.83505711  48.02198321  007.83515849 1
112  48.02184893  007.83573634  48.02183379  007.83579973 1
112  48.02184758  007.83594722  48.02185818  007.83598571 1
115  48.02186272  007.83600151
120 Linear Feature 25
111  48.02240345  007.83387437 1
112  48.02258514  007.83463786  48.02260578  007.83474899 1
112  48.02250478  007.83481329  48.02246211  007.83484004 1
112  48.02225657  007.83496079  48.02224062  007.83496675 1
112  48.02211751  007.83496091  48.02205063  007.83492495 1
112  48.02200372  007.83477847  48.02199332  007.83472900
111  48.02200372  007.83477847 1
111  48.02195538  007.83457277
112  48.02195538  007.83457277  48.02192115  007.83440472 1
116  48.02204400  007.83426638  48.02207912  007.83424527
120 Linear Feature 26
112  48.02255912  007.83398659  48.02249279  007.83402073 1
116  48.02240352  007.83387373  48.02237597  007.83375722
120 Linear Feature 27
112  48.02248621  007.83421869  48.02246156  007.83412277 1
116  48.02231767  007.83411597  48.02224482  007.83415282
120 Linear Feature 28
112  48.02255912  007.83398658  48.02250945  007.83401759 1
116  48.02248621  007.83421874  48.02251595  007.83434951
120 Hauptlinie Taxiway
112  48.02757645  007.82995944  48.02768223  007.82990173 1
112  48.02788321  007.83021516  48.02792944  007.83041585 1
112  48.02795984  007.83056359  48.02798114  007.83067905 1
112  48.02791806  007.83084649  48.02789853  007.83091085 1
112  48.02783445  007.83109130  48.02782646  007.83111519 1
112  48.02772697  007.83120721  48.02766572  007.83124039
111  48.02772697  007.83120721
112  48.02772697  007.83120721  48.02771166  007.83121550 1
111  48.02255824  007.83398616 1
111  48.02175588  007.83442230 1
112  48.01852278  007.83619176  48.01849413  007.83620688
111  48.01852278  007.83619176
112  48.01852278  007.83619176  48.01840818  007.83625223 1
112  48.01833919  007.83623447  48.01831047  007.83622208
111  48.01833919  007.83623447
112  48.01833919  007.83623447  48.01832874  007.83622745 1
112  48.01791356  007.83591299  48.01787333  007.83586712 1
116  48.01779150  007.83524499  48.01791035  007.83497095
120 Rollhalt34
111  48.01797173  007.83601554 4
115  48.01800033  007.83593394
120 Rollhalt16
111  48.02792278  007.83072100 4
115  48.02797475  007.83075783
120 Rollhalt Mitte
111  48.02229284  007.83368987 4
115  48.02241721  007.83362041
21  48.02582681  007.83138432 2 159.5800 4.00 PAPI 16
21  48.02112679  007.83391961 3 339.9300 3.00 PAPI 34
14  48.02278365  007.83527702 104.99 0 Tower Viewpoint
1300  48.02280272  007.83474046 160.00 misc props|helos Ramp Location Tower
1301 B none 
1300  48.02180044  007.83513674 -107.81 misc props|helos Ramp Small Grass Ramp
1301 B none 
1300  48.02175270  007.83405744  70.35 misc jets|turboprops|props Ramp Big Grass Ramp
1301 C none 
1300  48.02158921  007.83601749 340.35 misc props Ramp FFH
1301 B none 
1300  48.02089442  007.83489376 252.51 misc helos Ramp Helipad
1301 B none 
1300  48.02051304  007.83632616 -107.53 misc helos Ramp EC 135 DRF
1301 B none 
1300  48.02069607  007.83633117 250.71 misc helos Ramp Helipad DRF
1301 B none 
19  48.02289420  007.83436452 1 Windsock
1054 118250 Freiburg Info
99
