I
1130 Generated by WorldEditor 2.0.0r4

1    918 1 0 EDTQ Pattonville
1302 city Pattonville
1302 country Germany
1302 datum_lat 48.863888889
1302 datum_lon 9.224166667
1302 faa_code 
1302 iata_code 
1302 icao_code EDTQ
1302 region_code ED
1302 state Baden-Württemberg
1302 transition_alt 
1302 transition_level 
100 20.00 1 0 0.00 0 0 0 10  48.86491400  009.22022400    0    0 1 0 0 0 28  48.86351000  009.22913400    0    0 1 0 0 0
100 35.00 3 0 0.00 0 0 0 10R  48.86473254  009.21888763    0    0 0 0 0 0 28L  48.86306255  009.22951987    0    0 0 0 0 0
102 H1  48.86539547  009.22043472  12.70 14.80 15.60 15 0 0 0.00 0
102 H4  48.86488351  009.22040293 103.41 29.40 29.90 15 0 0 0.00 0
110 1 0.25 0.0000 lib/airport/pavement/asphalt_1D.pol
111  48.86537556  009.22039494
111  48.86536804  009.22043575
112  48.86537019  009.22044554  48.86537234  009.22045207
111  48.86537502  009.22045126
111  48.86540025  009.22046187
112  48.86540723  009.22046023  48.86540992  009.22045779
111  48.86541099  009.22045289
111  48.86541904  009.22040555
112  48.86541743  009.22039657  48.86541582  009.22039331
111  48.86541099  009.22039249
111  48.86538576  009.22038363
114  48.86537965  009.22038475  48.86537670  009.22038720
110 1 0.25 0.0000 lib/airport/pavement/asphalt_1D.pol
111  48.86356638  009.23016600
111  48.86371129  009.23023259
111  48.86373320  009.23009940
111  48.86365801  009.22986666
113  48.86362004  009.22988205
110 1 0.25 0.0000 lib/airport/pavement/asphalt_1D.pol
111  48.86522173  009.22269488
111  48.86522143  009.22248962
111  48.86516826  009.22275711
111  48.86500875  009.22268013
111  48.86493912  009.22273401
111  48.86487359  009.22322622
111  48.86498082  009.22326643
111  48.86502398  009.22322198
111  48.86506715  009.22309497
111  48.86511728  009.22309920
113  48.86516742  009.22291715
110 1 0.25 0.0000 lib/airport/pavement/asphalt_1D.pol
111  48.86553529  009.22019154
111  48.86550678  009.22036255
111  48.86561554  009.22040446
111  48.86569296  009.22049070
111  48.86575510  009.22050295
111  48.86576661  009.22043472
111  48.86580574  009.22044872
111  48.86581840  009.22038748
111  48.86582876  009.22038224
113  48.86583911  009.22030876
110 1 0.00 0.0000 New Taxiway 26
111  48.86482143  009.22299525 20
111  48.86480241  009.22311092 20
111  48.86487763  009.22313984 20
113  48.86489493  009.22302417 20
110 1 0.00 0.0000 New Taxiway 18
111  48.86361576  009.22899921
111  48.86359045  009.22915124
111  48.86365248  009.22915509
111  48.86383477  009.22925900
112  48.86368460  009.22965884  48.86362257  009.22972619
112  48.86347065  009.22969732  48.86344913  009.22964921
112  48.86353648  009.22914503  48.86354534  009.22913734
111  48.86354788  009.22913541
111  48.86346306  009.22910655
112  48.86347572  009.22917582  48.86347572  009.22919891
112  48.86339217  009.22962997  48.86335672  009.22967423
112  48.86284907  009.22963767  48.86279590  009.22962419
112  48.86238700  009.22941637  48.86233636  009.22940482
112  48.86207177  009.22937596  48.86203506  009.22935864
111  48.86182112  009.22923356
111  48.86178567  009.22883331
111  48.86180719  009.22858123
111  48.86169705  009.22856006
111  48.86167173  009.22880252
111  48.86174896  009.22884101
111  48.86176921  009.22919892
111  48.86165528  009.22912772
111  48.86167933  009.22891221
111  48.86150463  009.22886987
111  48.86147804  009.22900842
111  48.86134259  009.22901034
111  48.86132993  009.22921047
112  48.86146918  009.22923548  48.86152235  009.22925280
112  48.86180466  009.22938750  48.86186163  009.22941444
111  48.86208950  009.22948756
112  48.86239206  009.22949142  48.86244903  009.22951066
112  48.86289464  009.22972426  48.86296427  009.22973965
112  48.86336685  009.22974350  48.86346179  009.22976659
112  48.86357953  009.22981663  48.86359472  009.22983587
111  48.86362004  009.22988205
111  48.86365801  009.22986666
112  48.86366814  009.22977814  48.86368713  009.22973580
112  48.86375803  009.22963574  48.86378461  009.22958186
111  48.86387323  009.22933169
111  48.86398337  009.22947602
111  48.86402641  009.22951066
111  48.86411376  009.22909499
111  48.86396058  009.22903918
111  48.86409604  009.22860812
111  48.86405932  009.22857541
111  48.86386943  009.22914502
113  48.86366055  009.22905458
110 1 0.00 0.0000 New Taxiway 17
111  48.86521246  009.22077761
111  48.86519600  009.22086999
111  48.86525676  009.22088731
113  48.86527196  009.22079493
110 1 0.00 0.0000 New Taxiway 16
111  48.86515180  009.22153318
111  48.86508977  009.22151202
111  48.86507331  009.22161208
113  48.86513788  009.22162555
110 1 0.00 0.0000 New Taxiway 15
111  48.86541283  009.22122820
111  48.86519485  009.22189690
111  48.86514801  009.22188150
111  48.86499482  009.22238570
111  48.86467454  009.22227408
111  48.86460618  009.22271669
112  48.86468087  009.22265319  48.86470366  009.22265896
111  48.86493912  009.22273401
111  48.86500875  009.22268013
111  48.86516826  009.22275711
111  48.86522143  009.22248962
111  48.86505053  009.22240687
111  48.86513281  009.22212398
111  48.86521637  009.22217786
113  48.86549994  009.22129263
110 2 0.00 0.0000 New Taxiway 20
111  48.86295974  009.22946719
111  48.86297198  009.22971202
111  48.86298829  009.22973991
111  48.86299033  009.22978640
111  48.86305149  009.22978640
113  48.86303722  009.22945789
110 2 0.00 0.0000 New Taxiway 21
111  48.86534747  009.22030434
111  48.86529998  009.22058609
111  48.86543325  009.22063965
111  48.86548686  009.22056281
111  48.86557877  009.22060006
111  48.86561554  009.22040446
113  48.86550678  009.22036255
110 2 0.00 0.0000 New Taxiway 19
111  48.86209819  009.22907990
111  48.86209972  009.22921029
111  48.86207675  009.22921495
111  48.86209206  009.22955490
111  48.86216865  009.22955257
111  48.86215946  009.22921495
111  48.86212883  009.22921029
113  48.86213189  009.22907292
110 3 0.00 10.0000 New Taxiway 22
111  48.86496207  009.22002019
112  48.86493301  009.22017644  48.86491448  009.22019693
111  48.86484034  009.22017131
112  48.86460059  009.22114745  48.86451887  009.22114015
112  48.86418234  009.22092092  48.86415831  009.22098669
111  48.86276552  009.22965421
111  48.86295476  009.22970821
111  48.86343796  009.22971441
111  48.86363369  009.22977020
111  48.86374582  009.22962144
111  48.86405369  009.22861731
112  48.86388600  009.22849334  48.86383018  009.22841847
112  48.86463038  009.22314871  48.86468292  009.22281429
111  48.86480113  009.22257471
111  48.86501784  009.22242497
111  48.86513334  009.22212625
111  48.86541592  009.22122963
111  48.86553254  009.22053074
111  48.86529930  009.22058529
112  48.86514455  009.22044892  48.86509969  009.22031596
113  48.86513558  009.22008414
130 Airport Boundary 1
111  48.86434387  009.21770542
111  48.86432672  009.21847892
111  48.86330329  009.22116443
111  48.86216552  009.22809087
111  48.86099915  009.22763898
111  48.86076474  009.22846455
111  48.86119355  009.22922060
111  48.86139366  009.22950738
111  48.86445250  009.23046340
111  48.86417806  009.22829071
111  48.86401797  009.22836893
111  48.86453826  009.22542277
111  48.86512716  009.22298931
111  48.86596191  009.22033854
111  48.86632783  009.21872198
111  48.86568747  009.21820920
113  48.86565889  009.21768773
120 Linear Feature 33
111  48.86257519  009.22950869 4
115  48.86256127  009.22956642
120 Linear Feature 32
111  48.86367198  009.22916257 4
115  48.86369286  009.22906943
120 Linear Feature 31
111  48.86486461  009.22302293 20
115  48.86488114  009.22306332
120 Linear Feature 30
111  48.86487760  009.22310013 20
115  48.86485457  009.22309026
120 Linear Feature 29
111  48.86487465  009.22311539 20
115  48.86485280  009.22310642
120 Linear Feature 28
111  48.86486697  009.22308487 20
115  48.86486106  009.22312437
120 Linear Feature 27
111  48.86483862  009.22301664 20
115  48.86483035  009.22307410
120 Linear Feature 36
111  48.86540992  009.22045778 51
115  48.86556071  009.22051369
120 Linear Feature 35
111  48.86541904  009.22040555 51
115  48.86556988  009.22046701
20  48.86555871  009.22027737 16.1180 0 3 {@Y}DRF_LUFTRETTUNG
14  48.86505228  009.22249721  32.81 0 New Tower Viewpoint 2
1300  48.86492287  009.22257897 208.72 tie_down props Asphalt start north
1301 B none 
1300  48.86505132  009.22219157 208.72 tie_down props Gras start north 2
1301 B none 
1300  48.86525112  009.22153763 208.72 tie_down props Gras start north 3
1301 B none 
1300  48.86539746  009.22042011  12.59 tie_down helos Christoph 51 pad
1301 B none 
1300  48.86148567  009.22922418  10.52 tie_down props Hangar south start
1301 B none 
19  48.86473987  009.22406758 0 New Windsock 1
19  48.86553915  009.22020214 1 New Windsock 4
1054 123650 Pattonville Info
99
