I
1130 Generated by WorldEditor 2.0.0r4

1    776 1 0 ETAR Ramstein AB
1302 city Ramstein
1302 country Germany
1302 datum_lat 49.436166667
1302 datum_lon 7.6065
1302 faa_code 
1302 iata_code RMS
1302 icao_code ETAR
1302 region_code ED
1302 state Rhineland-Palatinate
1302 transition_alt 5000
1302 transition_level 
100 45.00 1 1 0.00 1 3 1 08  49.43254800  007.57882600    0  202 3 1 0 0 26  49.43640300  007.62255100    0  198 3 2 1 0
100 45.00 1 1 0.00 1 3 1 09  49.43586576  007.57563176    0  198 3 1 0 0 27  49.43759511  007.61711441    0  189 3 1 0 0
110 1 0.25 0.0000 lib/airport/pavement/asphalt_1D.pol
111  49.43844963  007.61201864
111  49.43847680  007.61275892
111  49.43855057  007.61274698
113  49.43852727  007.61200670
110 1 0.25 0.0000 lib/airport/pavement/asphalt_1D.pol
111  49.43724204  007.58091383
111  49.43718635  007.58084044
111  49.43717044  007.58051831
111  49.43710945  007.57858149
111  49.43704051  007.57858965
111  49.43708824  007.58000047
111  49.43715188  007.58083636
113  49.43719431  007.58105655
110 1 0.25 0.0000 lib/airport/pavement/asphalt_1D.pol
111  49.43188069  007.58405242
111  49.43191599  007.58404896
111  49.43189032  007.58359510
111  49.43192561  007.58350630
111  49.43177481  007.58193259
111  49.43170422  007.58195232
113  49.43185823  007.58356550
110 1 0.25 0.0000 lib/airport/pavement/asphalt_1D.pol
111  49.43949421  007.61678512
111  49.43961901  007.61975193
112  49.43932852  007.62017954  49.43928477  007.62027373
111  49.43923676  007.62055946
111  49.43937794  007.62397331
112  49.43932852  007.62429353  49.43928603  007.62447192
111  49.43919808  007.62458590
112  49.43893937  007.62511876  49.43886171  007.62542023
111  49.43886173  007.62583516
111  49.43892968  007.62822867
112  49.43875420  007.62956667  49.43861142  007.63013777
111  49.43833926  007.63073789
111  49.43794706  007.63155949
112  49.43710014  007.63214509  49.43664542  007.63206642
111  49.43637827  007.63178673
111  49.43532672  007.63065430
112  49.43512777  007.63028343  49.43507370  007.63011381
111  49.43504820  007.62985517
111  49.43458779  007.62473360
112  49.43432632  007.62371105  49.43409328  007.62319540
111  49.43385455  007.62293321
111  49.43360913  007.62273213
111  49.43347247  007.62261393
111  49.43241765  007.62166182
112  49.43221267  007.62134008  49.43213153  007.62111683
111  49.43207601  007.62070316
111  49.43208028  007.61885151
111  49.43207174  007.61862826
112  49.43197094  007.61758372  49.43197521  007.61724228
111  49.43200937  007.61721602
111  49.43218446  007.61671700
111  49.43234579  007.61527714
111  49.43215553  007.61527237
111  49.43222517  007.61537327
111  49.43209830  007.61668126
111  49.43197054  007.61710750
112  49.43190546  007.61768571  49.43191992  007.61801929
111  49.43196090  007.61824168
111  49.43201253  007.61873773
111  49.43201634  007.62073245
112  49.43216339  007.62140704  49.43223571  007.62157383
111  49.43238516  007.62175174
111  49.43381706  007.62302310
112  49.43425007  007.62370745  49.43442530  007.62409980
111  49.43451854  007.62466885
111  49.43498861  007.62990270
112  49.43507056  007.63034009  49.43513565  007.63052913
111  49.43527064  007.63072559
111  49.43638434  007.63193771
112  49.43709686  007.63226799  49.43744020  007.63230465
111  49.43776079  007.63196092
111  49.43798738  007.63165598
111  49.43841888  007.63075890
112  49.43874913  007.62985068  49.43894921  007.62916859
111  49.43897814  007.62834192
111  49.43892028  007.62577295
112  49.43901885  007.62509771  49.43906986  007.62490925
112  49.43938374  007.62437287  49.43946570  007.62413562
111  49.43944338  007.62380822
111  49.43930317  007.62056392
112  49.43939236  007.62024882  49.43945945  007.62011874
111  49.43970574  007.61982251
112  49.43980698  007.61980398  49.43986002  007.61985588
111  49.43989135  007.61989665
111  49.43990250  007.61975558
111  49.43971460  007.61961767
111  49.43967189  007.61943378
111  49.43956285  007.61681866
113  49.43960213  007.61677615
110 1 0.25 0.0000 lib/airport/pavement/asphalt_1D.pol
111  49.43766632  007.59880696
111  49.43774713  007.59890189
111  49.43821739  007.60991942
111  49.43833953  007.61042507
111  49.43844287  007.61062733
111  49.43825497  007.61089461
111  49.43830664  007.61213707
111  49.43838809  007.61212735
111  49.43833483  007.61090905
111  49.43848045  007.61073569
111  49.43932132  007.61276554
111  49.43943879  007.61531852
111  49.43950879  007.61532300
111  49.43938708  007.61267884
111  49.43860729  007.61079345
111  49.43890323  007.61077178
111  49.43885156  007.60898031
111  49.43850864  007.60900920
111  49.43850394  007.60921869
111  49.43832074  007.60924036
111  49.43825497  007.60916090
111  49.43808116  007.60464611
111  49.43820800  007.60432105
111  49.43976835  007.60337653
111  49.43991474  007.60328403
111  49.44032387  007.60302749
111  49.44045500  007.60294451
111  49.44039272  007.60281934
111  49.44044084  007.60241967
111  49.44035421  007.60230125
111  49.44026438  007.60233579
111  49.44023550  007.60277000
111  49.44009112  007.60279960
111  49.44003781  007.60294268
111  49.43984530  007.60307276
111  49.43982284  007.60275877
111  49.43995205  007.60276640
111  49.43991822  007.60218193
111  49.43965862  007.60222050
111  49.43969654  007.60327461
111  49.43954195  007.60337329
111  49.43942819  007.60326564
111  49.43942528  007.60203211
111  49.43984238  007.60203659
111  49.43985405  007.60176297
111  49.43992280  007.59994145
112  49.43985660  007.59971813  49.43980108  007.59962779
111  49.43970501  007.59961309
111  49.43949575  007.59959339
111  49.43955554  007.59856234
111  49.43935910  007.59854920
111  49.43937191  007.59778741
111  49.43928223  007.59777428
111  49.43930676  007.59715859
111  49.43905270  007.59741635
111  49.43913703  007.59747219
111  49.43914557  007.59813547
111  49.43906870  007.59814861
111  49.43901745  007.59954085
111  49.43799253  007.59949488
111  49.43784616  007.59938731
113  49.43782870  007.59864533
111  49.43938899  007.59967215
111  49.43936337  007.60348769
111  49.43832136  007.60413784
112  49.43814200  007.60408530  49.43806940  007.60401963
111  49.43802670  007.60386202
111  49.43786235  007.59970466
113  49.43798661  007.59959341
111  49.43852225  007.60993682
111  49.43855719  007.61067114
111  49.43835919  007.61025323
113  49.43830872  007.60995472
111  49.43969953  007.59972390
112  49.43980220  007.59980284  49.43983750  007.59986205
111  49.43984712  007.59998540
111  49.43981825  007.60099196
111  49.43946210  007.60099689
113  49.43949419  007.59971403
110 1 0.25 0.0000 lib/airport/pavement/asphalt_1D.pol
111  49.43711925  007.58404222
111  49.43770465  007.59773115
111  49.43769181  007.59787527
111  49.43786440  007.59769271
111  49.43777523  007.59762260
111  49.43768809  007.59574452
111  49.43887607  007.59563111
111  49.43888772  007.59587588
111  49.43908959  007.59586394
111  49.43908959  007.59560126
111  49.43932941  007.59555878
111  49.43939309  007.59558620
111  49.43938765  007.59544600
111  49.43934846  007.59546671
111  49.43908584  007.59548554
111  49.43907244  007.59502857
111  49.43891945  007.59503883
111  49.43892694  007.59551205
111  49.43886296  007.59552606
111  49.43870916  007.59553013
111  49.43866143  007.59545673
111  49.43865878  007.59518760
111  49.43875159  007.59517537
111  49.43874098  007.59500818
111  49.43862961  007.59501226
111  49.43863491  007.59462895
111  49.43867204  007.59459633
111  49.43885500  007.59458002
111  49.43885369  007.59450261
111  49.43868781  007.59453518
111  49.43861369  007.59448090
111  49.43861722  007.59414440
111  49.43869487  007.59404129
111  49.43863840  007.59392188
111  49.43855722  007.59403043
111  49.43856832  007.59543613
111  49.43850075  007.59557181
111  49.43768420  007.59563033
111  49.43755722  007.59275078
111  49.43799825  007.59242183
111  49.43798971  007.59233646
111  49.43764380  007.59257287
111  49.43754868  007.59251317
111  49.43734253  007.58756410
111  49.43743454  007.58758201
111  49.43753743  007.58772827
111  49.43827157  007.58881659
111  49.43826729  007.58892823
111  49.43889506  007.58976224
111  49.43874835  007.59023072
111  49.43860466  007.59060282
111  49.43858331  007.59097058
111  49.43865591  007.59093774
111  49.43866838  007.59060218
111  49.43873278  007.59047805
111  49.43877858  007.59125327
111  49.43867726  007.59158131
111  49.43886517  007.59151564
111  49.43878830  007.59034014
111  49.43900685  007.58965907
111  49.43915556  007.58978194
111  49.43914702  007.58963747
111  49.43893317  007.58950097
111  49.43849495  007.58894484
111  49.43818156  007.58854745
111  49.43733274  007.58731315
113  49.43717904  007.58403565
110 1 0.25 0.0000 lib/airport/pavement/asphalt_1D.pol
111  49.43714488  007.58271575
111  49.43709861  007.58223601
112  49.43713368  007.58151821  49.43718189  007.58116437
111  49.43736597  007.58073302
111  49.43765305  007.58019719
112  49.43779111  007.57986356  49.43786781  007.57968495
111  49.43793356  007.57930751
112  49.43797081  007.57923674  49.43798615  007.57921315
111  49.43801902  007.57922326
111  49.43814613  007.57926033
111  49.43824667  007.58004300
111  49.43830646  007.57999047
111  49.43830610  007.57981975
112  49.43841567  007.57959059  49.43850772  007.57944231
111  49.43862156  007.57943535
111  49.43870819  007.57963271
111  49.43885257  007.57966232
111  49.43911567  007.57999784
111  49.43922797  007.58001757
111  49.43933385  007.57991396
111  49.43953855  007.57999417
111  49.43995710  007.57991470
111  49.44015450  007.57962016
111  49.44010915  007.57953620
111  49.43984445  007.57982928
111  49.43945622  007.57985642
111  49.43930093  007.57980214
111  49.43899388  007.57941137
111  49.43905387  007.57928111
111  49.43885489  007.57900992
111  49.43903865  007.57866454
111  49.43850196  007.57792893
111  49.43816944  007.57852101
111  49.43830945  007.57892022
111  49.43860697  007.57931045
111  49.43802961  007.57913032
112  49.43797857  007.57907209  49.43795717  007.57903411
111  49.43797720  007.57891109
111  49.43771999  007.57231349
112  49.43744952  007.57112283  49.43736202  007.57087410
111  49.43686351  007.57006267
111  49.43595930  007.56810548
112  49.43583467  007.56793831  49.43574716  007.56785268
111  49.43546609  007.56789753
111  49.43255457  007.56876600
112  49.43235305  007.56889647  49.43226024  007.56896578
111  49.43205606  007.56917779
111  49.43045446  007.57114294
112  49.43034309  007.57139570  49.43030332  007.57148132
111  49.43026089  007.57179117
111  49.43023968  007.57328334
111  49.43013993  007.57581155
112  49.43010183  007.57635760  49.43008278  007.57646430
112  49.42992629  007.57691412  49.42989908  007.57705220
112  49.42996848  007.57739950  49.43001202  007.57759616
112  49.43016442  007.57784931  49.43021885  007.57792044
111  49.43031416  007.57801781
111  49.43030933  007.57810764
111  49.42972252  007.57855996
111  49.42979521  007.57863705
111  49.43037769  007.57817113
112  49.43043796  007.57824155  49.43046206  007.57829344
111  49.43048309  007.57845586
111  49.43071986  007.58105644
112  49.43072122  007.58121335  49.43071578  007.58126775
111  49.43068856  007.58132006
111  49.43050759  007.58172176
112  49.43040825  007.58199374  49.43037696  007.58210044
111  49.43037560  007.58230547
111  49.43044635  007.58418439
111  49.43050623  007.58417797
111  49.43043757  007.58244305
112  49.43046408  007.58203127  49.43050121  007.58183965
111  49.43073720  007.58136264
112  49.43077963  007.58123625  49.43079289  007.58117509
111  49.43077963  007.58106094
111  49.43057015  007.57880227
112  49.43054098  007.57846795  49.43053037  007.57832933
111  49.43046416  007.57817197
111  49.43042702  007.57807076
111  49.43037308  007.57798743
112  49.43017933  007.57774904  49.43013106  007.57768080
112  49.43000424  007.57723690  49.42996153  007.57699396
112  49.43010673  007.57662627  49.43015798  007.57650151
111  49.43017506  007.57630454
111  49.43029036  007.57329735
111  49.43030744  007.57206952
112  49.43037150  007.57151797  49.43042702  007.57133412
111  49.43049962  007.57120937
111  49.43204554  007.56931833
112  49.43235302  007.56900972  49.43248967  007.56889809
111  49.43264341  007.56886526
111  49.43544914  007.56801816
112  49.43574808  007.56801159  49.43584630  007.56805099
111  49.43590609  007.56816919
111  49.43678154  007.57013263
112  49.43734098  007.57109795  49.43754169  007.57153792
111  49.43766554  007.57238504
111  49.43791750  007.57855791
112  49.43786625  007.57937221  49.43780219  007.57981876
111  49.43745201  007.58039008
112  49.43705485  007.58147361  49.43698653  007.58185448
113  49.43705093  007.58286023
110 1 0.25 0.0000 lib/airport/pavement/asphalt_1D.pol
111  49.44271939  007.58578039
111  49.44414853  007.58558764
111  49.44415792  007.58545038
111  49.44435992  007.58542870
111  49.44421429  007.58164316
111  49.44394183  007.58166483
111  49.44392774  007.58141920
111  49.44397472  007.58126749
111  49.44408276  007.58119525
111  49.44375863  007.58092073
111  49.44380091  007.58113746
111  49.44381030  007.58125304
111  49.44367407  007.58129639
112  49.44366938  007.58157091  49.44370696  007.58165038
111  49.44376802  007.58169373
111  49.44357073  007.58169373
111  49.44355194  007.58127472
111  49.44297007  007.58134311
111  49.44308792  007.58512224
113  49.44269671  007.58515083
110 2 0.25 0.0000 lib/airport/pavement/concrete_1D.pol
111  49.44451661  007.58949594
111  49.44613287  007.59028923
111  49.44714390  007.58913632
111  49.44688254  007.58859688
111  49.44708887  007.58827957
111  49.44698571  007.58803630
111  49.44670372  007.58834303
111  49.44608473  007.58790937
111  49.44653178  007.58739109
111  49.44657992  007.58706320
111  49.44621387  007.58704281
111  49.44613269  007.58698310
111  49.44584329  007.58672255
111  49.44566329  007.58716223
111  49.44554329  007.58697767
111  49.44546917  007.58698853
111  49.44549388  007.58712966
111  49.44544094  007.58747706
111  49.44531741  007.58742820
111  49.44544800  007.58693425
111  49.44532447  007.58689083
111  49.44521506  007.58677141
111  49.44477036  007.58681483
111  49.44480919  007.58704281
112  49.44449154  007.58737393  49.44440684  007.58752591
111  49.44435390  007.58768332
111  49.44422331  007.58747706
111  49.44378972  007.58750963
111  49.44325486  007.58675076
111  49.44325757  007.58591252
111  49.44271939  007.58578039
111  49.44284213  007.58884508
111  49.44354984  007.58881189
111  49.44356852  007.58921165
111  49.44375933  007.58921432
111  49.44374030  007.58805785
111  49.44429390  007.58805242
112  49.44432567  007.58843238  49.44437155  007.58863321
111  49.44446684  007.58883404
113  49.44459742  007.58901316
111  49.44331236  007.58820776
111  49.44328238  007.58738451
113  49.44356073  007.58778625
110 2 0.25 0.0000 lib/airport/pavement/concrete_1D.pol
111  49.44322036  007.59882577
111  49.44325536  007.59811253
111  49.44266325  007.59803178
113  49.44261950  007.59871362
110 1 0.25 0.0000 lib/airport/pavement/asphalt_3D.pol
111  49.44005302  007.60324159
111  49.43997244  007.60334316
111  49.44001535  007.60350719
111  49.44032292  007.60332456
113  49.44026808  007.60312333
110 1 0.25 0.0000 lib/airport/pavement/asphalt_3D.pol
111  49.44040303  007.59984121
111  49.44034009  007.60083448
111  49.44065623  007.60084497
113  49.44069915  007.59986982
110 1 0.25 0.0000 lib/airport/pavement/asphalt_3D.pol
111  49.44082742  007.60131704
111  49.44083076  007.60155547
111  49.44083076  007.60188878
111  49.44081502  007.60202611
111  49.44065099  007.60230840
111  49.44049935  007.60278906
111  49.44082122  007.60260738
111  49.44100719  007.60253395
111  49.44171586  007.60248949
111  49.44175156  007.60204277
111  49.44120222  007.60207809
111  49.44116121  007.60129511
111  49.44112497  007.60125029
111  49.44111496  007.60106908
111  49.44085031  007.60108911
113  49.44085699  007.60129559
110 1 0.25 0.0000 lib/airport/pavement/asphalt_3D.pol
111  49.43906739  007.59970054
111  49.43907073  007.60032187
111  49.43913033  007.60032378
111  49.43912366  007.60106622
111  49.43924859  007.60107385
111  49.43922189  007.60176146
111  49.43938592  007.60176575
111  49.43942597  007.59994469
111  49.43939212  007.59986172
111  49.43933824  007.59977398
113  49.43927481  007.59970865
110 1 0.25 0.0000 lib/airport/pavement/asphalt_3D.pol
111  49.44016461  007.61280756
111  49.44013981  007.61331445
111  49.44007925  007.61330825
111  49.44004158  007.61408551
111  49.44049220  007.61412938
113  49.44053798  007.61285048
110 1 0.25 0.0000 lib/airport/pavement/asphalt_3D.pol
111  49.44076795  007.59764768
111  49.44065017  007.59845307
111  49.44109315  007.59856525
113  49.44115656  007.59775462
110 1 0.25 0.0000 lib/airport/pavement/asphalt_3D.pol
111  49.42588312  007.58041791
111  49.42578393  007.58069209
111  49.42586452  007.58082513
113  49.42609150  007.58067683
110 1 0.25 0.0000 lib/airport/pavement/asphalt_3D.pol
111  49.42833600  007.57937552
111  49.42787490  007.58020046
111  49.42802892  007.58042887
113  49.42852579  007.57958438
110 1 0.25 0.0000 lib/airport/pavement/asphalt_3D.pol
111  49.42632134  007.58208114
111  49.42628605  007.58180075
111  49.42616970  007.58178311
113  49.42605287  007.58202344
110 1 0.25 0.0000 lib/airport/pavement/asphalt_3D.pol
111  49.42485170  007.58220607
111  49.42471103  007.58192807
111  49.42459325  007.58194333
113  49.42456035  007.58225996
110 1 0.25 0.0000 lib/airport/pavement/asphalt_3D.pol
111  49.42619402  007.57559462
111  49.42633755  007.57566091
111  49.42639000  007.57544919
113  49.42623789  007.57537671
110 1 0.25 0.0000 lib/airport/pavement/asphalt_3D.pol
111  49.42815909  007.58056287
111  49.42794499  007.58094005
111  49.42811713  007.58116894
111  49.42817388  007.58106498
111  49.42831979  007.58123760
113  49.42844616  007.58094768
110 1 0.25 0.0000 lib/airport/pavement/asphalt_3D.pol
111  49.42471723  007.58538376
111  49.42471294  007.58550631
111  49.42501574  007.58519017
111  49.42502337  007.58478533
111  49.42496853  007.58468233
113  49.42494802  007.58506380
110 1 0.25 0.0000 lib/airport/pavement/asphalt_3D.pol
111  49.44074159  007.58065013
111  49.44074731  007.58066157
111  49.44082504  007.58057908
113  49.44081836  007.58056907
110 1 0.25 0.0000 lib/airport/pavement/asphalt_3D.pol
111  49.44039485  007.58096013
111  49.44045270  007.58257540
111  49.44223764  007.58242651
111  49.44223267  007.58106406
111  49.44200618  007.58109264
111  49.44186837  007.58120089
111  49.44181210  007.58114986
111  49.44132334  007.58015326
111  49.44128805  007.58005789
111  49.44164425  007.57967498
111  49.44199617  007.57924105
111  49.44182021  007.57866216
111  49.44166619  007.57821870
111  49.44155890  007.57812095
111  49.44143730  007.57784771
111  49.44102197  007.57829881
111  49.44097763  007.57826066
111  49.44091325  007.57836366
111  49.44094282  007.57839895
111  49.44071775  007.57886435
111  49.44066196  007.57880045
111  49.44059567  007.57892729
111  49.44062572  007.57895876
111  49.44045238  007.57923296
111  49.44015450  007.57962016
111  49.44063668  007.58042363
111  49.44074159  007.58065013
111  49.44123512  007.58012417
111  49.44128853  007.58018616
111  49.44131428  007.58023575
111  49.44129997  007.58025435
111  49.44128614  007.58024529
111  49.44126326  007.58019570
111  49.44124466  007.58018139
111  49.44105154  007.58040265
111  49.44105869  007.58041743
111  49.44085794  007.58063535
111  49.44082504  007.58057908
111  49.44074731  007.58066157
111  49.44075971  007.58068112
111  49.44060903  007.58086662
113  49.44055371  007.58096723
110 1 0.25 0.0000 lib/airport/pavement/asphalt_3D.pol
111  49.44328841  007.59356737
111  49.44328317  007.59318875
111  49.44294747  007.59313249
111  49.44287261  007.59403944
111  49.44309052  007.59403563
113  49.44318828  007.59356641
110 1 0.25 0.0000 lib/airport/pavement/asphalt_6L.pol
111  49.42845569  007.58643282
111  49.42847572  007.58869926
111  49.42908370  007.58868257
113  49.42905604  007.58643664
110 1 0.25 0.0000 lib/airport/pavement/asphalt_6L.pol
111  49.42648489  007.58234007
111  49.42629177  007.58401856
111  49.42644627  007.58406338
111  49.42639763  007.58453403
111  49.42676194  007.58463130
111  49.42673238  007.58505617
111  49.42711385  007.58514773
111  49.42719825  007.58420596
111  49.42715152  007.58420167
111  49.42722019  007.58328994
111  49.42750772  007.58334764
111  49.42788348  007.58283885
113  49.42770275  007.58262617
110 1 0.25 0.0000 lib/airport/pavement/asphalt_4L.pol
111  49.44001535  007.60350719
111  49.44010119  007.60382763
111  49.44041209  007.60362974
113  49.44032292  007.60332456
110 1 0.25 0.0000 lib/airport/pavement/asphalt_4L.pol
111  49.43300908  007.61629759
111  49.43258612  007.61696994
111  49.43289130  007.61742771
113  49.43332046  007.61672579
110 1 0.25 0.0000 lib/airport/pavement/asphalt_4L.pol
111  49.43872024  007.58570563
111  49.43872835  007.58614385
111  49.43905165  007.58613479
113  49.43904641  007.58570993
110 1 0.25 0.0000 lib/airport/pavement/asphalt_4D.pol
111  49.44321975  007.60141623
111  49.44324073  007.60186494
111  49.44361267  007.60182393
113  49.44345483  007.60141766
110 1 0.25 0.0000 lib/airport/pavement/asphalt_4D.pol
111  49.44320163  007.60058270
111  49.44330320  007.60060082
111  49.44331750  007.60051404
111  49.44286736  007.60043345
111  49.44284495  007.60072433
111  49.44303998  007.60075008
111  49.44308433  007.60087167
111  49.44314202  007.60082733
111  49.44320974  007.60100185
111  49.44328365  007.60097467
113  49.44328603  007.60081445
110 1 0.25 0.0000 lib/airport/pavement/asphalt_4D.pol
111  49.44240387  007.60637017
111  49.44227750  007.60817836
111  49.44273384  007.60826562
111  49.44275578  007.60790942
111  49.44274052  007.60786507
113  49.44284304  007.60645552
110 1 0.25 0.0000 lib/airport/pavement/asphalt_4D.pol
111  49.44282587  007.60097610
111  49.44272145  007.60234417
111  49.44284829  007.60233272
111  49.44284829  007.60206951
111  49.44310388  007.60205425
111  49.44308719  007.60160744
111  49.44320497  007.60159886
111  49.44320163  007.60141337
111  49.44299515  007.60142004
111  49.44299706  007.60127699
111  49.44306525  007.60127699
113  49.44306096  007.60097848
110 1 0.25 0.0000 lib/airport/pavement/asphalt_4D.pol
111  49.44227750  007.60817836
111  49.44204242  007.61127499
111  49.44230516  007.61132458
111  49.44234045  007.61132696
111  49.44235094  007.61126307
111  49.44239242  007.61122778
111  49.44253691  007.61088016
111  49.44232948  007.61083963
111  49.44235714  007.61042430
111  49.44258793  007.61047436
111  49.44262274  007.60993267
113  49.44273384  007.60826562
110 1 0.25 0.0000 lib/airport/pavement/asphalt_4D.pol
111  49.44160039  007.61182288
111  49.44154459  007.61264019
111  49.44193084  007.61269074
113  49.44199378  007.61189918
110 1 0.25 0.0000 lib/airport/pavement/asphalt_4D.pol
111  49.44330987  007.59811217
111  49.44323405  007.59924992
111  49.44354829  007.59928855
111  49.44353780  007.59843500
111  49.44351062  007.59843547
111  49.44351110  007.59829337
111  49.44354210  007.59829433
113  49.44353542  007.59810454
110 1 0.25 0.0000 lib/airport/pavement/asphalt_4D.pol
111  49.44290360  007.59469177
111  49.44293126  007.59581378
111  49.44342813  007.59578231
111  49.44339332  007.59398985
111  49.44320687  007.59398985
111  49.44321117  007.59421731
111  49.44296464  007.59422208
113  49.44296845  007.59468748
110 1 0.25 0.0000 lib/airport/pavement/asphalt_2L.pol
111  49.44285926  007.58918755
111  49.44286450  007.58936685
111  49.44258221  007.58938067
111  49.44233520  007.58991379
111  49.44236477  007.59076018
111  49.44334039  007.59073491
111  49.44329318  007.58967346
111  49.44312629  007.58967870
111  49.44312486  007.58951562
111  49.44334850  007.58951038
113  49.44333801  007.58919900
110 1 0.25 0.0000 lib/airport/pavement/asphalt_2L.pol
111  49.44236477  007.59076018
111  49.44244440  007.59304093
111  49.44269999  007.59325265
111  49.44272478  007.59408999
111  49.44282635  007.59408999
111  49.44287261  007.59403944
111  49.44294747  007.59313249
111  49.44301614  007.59299802
111  49.44310912  007.59299039
111  49.44318255  007.59284543
111  49.44316682  007.59228847
111  49.44330320  007.59228084
111  49.44338569  007.59215495
113  49.44334039  007.59073491
110 1 0.25 0.0000 lib/airport/pavement/asphalt_2D.pol
111  49.43167391  007.60095178
111  49.43178073  007.60202611
111  49.43219701  007.60191405
113  49.43212358  007.60089504
110 1 0.25 0.0000 lib/airport/pavement/asphalt_2D.pol
111  49.42785439  007.58777705
111  49.42785439  007.58788386
111  49.42789874  007.58788291
113  49.42789874  007.58777609
110 1 0.25 0.0000 lib/airport/pavement/asphalt_3D.pol
111  49.42431907  007.57473201
111  49.42425803  007.57482834
111  49.42402104  007.57480592
111  49.42395619  007.57496090
111  49.42412642  007.57519074
112  49.42392758  007.57565995  49.42390278  007.57572909
111  49.42380360  007.57609388
111  49.42358520  007.57617876
111  49.42355135  007.57636568
111  49.42376211  007.57662795
111  49.42376450  007.57688067
111  49.42350938  007.57777380
111  49.42360332  007.57788682
111  49.42380360  007.57789063
112  49.42389467  007.57797169  49.42391947  007.57800651
111  49.42402485  007.57815147
111  49.42411402  007.57799077
111  49.42401913  007.57783055
111  49.42392472  007.57761311
112  49.42390135  007.57738804  49.42391327  007.57732319
111  49.42401102  007.57718252
111  49.42401102  007.57699893
111  49.42398623  007.57687352
111  49.42389658  007.57676623
112  49.42391899  007.57631275  49.42394951  007.57617781
111  49.42403487  007.57597562
111  49.42417315  007.57595655
111  49.42422465  007.57579251
111  49.42421702  007.57564469
111  49.42416505  007.57554217
112  49.42434196  007.57511730  49.42442445  007.57497330
113  49.42454986  007.57484359
110 1 0.25 0.0000 lib/airport/pavement/asphalt_3D.pol
111  49.42436913  007.57830406
111  49.42438821  007.57818151
112  49.42445020  007.57807755  49.42449502  007.57805180
111  49.42456035  007.57811284
111  49.42463092  007.57796073
111  49.42463283  007.57776856
111  49.42455654  007.57758259
112  49.42446450  007.57758640  49.42440776  007.57762074
111  49.42433242  007.57779908
111  49.42439441  007.57788014
111  49.42431477  007.57800221
112  49.42425565  007.57806372  49.42422942  007.57807851
113  49.42418364  007.57807851
110 1 0.25 0.0000 lib/airport/pavement/asphalt_3D.pol
111  49.42505436  007.57940986
112  49.42505627  007.57960870  49.42502337  007.57969596
111  49.42487030  007.57958581
111  49.42475443  007.57981041
111  49.42481212  007.57989719
112  49.42480497  007.58021858  49.42485838  007.58030537
111  49.42510920  007.58024147
111  49.42517834  007.58010414
112  49.42518931  007.57974603  49.42518978  007.57963159
113  49.42527132  007.57967212
110 1 0.25 0.0000 lib/airport/pavement/asphalt_3D.pol
111  49.42357185  007.58261425
111  49.42365291  007.58286221
112  49.42359426  007.58312161  49.42361429  007.58327468
112  49.42376497  007.58332380  49.42384508  007.58330901
111  49.42391518  007.58314116
111  49.42390230  007.58296521
111  49.42376688  007.58280880
113  49.42375925  007.58258040
110 1 0.25 0.0000 lib/airport/pavement/asphalt_3D.pol
111  49.42576104  007.58224422
112  49.42582828  007.58228618  49.42584688  007.58231336
111  49.42585307  007.58239586
112  49.42587787  007.58264095  49.42587453  007.58271725
111  49.42579776  007.58290799
111  49.42588979  007.58301766
111  49.42598564  007.58301099
111  49.42617351  007.58275969
111  49.42599851  007.58249981
111  49.42598945  007.58233101
113  49.42602903  007.58223564
110 1 0.25 0.0000 lib/airport/pavement/asphalt_3D.pol
111  49.42392233  007.57800603
111  49.42350938  007.57884146
112  49.42331149  007.57933404  49.42326762  007.57948281
112  49.42324855  007.57983711  49.42325713  007.57996729
112  49.42309119  007.57997492  49.42307784  007.57998875
112  49.42308261  007.58038262  49.42307307  007.58040169
111  49.42319419  007.58038644
112  49.42326619  007.58045892  49.42330816  007.58051661
111  49.42328384  007.58060292
112  49.42299582  007.58181697  49.42299010  007.58199245
112  49.42308452  007.58233959  49.42301299  007.58235103
112  49.42291238  007.58231289  49.42290904  007.58231289
111  49.42282559  007.58244545
112  49.42291190  007.58265621  49.42296101  007.58273537
112  49.42328861  007.58273251  49.42336585  007.58279259
111  49.42340209  007.58296521
112  49.42357328  007.58365616  49.42366674  007.58391175
111  49.42412356  007.58428798
111  49.42452888  007.58457504
112  49.42459850  007.58464036  49.42462568  007.58469234
111  49.42459754  007.58474956
111  49.42443828  007.58520829
111  49.42424420  007.58507858
111  49.42415598  007.58508526
111  49.42408303  007.58534180
111  49.42411021  007.58549105
111  49.42441444  007.58570802
111  49.42484693  007.58447967
112  49.42493277  007.58446822  49.42497902  007.58447585
111  49.42499046  007.58459697
111  49.42496757  007.58468614
111  49.42505198  007.58487163
111  49.42516022  007.58485017
111  49.42541628  007.58459840
111  49.42527562  007.58426270
111  49.42511969  007.58432326
111  49.42486219  007.58415160
111  49.42502956  007.58360227
111  49.42525893  007.58357939
111  49.42529755  007.58341154
111  49.42519408  007.58305676
111  49.42534714  007.58253796
112  49.42538672  007.58236248  49.42540770  007.58232052
111  49.42543822  007.58229286
111  49.42514496  007.58234340
112  49.42520361  007.58238918  49.42522793  007.58241636
111  49.42523270  007.58248884
111  49.42475729  007.58402953
112  49.42462472  007.58402953  49.42456035  007.58397993
111  49.42455654  007.58379969
111  49.42445115  007.58373960
112  49.42431430  007.58391031  49.42428092  007.58406767
111  49.42440013  007.58414397
111  49.42463378  007.58428512
112  49.42469243  007.58441386  49.42466239  007.58448348
111  49.42460422  007.58446822
112  49.42415932  007.58417067  49.42394808  007.58399424
112  49.42363861  007.58359464  49.42349746  007.58329614
111  49.42344453  007.58269055
111  49.42357519  007.58261711
111  49.42355993  007.58243400
111  49.42328384  007.58246929
112  49.42307736  007.58181601  49.42307307  007.58161526
112  49.42336490  007.58056096  49.42337873  007.58047465
112  49.42334297  007.57946994  49.42341306  007.57921149
111  49.42355278  007.57892157
111  49.42395810  007.57816625
113  49.42402724  007.57814622
110 1 0.25 0.0000 lib/airport/pavement/asphalt_3D.pol
111  49.42375258  007.58239681
111  49.42372301  007.58215267
112  49.42379787  007.58194715  49.42380837  007.58174735
111  49.42375258  007.58169394
111  49.42475729  007.57982090
111  49.42487173  007.57958915
111  49.42500668  007.57934548
111  49.42492752  007.57925345
111  49.42437629  007.58028725
111  49.42404870  007.57983616
111  49.42379501  007.58031014
111  49.42413405  007.58076791
111  49.42367819  007.58162623
112  49.42355087  007.58172208  49.42346504  007.58174449
111  49.42340877  007.58171015
111  49.42337015  007.58187800
111  49.42353847  007.58220512
113  49.42355611  007.58243925
110 1 0.25 0.0000 lib/airport/pavement/asphalt_3D.pol
111  49.42410258  007.57824302
112  49.42412451  007.57832647  49.42412118  007.57837511
112  49.42407540  007.57847524  49.42401818  007.57855154
112  49.42397002  007.57850862  49.42392090  007.57852483
111  49.42389420  007.57863594
111  49.42380980  007.57884050
111  49.42390278  007.57893969
112  49.42400816  007.57900549  49.42403773  007.57902504
111  49.42413214  007.57901312
111  49.42419413  007.57885958
111  49.42415646  007.57856298
112  49.42420605  007.57848573  49.42423848  007.57845903
113  49.42428569  007.57846761
110 1 0.25 0.0000 lib/airport/pavement/asphalt_3D.pol
111  49.42562896  007.57985237
111  49.42563516  007.57955005
111  49.42584211  007.57870699
111  49.42617876  007.57743000
111  49.42630131  007.57693027
111  49.42632610  007.57646534
111  49.42687781  007.57672713
111  49.42692979  007.57685016
111  49.42687352  007.57698034
111  49.42670663  007.57701801
111  49.42666657  007.57718967
111  49.42679627  007.57739471
111  49.42697557  007.57745956
111  49.42709812  007.57750248
111  49.42717536  007.57747482
111  49.42730268  007.57700275
111  49.42743668  007.57701705
111  49.42789158  007.57726644
111  49.42851053  007.57760071
111  49.42867504  007.57771897
111  49.43013561  007.57922293
111  49.43020953  007.57906939
111  49.42940700  007.57822728
111  49.42943895  007.57793021
111  49.42910420  007.57752537
111  49.42879807  007.57759022
111  49.42855821  007.57740330
111  49.42783579  007.57702087
111  49.42778954  007.57668231
111  49.42767605  007.57662127
111  49.42759976  007.57666228
111  49.42753204  007.57678531
111  49.42744860  007.57677005
111  49.42737182  007.57672713
111  49.42734846  007.57658217
111  49.42745336  007.57621309
111  49.42748150  007.57607481
111  49.42725881  007.57595798
111  49.42715486  007.57594272
111  49.42695840  007.57595035
111  49.42693933  007.57609531
112  49.42702421  007.57640001  49.42697557  007.57639286
111  49.42689689  007.57647250
111  49.42642863  007.57620546
111  49.42642863  007.57608244
111  49.42684920  007.57436294
111  49.42698034  007.57444305
111  49.42695745  007.57463760
111  49.42706235  007.57469768
111  49.42715486  007.57464523
111  49.42725881  007.57437056
111  49.42732605  007.57416838
111  49.42722543  007.57395762
111  49.42711147  007.57394999
111  49.42710288  007.57413786
111  49.42706521  007.57425517
112  49.42697557  007.57419556  49.42691024  007.57414216
111  49.42692979  007.57403773
111  49.42703946  007.57356947
111  49.42717918  007.57350128
111  49.42721256  007.57332914
111  49.42721304  007.57309310
111  49.42715152  007.57299344
111  49.42732605  007.57221046
111  49.42746910  007.57216087
111  49.42750391  007.57199302
111  49.42750391  007.57188334
111  49.42740473  007.57175364
111  49.42752155  007.57104028
111  49.42767653  007.57094158
111  49.42766461  007.57075799
111  49.42763695  007.57068933
111  49.42749867  007.57060969
111  49.42740711  007.57035649
111  49.42741426  007.57022440
111  49.42758402  007.57017338
111  49.42768702  007.56992637
111  49.42774710  007.56970035
111  49.42758497  007.56953632
111  49.42748674  007.56954109
111  49.42738422  007.56969367
111  49.42737850  007.56986534
112  49.42734417  007.57004892  49.42729839  007.57007944
111  49.42720397  007.57001698
112  49.42703183  007.56987297  49.42695268  007.56980812
111  49.42683537  007.56977808
111  49.42674287  007.56947290
111  49.42662556  007.56944572
111  49.42652066  007.56971275
112  49.42627842  007.56974374  49.42621738  007.56975757
111  49.42603618  007.56980478
111  49.42590171  007.56960975
111  49.42578822  007.56967079
111  49.42578584  007.56995689
112  49.42547112  007.57026112  49.42534285  007.57040608
111  49.42517882  007.57061303
111  49.42489509  007.57058633
111  49.42480735  007.57071984
111  49.42492514  007.57097543
112  49.42474966  007.57152094  49.42472629  007.57162394
111  49.42469243  007.57178798
112  49.42456798  007.57196393  49.42447643  007.57205548
111  49.42436770  007.57203117
111  49.42432384  007.57220426
112  49.42446641  007.57236687  49.42448262  007.57247082
111  49.42448787  007.57253185
112  49.42443065  007.57283703  49.42441444  007.57299725
111  49.42440919  007.57319085
111  49.42416361  007.57341592
111  49.42415503  007.57359665
112  49.42437200  007.57386988  49.42437915  007.57400053
111  49.42438773  007.57434386
111  49.42431668  007.57473297
111  49.42449073  007.57481737
111  49.42529135  007.57519503
111  49.42544728  007.57527752
111  49.42546111  007.57539960
111  49.42532330  007.57576200
111  49.42548781  007.57593462
111  49.42561465  007.57592746
111  49.42565042  007.57575532
111  49.42565900  007.57560941
111  49.42561656  007.57544251
111  49.42566234  007.57533236
111  49.42619497  007.57559510
111  49.42623884  007.57537766
111  49.42574245  007.57512207
111  49.42573625  007.57479067
112  49.42580921  007.57466430  49.42582923  007.57456130
111  49.42578298  007.57449311
111  49.42569095  007.57443923
112  49.42558795  007.57454986  49.42556935  007.57462234
111  49.42559796  007.57472057
111  49.42558366  007.57482357
112  49.42550450  007.57498379  49.42545586  007.57498379
111  49.42540103  007.57492370
111  49.42517071  007.57476730
111  49.42509585  007.57447785
111  49.42499571  007.57442016
111  49.42491703  007.57443446
111  49.42483215  007.57454986
112  49.42463998  007.57446212  49.42455558  007.57438630
111  49.42456178  007.57427520
111  49.42456655  007.57326715
111  49.42469530  007.57306258
111  49.42471294  007.57288281
111  49.42470007  007.57275978
111  49.42462329  007.57265011
111  49.42477874  007.57192531
111  49.42495708  007.57187238
111  49.42501001  007.57172313
111  49.42502384  007.57151999
111  49.42497806  007.57134546
112  49.42516976  007.57094110  49.42529135  007.57073176
111  49.42537814  007.57067407
111  49.42555552  007.57077230
111  49.42565042  007.57067407
111  49.42569953  007.57059443
111  49.42566234  007.57037938
112  49.42627031  007.56999170  49.42645485  007.56994163
111  49.42684920  007.56998741
111  49.42698272  007.57008660
111  49.42691691  007.57037652
111  49.42700895  007.57047570
111  49.42718204  007.57034981
111  49.42735752  007.57063258
112  49.42740997  007.57085765  49.42740997  007.57100214
111  49.42737087  007.57112039
111  49.42711481  007.57229057
111  49.42689975  007.57234922
111  49.42685826  007.57252041
111  49.42697270  007.57269589
111  49.42677911  007.57364576
112  49.42667563  007.57392710  49.42661412  007.57394331
111  49.42655451  007.57394331
112  49.42640478  007.57375687  49.42631657  007.57375639
112  49.42625029  007.57389658  49.42623073  007.57400053
111  49.42625839  007.57424754
111  49.42636950  007.57429808
111  49.42650063  007.57419890
112  49.42660935  007.57421321  49.42665179  007.57425136
111  49.42663605  007.57439727
111  49.42608005  007.57674334
111  49.42585164  007.57696841
111  49.42580158  007.57713245
112  49.42595607  007.57744907  49.42595607  007.57746862
111  49.42569715  007.57850481
112  49.42561704  007.57852913  49.42559129  007.57843757
111  49.42547875  007.57833839
111  49.42538148  007.57829261
111  49.42522269  007.57816672
112  49.42511397  007.57818818  49.42514830  007.57831884
111  49.42525702  007.57866979
112  49.42541485  007.57875372  49.42546302  007.57870079
111  49.42563277  007.57874895
112  49.42568141  007.57882143  49.42565566  007.57886053
111  49.42561131  007.57902457
111  49.42551928  007.57943275
113  49.42535811  007.57953241
111  49.42719253  007.57685779
111  49.42721160  007.57699416
111  49.42711719  007.57725500
111  49.42698844  007.57706426
113  49.42707570  007.57684634
111  49.42730697  007.57637713
111  49.42725261  007.57651446
112  49.42716058  007.57659886  49.42709335  007.57654879
113  49.42721542  007.57630894
110 1 0.25 0.0000 lib/airport/pavement/asphalt_3D.pol
111  49.43035878  007.57687638
111  49.43026722  007.57694266
111  49.43041028  007.57738756
111  49.43035878  007.57742762
111  49.43050135  007.57781958
111  49.43053903  007.57779192
112  49.43054856  007.57789921  49.43053759  007.57794308
112  49.43049420  007.57796836  49.43047084  007.57798266
112  49.43041600  007.57799458  49.43038644  007.57799506
111  49.43037308  007.57798743
111  49.43042840  007.57807135
111  49.43046416  007.57817197
112  49.43047465  007.57810569  49.43049039  007.57807612
112  49.43057240  007.57802176  49.43060960  007.57797455
112  49.43062438  007.57791781  49.43063678  007.57786917
112  49.43062438  007.57782721  49.43062152  007.57780718
111  49.43060674  007.57775425
111  49.43065061  007.57772040
111  49.43051757  007.57732748
111  49.43047370  007.57736038
111  49.43043793  007.57725595
113  49.43047084  007.57721780
110 1 0.25 0.0000 lib/airport/pavement/asphalt_3D.pol
111  49.42675526  007.58121042
111  49.42706855  007.58058099
111  49.42714818  007.58053950
111  49.42743715  007.58093194
111  49.42772374  007.58046941
111  49.42737468  007.57999733
111  49.42765507  007.57950427
111  49.42742523  007.57922198
111  49.42729315  007.57922198
111  49.42722114  007.57937457
111  49.42734846  007.57953956
111  49.42732605  007.57969978
111  49.42711862  007.58009937
111  49.42704185  007.58008507
111  49.42693933  007.57995441
111  49.42691930  007.57981470
111  49.42699130  007.57963493
111  49.42667849  007.57919242
111  49.42634995  007.57924248
111  49.42623217  007.57917000
111  49.42620832  007.57899691
111  49.42607624  007.57879997
111  49.42584068  007.57870699
111  49.42579204  007.57891012
111  49.42594320  007.57895972
111  49.42602474  007.57927253
111  49.42613775  007.57927253
112  49.42629797  007.57948234  49.42632181  007.57952478
111  49.42642863  007.57948234
112  49.42657979  007.57943942  49.42660458  007.57940986
111  49.42668946  007.57952478
111  49.42670234  007.57969978
111  49.42655165  007.58021096
111  49.42663605  007.58031681
111  49.42684920  007.58020714
111  49.42695220  007.58032444
111  49.42695840  007.58040217
113  49.42662747  007.58105402
111  49.42728647  007.58012703
111  49.42743811  007.58032540
111  49.42743811  007.58048562
111  49.42735847  007.58054284
111  49.42726167  007.58042458
113  49.42721304  007.58026103
110 1 0.25 0.0000 lib/airport/pavement/asphalt_3D.pol
111  49.43238871  007.61091211
112  49.43231861  007.61111048  49.43225090  007.61113241
111  49.43216316  007.61109665
111  49.43137207  007.61079051
112  49.43131485  007.61060597  49.43133536  007.61050822
111  49.43142691  007.61048104
111  49.43144741  007.61030556
112  49.43129101  007.61010338  49.43120232  007.61008431
112  49.43101873  007.61035420  49.43099679  007.61050011
112  49.43075456  007.61051919  49.43068875  007.61044289
111  49.43066396  007.61038472
112  49.43072404  007.60991693  49.43070687  007.60977913
111  49.43060292  007.60959220
111  49.43041457  007.60965324
112  49.43032111  007.60993458  49.43032826  007.61004997
112  49.43045605  007.61025597  49.43045033  007.61036326
112  49.43016804  007.61048486  49.43013895  007.61077478
111  49.43037547  007.61085775
111  49.43055858  007.61089303
112  49.43073453  007.61093881  49.43076171  007.61107614
111  49.43072881  007.61114481
112  49.43054141  007.61151389  49.43044127  007.61165885
112  49.43016470  007.61204890  49.43007887  007.61225395
112  49.43003214  007.61277752  49.42993868  007.61280041
111  49.42979038  007.61280566
112  49.42987526  007.61251717  49.42986858  007.61232357
112  49.42966878  007.61232500  49.42960918  007.61233787
112  49.42956292  007.61259442  49.42957198  007.61275082
111  49.42970550  007.61321241
111  49.42989529  007.61318189
112  49.43002642  007.61302834  49.43010796  007.61300927
111  49.43038262  007.61296206
112  49.43045081  007.61313611  49.43043984  007.61323291
112  49.43041791  007.61347705  49.43045224  007.61356479
112  49.43060197  007.61360151  49.43066396  007.61356241
112  49.43072023  007.61333496  49.43071784  007.61316663
112  49.43060721  007.61304074  49.43061151  007.61298352
111  49.43069972  007.61294156
111  49.43289321  007.61277752
112  49.43295663  007.61280852  49.43299620  007.61284380
111  49.43303340  007.61289197
111  49.43287222  007.61240749
112  49.43282835  007.61256390  49.43279927  007.61258583
111  49.43265955  007.61259108
111  49.43204299  007.61264019
112  49.43191329  007.61235790  49.43190757  007.61224107
111  49.43205491  007.61212901
111  49.43205014  007.61183528
112  49.43178550  007.61171321  49.43168250  007.61174420
112  49.43164054  007.61203651  49.43165150  007.61221294
112  49.43177167  007.61238460  49.43177501  007.61252194
111  49.43166438  007.61266690
111  49.43069066  007.61273556
112  49.43061961  007.61257534  49.43062104  007.61247234
111  49.43067016  007.61239605
111  49.43066825  007.61222724
112  49.43052758  007.61203651  49.43040265  007.61204795
112  49.43040932  007.61242180  49.43046940  007.61258297
112  49.43033160  007.61274367  49.43026722  007.61275607
111  49.43022669  007.61266308
112  49.43023003  007.61213569  49.43029107  007.61198453
112  49.43059625  007.61162928  49.43068446  007.61150339
112  49.43103304  007.61093500  49.43106928  007.61102655
112  49.43095150  007.61136130  49.43094530  007.61153773
112  49.43104353  007.61168698  49.43110170  007.61170558
111  49.43121710  007.61160926
111  49.43125286  007.61133316
112  49.43130770  007.61104562  49.43134632  007.61100748
111  49.43142977  007.61104467
113  49.43256466  007.61146525
110 1 0.25 0.0000 lib/airport/pavement/asphalt_3D.pol
111  49.43094816  007.60655566
112  49.43118849  007.60718271  49.43123999  007.60728857
111  49.43115463  007.60739920
111  49.43085613  007.60764668
111  49.43078603  007.60789559
111  49.43099632  007.60809348
111  49.43109789  007.60802052
112  49.43121328  007.60774205  49.43127575  007.60769245
111  49.43133249  007.60771439
111  49.43232862  007.61074044
111  49.43287032  007.61242418
111  49.43418545  007.61655461
111  49.43425889  007.61665618
111  49.43422169  007.61697280
111  49.43457313  007.61732757
112  49.43446775  007.61743963  49.43435712  007.61744583
111  49.43434329  007.61825551
111  49.43429990  007.61833944
111  49.43426509  007.61833944
111  49.43425889  007.61875525
111  49.43451591  007.61877813
111  49.43452735  007.61837377
111  49.43449779  007.61836232
111  49.43447776  007.61828269
112  49.43454356  007.61770619  49.43462463  007.61744965
112  49.43469520  007.61738575  49.43475338  007.61726368
111  49.43468042  007.61693179
112  49.43450351  007.61664569  49.43439622  007.61654650
111  49.43433280  007.61635481
111  49.43359131  007.61406310
112  49.43381161  007.61365635  49.43383783  007.61344511
111  49.43372816  007.61227779
111  49.43356508  007.61185054
111  49.43303531  007.61228160
111  49.43258659  007.61098602
112  49.43257706  007.61085918  49.43259136  007.61081960
111  49.43264668  007.61077859
112  49.43307631  007.61039855  49.43311732  007.61036278
111  49.43317979  007.61053731
111  49.43332093  007.61095169
111  49.43348783  007.61080196
111  49.43333667  007.61036278
111  49.43336957  007.61025359
111  49.43316215  007.60973239
111  49.43296521  007.60991550
111  49.43306296  007.61017491
111  49.43258993  007.61059548
112  49.43251507  007.61062505  49.43247168  007.61061456
111  49.43246357  007.61056258
112  49.43197385  007.60905051  49.43192760  007.60890173
111  49.43204871  007.60881542
111  49.43270485  007.60817311
112  49.43285840  007.60813163  49.43289178  007.60821031
111  49.43288415  007.60834621
111  49.43280547  007.60853075
111  49.43286603  007.60868429
111  49.43313735  007.60860037
111  49.43316453  007.60842632
111  49.43272822  007.60733053
111  49.43263666  007.60734197
111  49.43241302  007.60755560
111  49.43247215  007.60770771
111  49.43263428  007.60773823
111  49.43270247  007.60791371
111  49.43203393  007.60857796
112  49.43192617  007.60865425  49.43187753  007.60865377
111  49.43185178  007.60856651
111  49.43152562  007.60761616
111  49.43183509  007.60735294
111  49.43171349  007.60692092
111  49.43142834  007.60714599
111  49.43126717  007.60696765
113  49.43108310  007.60650368
110 1 0.25 0.0000 lib/airport/pavement/asphalt_3D.pol
111  49.43390555  007.61558518
112  49.43366283  007.61589036  49.43352979  007.61604200
111  49.43344110  007.61587510
111  49.43314307  007.61635338
111  49.43337005  007.61668002
111  49.43366617  007.61619936
112  49.43389124  007.61619173  49.43394703  007.61614500
113  49.43405194  007.61603151
110 1 0.25 0.0000 lib/airport/pavement/asphalt_1D.pol
111  49.43449779  007.61836232
111  49.43455207  007.61830039
111  49.43456811  007.61822518
111  49.43491381  007.61849643
111  49.43502693  007.61982487
111  49.43510393  007.61980020
111  49.43497559  007.61833493
111  49.43457290  007.61817953
111  49.43447105  007.61808511
113  49.43447776  007.61828269
110 1 0.25 0.0000 lib/airport/pavement/asphalt_3D.pol
111  49.43111744  007.61288434
112  49.43107071  007.61318570  49.43106594  007.61330396
111  49.43101635  007.61389525
112  49.43082895  007.61389143  49.43076028  007.61387760
112  49.43078031  007.61416991  49.43077649  007.61429341
111  49.43072166  007.61433776
111  49.43063678  007.61430629
111  49.43051137  007.61426909
111  49.43042935  007.61479171
111  49.43069448  007.61485561
112  49.43072166  007.61510452  49.43073262  007.61529908
111  49.43053473  007.61547837
111  49.43049277  007.61576734
112  49.43060912  007.61589847  49.43068351  007.61597810
112  49.43084420  007.61578737  49.43087758  007.61571250
111  49.43087520  007.61551652
111  49.43095150  007.61528382
112  49.43135157  007.61556992  49.43145743  007.61556992
111  49.43197671  007.61533627
111  49.43215553  007.61527237
111  49.43234579  007.61527714
112  49.43255179  007.61512121  49.43271391  007.61507830
111  49.43282216  007.61552415
111  49.43270295  007.61571918
111  49.43296092  007.61609255
111  49.43326944  007.61558137
111  49.43308299  007.61531434
112  49.43286269  007.61503586  49.43282311  007.61491379
111  49.43293565  007.61486849
111  49.43359035  007.61460384
111  49.43344635  007.61416896
112  49.43343156  007.61435206  49.43341487  007.61441691
111  49.43337387  007.61444839
111  49.43281071  007.61464675
111  49.43269102  007.61443694
111  49.43279307  007.61413558
111  49.43265478  007.61392624
112  49.43242304  007.61434539  49.43240587  007.61448939
112  49.43261807  007.61468490  49.43266861  007.61477646
111  49.43259232  007.61483749
111  49.43227235  007.61496624
111  49.43221656  007.61464675
111  49.43194190  007.61475118
111  49.43199674  007.61510071
112  49.43138638  007.61531720  49.43125000  007.61532101
111  49.43092002  007.61489614
111  49.43111029  007.61488327
112  49.43123999  007.61506638  49.43133822  007.61508688
112  49.43143359  007.61487087  49.43144694  007.61477264
111  49.43136587  007.61462673
111  49.43142691  007.61427291
111  49.43137636  007.61350519
111  49.43123236  007.61347610
112  49.43124046  007.61318236  49.43124380  007.61308699
113  49.43133154  007.61287671
110 1 0.25 0.0000 lib/airport/pavement/asphalt_3D.pol
111  49.44052176  007.60124886
112  49.44042878  007.60131371  49.44039683  007.60135710
111  49.44039397  007.60142481
111  49.44040303  007.60175288
111  49.44075160  007.60172284
113  49.44074588  007.60122883
110 1 0.25 0.0000 lib/airport/pavement/asphalt_3D.pol
111  49.44102007  007.60281720
111  49.44071059  007.60287871
111  49.44047885  007.60297265
111  49.44045500  007.60294451
111  49.44032387  007.60302749
112  49.44040064  007.60314622  49.44040637  007.60319057
112  49.44037680  007.60328641  49.44035964  007.60330024
111  49.44032292  007.60332456
111  49.44034581  007.60340467
112  49.44041972  007.60333934  49.44044356  007.60330882
112  49.44046025  007.60317578  49.44045930  007.60313764
111  49.44045596  007.60308852
111  49.44050317  007.60313096
111  49.44064670  007.60310235
111  49.44065576  007.60303845
111  49.44067531  007.60306897
111  49.44105726  007.60304894
111  49.44111686  007.60287966
111  49.44115168  007.60293212
111  49.44117599  007.60345569
111  49.44125992  007.60343900
111  49.44123035  007.60279049
113  49.44114595  007.60279479
110 1 0.25 0.0000 lib/airport/pavement/asphalt_3D.pol
112  49.43991855  007.60344663  49.43987755  007.60334220
111  49.43991474  007.60328403
111  49.43976835  007.60337653
112  49.43990234  007.60358253  49.43996910  007.60363355
111  49.44003634  007.60358349
113  49.44001535  007.60350719
110 1 0.25 0.0000 lib/airport/pavement/asphalt_3D.pol
111  49.43831518  007.58858101
111  49.43849495  007.58894484
111  49.43864024  007.58881069
111  49.43893317  007.58950097
111  49.43946951  007.58892623
111  49.43944327  007.58793690
111  49.43897990  007.58774605
111  49.43868235  007.58725443
112  49.43864039  007.58628977  49.43863180  007.58591306
111  49.43867663  007.58573806
111  49.43869570  007.58613956
111  49.43873385  007.58613956
111  49.43872479  007.58570563
111  49.43905047  007.58570993
111  49.43903950  007.58551442
111  49.43896941  007.58551251
112  49.43891076  007.58537613  49.43891076  007.58531128
112  49.43906716  007.58518969  49.43918590  007.58512102
111  49.43935830  007.58512484
111  49.43935640  007.58502232
112  49.43913011  007.58505999  49.43901757  007.58509670
112  49.43892554  007.58518063  49.43883923  007.58525692
111  49.43875578  007.58537804
111  49.43870762  007.58532797
112  49.43859938  007.58550298  49.43855217  007.58560550
111  49.43852165  007.58573758
111  49.43858650  007.58577478
112  49.43855503  007.58629645  49.43855980  007.58649863
111  49.43855980  007.58657588
111  49.43820455  007.58658970
111  49.43822124  007.58744850
111  49.43864516  007.58741751
111  49.43888978  007.58784523
113  49.43882397  007.58794919
110 1 0.25 0.0000 lib/airport/pavement/asphalt_6L.pol
112  49.43021239  007.58504425  49.43021143  007.58507763
111  49.43021954  007.58551013
111  49.43047751  007.58550536
111  49.43047847  007.58529650
111  49.43057622  007.58529555
111  49.43057288  007.58503758
111  49.43042792  007.58503805
111  49.43048896  007.58486210
111  49.43040789  007.58495556
111  49.43031443  007.58497559
113  49.43018139  007.58497082
110 1 0.25 0.0000 lib/airport/pavement/asphalt_6L.pol
111  49.43033255  007.58420501
111  49.43026770  007.58215553
111  49.43031634  007.58187324
111  49.43055095  007.58127146
111  49.43046130  007.58085088
112  49.43039836  007.58058766  49.43033875  007.58049373
111  49.43013800  007.58040551
111  49.42999018  007.58057002
112  49.43016375  007.58098964  49.43024338  007.58106069
111  49.43035878  007.58106069
112  49.43042506  007.58111124  49.43044604  007.58116894
111  49.43042840  007.58122616
111  49.43024433  007.58168345
111  49.43016089  007.58195859
111  49.43005360  007.58194715
112  49.42987526  007.58169108  49.42980421  007.58167582
111  49.42956531  007.58184749
111  49.42956579  007.58214885
112  49.42984808  007.58230526  49.42992580  007.58228237
111  49.43004978  007.58215267
111  49.43014944  007.58223659
111  49.43017758  007.58316358
112  49.43008888  007.58327802  49.43002022  007.58325561
111  49.42998064  007.58316787
112  49.42984093  007.58312924  49.42977035  007.58313354
111  49.42958915  007.58321698
111  49.42959106  007.58351453
112  49.42987335  007.58360275  49.42993391  007.58359894
111  49.43007267  007.58344587
111  49.43019665  007.58356031
111  49.43021668  007.58411631
114  49.43016136  007.58422026  49.43016136  007.58422456
110 1 0.25 0.0000 lib/airport/pavement/asphalt_2D.pol
111  49.42800889  007.58647049
111  49.42794785  007.58636606
111  49.42774805  007.58636988
111  49.42774281  007.58881371
111  49.42832980  007.58879320
111  49.42833505  007.58857290
112  49.42829976  007.58851091  49.42827544  007.58848993
111  49.42823873  007.58849088
111  49.42785868  007.58850376
111  49.42786345  007.58726444
111  49.42789206  007.58726396
111  49.42789778  007.58844987
111  49.42831979  007.58843986
112  49.42836461  007.58847467  49.42838083  007.58850185
111  49.42838750  007.58855001
111  49.42839084  007.58888952
111  49.42798171  007.58890574
111  49.42797837  007.58898251
111  49.42851053  007.58896773
111  49.42844854  007.58886711
111  49.42844520  007.58845846
111  49.42847381  007.58845846
111  49.42847286  007.58835164
111  49.42844472  007.58835164
111  49.42844329  007.58802691
111  49.42847047  007.58802739
111  49.42847000  007.58795157
111  49.42844282  007.58795157
111  49.42844043  007.58767977
111  49.42846666  007.58767834
111  49.42846666  007.58755102
111  49.42844234  007.58755102
113  49.42843042  007.58647145
110 1 0.25 0.0000 lib/airport/pavement/asphalt_2D.pol
111  49.42821298  007.58451448
111  49.42815480  007.58453689
111  49.42811189  007.58470092
111  49.42830119  007.58481632
111  49.42820106  007.58519970
111  49.42824302  007.58523928
111  49.42832217  007.58491598
112  49.42834649  007.58488451  49.42836223  007.58487688
111  49.42838321  007.58488880
111  49.42858968  007.58499895
111  49.42855297  007.58514773
111  49.42859636  007.58516442
111  49.42852627  007.58540761
111  49.42798695  007.58518063
111  49.42797313  007.58523976
111  49.42855535  007.58547723
113  49.42873178  007.58483587
110 1 0.25 0.0000 lib/airport/pavement/asphalt_2D.pol
111  49.43003595  007.59772355
111  49.43017472  007.59966525
111  49.43024147  007.60013209
111  49.43032874  007.60150254
112  49.43045081  007.60169232  49.43047274  007.60173524
111  49.43050660  007.60176862
111  49.43096628  007.60087978
111  49.43086471  007.59959277
111  49.43070163  007.59962472
111  49.43081083  007.60099279
112  49.43056525  007.60130798  49.43046893  007.60123455
111  49.43042649  007.60112869
113  49.43014277  007.59769923
110 1 0.25 0.0000 lib/airport/pavement/asphalt_2D.pol
111  49.43054570  007.59755808
111  49.42947471  007.59776646
112  49.42939078  007.59775025  49.42936408  007.59772879
111  49.42932879  007.59767109
111  49.42935693  007.59803874
112  49.42939269  007.59789616  49.42941796  007.59786088
111  49.42948186  007.59784943
113  49.43055428  007.59762579
110 1 0.25 0.0000 lib/airport/pavement/asphalt_2D.pol
111  49.43021906  007.59990177
111  49.42971790  007.59998951
111  49.42982757  007.60185969
111  49.42984951  007.60219682
112  49.42976034  007.60233415  49.42965734  007.60237230
111  49.42941939  007.60238613
111  49.42937791  007.60196317
111  49.42928254  007.60178244
111  49.42913662  007.60183347
111  49.42909705  007.60203279
111  49.42912518  007.60243858
111  49.42875992  007.60250725
112  49.42865930  007.60246767  49.42861782  007.60242428
111  49.42859493  007.60235847
111  49.42832217  007.60151684
111  49.42868315  007.60147107
111  49.42869745  007.60045872
111  49.42853437  007.60035191
111  49.42817721  007.59968147
111  49.42813096  007.59923800
111  49.42798648  007.59923133
111  49.42815385  007.59999475
111  49.42813096  007.60038004
111  49.42793069  007.60042964
111  49.42792592  007.60127985
112  49.42800555  007.60143673  49.42808852  007.60144007
111  49.42820487  007.60142243
111  49.42855344  007.60252251
111  49.42838130  007.60256542
111  49.42828832  007.60242189
111  49.42814908  007.60248817
111  49.42818246  007.60267510
112  49.42809949  007.60267128  49.42805848  007.60265555
111  49.42801938  007.60261215
111  49.42807183  007.60287347
112  49.42812476  007.60277476  49.42815480  007.60274138
111  49.42819438  007.60273947
111  49.42822919  007.60289874
111  49.42837224  007.60283627
111  49.42840038  007.60272183
111  49.42884146  007.60264172
111  49.42887388  007.60277428
111  49.42902218  007.60271944
111  49.42907034  007.60258831
111  49.42996157  007.60249437
111  49.43005360  007.60258068
111  49.43010891  007.60255398
111  49.43050660  007.60176814
111  49.43045129  007.60169232
111  49.43043746  007.60178769
111  49.43028057  007.60208763
112  49.43013514  007.60222210  49.43003786  007.60224928
111  49.43001879  007.60212291
111  49.42993868  007.60176194
111  49.42982900  007.60010920
113  49.43023909  007.60003529
111  49.42838989  007.60026179
111  49.42835555  007.60126078
112  49.42828498  007.60140192  49.42823491  007.60139811
111  49.42818294  007.60108816
114  49.42820630  007.59996757  49.42821202  007.59983024
110 1 0.25 0.0000 lib/airport/pavement/asphalt_2D.pol
111  49.43063153  007.60193599
112  49.43069686  007.60235418  49.43071450  007.60249151
111  49.43063868  007.60260786
111  49.43155852  007.60227264
111  49.43140927  007.60210002
111  49.43138972  007.60196222
111  49.43108883  007.60208238
113  49.43104114  007.60179103
110 1 0.25 0.0000 lib/airport/pavement/asphalt_2D.pol
111  49.42774138  007.58908312
111  49.42798076  007.58907549
112  49.42805419  007.58908408  49.42807708  007.58909457
111  49.42807612  007.58917945
111  49.42808280  007.58968204
111  49.42806754  007.59001583
112  49.42808280  007.59374857  49.42808280  007.59380007
111  49.42799029  007.59377909
111  49.42773470  007.59360170
111  49.42773279  007.59365511
111  49.42800221  007.59387255
111  49.42809663  007.59471943
111  49.42798362  007.59922847
111  49.42812810  007.59924659
111  49.42924964  007.59943828
112  49.42940127  007.59938392  49.42943990  007.59931144
111  49.42945230  007.59916552
111  49.42933881  007.59774071
111  49.42925250  007.59628634
112  49.42923819  007.59612230  49.42922961  007.59604696
111  49.42919671  007.59597829
111  49.42885147  007.59546616
112  49.42893397  007.59527924  49.42893730  007.59527542
111  49.42883955  007.59511902
111  49.42873560  007.59523728
111  49.42821965  007.59455157
112  49.42817817  007.59406233  49.42819200  007.59400511
111  49.42826209  007.59402895
111  49.42929065  007.59427596
111  49.42932402  007.59387923
111  49.43025959  007.59386492
111  49.43027962  007.59374285
111  49.42929446  007.59378290
112  49.42914569  007.59369707  49.42909180  007.59365034
111  49.42909466  007.59354353
111  49.42918240  007.59343194
111  49.42918669  007.59326505
111  49.42909466  007.59324884
111  49.42909466  007.59246872
111  49.42917334  007.59236763
111  49.42917668  007.59219692
111  49.42908799  007.59211776
111  49.42906605  007.59143015
111  49.42915141  007.59135290
111  49.42915141  007.59117742
111  49.42905938  007.59104105
111  49.42905318  007.59035821
111  49.42914521  007.59024662
111  49.42914187  007.59007114
111  49.42904412  007.58993477
111  49.42904412  007.58918326
111  49.42910086  007.58905642
111  49.42977655  007.58904211
111  49.43043936  007.59007114
111  49.43042458  007.59226940
111  49.43047751  007.59226272
111  49.43049229  007.58999867
111  49.43017329  007.58949989
111  49.43017805  007.58919947
112  49.43057431  007.58856527  49.43057717  007.58856432
111  49.43100681  007.58924430
111  49.43138161  007.58943504
111  49.43148604  007.58892767
111  49.43116512  007.58878176
111  49.43098487  007.58901541
111  49.43063582  007.58845846
111  49.43096580  007.58792344
111  49.43069591  007.58747044
111  49.42975271  007.58891718
111  49.42904030  007.58895438
111  49.42903744  007.58885042
111  49.42892967  007.58885805
111  49.42893492  007.58895438
113  49.42774138  007.58898775
111  49.42884957  007.58907549
112  49.42896735  007.58932155  49.42897211  007.58950370
111  49.42885815  007.58959525
111  49.42827544  007.58960670
112  49.42818246  007.58934729  49.42819104  007.58915274
113  49.42824159  007.58911459
111  49.42891728  007.58982700
112  49.42892538  007.59192702  49.42892252  007.59219596
111  49.42895161  007.59359789
112  49.42848526  007.59392500  49.42801842  007.59383631
112  49.42830453  007.59346628  49.42830453  007.59341764
111  49.42830167  007.59329175
111  49.42820440  007.59318399
111  49.42819629  007.59245728
111  49.42829595  007.59238861
111  49.42829595  007.59222744
111  49.42819629  007.59215495
111  49.42818389  007.59141489
111  49.42829404  007.59135004
111  49.42829356  007.59116407
111  49.42818628  007.59111257
111  49.42818389  007.59032673
111  49.42827544  007.59025044
111  49.42827830  007.59008450
111  49.42817960  007.59001583
112  49.42819915  007.58979457  49.42824445  007.58973545
114  49.42861687  007.58968204  49.42873369  007.58968395
112  49.43034924  007.58875601  49.43027915  007.58885901
112  49.43009747  007.58889620  49.43002785  007.58879892
112  49.43018139  007.58852045  49.43024433  007.58843557
114  49.43041886  007.58837549  49.43047847  007.58845083
111  49.42820678  007.59467365
112  49.42910849  007.59595541  49.42914616  007.59604124
112  49.42916667  007.59611563  49.42915093  007.59618715
112  49.42882572  007.59636740  49.42883764  007.59670596
112  49.42923009  007.59677844  49.42923629  007.59694152
112  49.42928969  007.59774453  49.42928683  007.59774834
112  49.42937982  007.59903391  49.42935454  007.59916648
112  49.42927014  007.59920176  49.42920863  007.59923896
112  49.42903840  007.59918936  49.42902552  007.59918078
112  49.42818198  007.59900530  49.42807279  007.59896048
113  49.42812476  007.59841115
110 1 0.25 0.0000 lib/airport/pavement/asphalt_2D.pol
111  49.43042506  007.59226558
112  49.43030108  007.59266995  49.43030776  007.59268425
111  49.43023432  007.59389925
111  49.43070449  007.59962806
111  49.43219749  007.59932288
112  49.43237774  007.59927234  49.43242495  007.59923037
111  49.43241636  007.59906348
111  49.43188897  007.59247540
112  49.43185655  007.59221122  49.43184176  007.59208343
111  49.43170872  007.59211681
111  49.43057288  007.59231613
113  49.43047751  007.59226082
111  49.43224422  007.59888514
112  49.43205682  007.59921988  49.43184987  007.59926280
111  49.43179122  007.59900149
111  49.43130007  007.59244202
112  49.43154088  007.59225509  49.43174115  007.59222744
113  49.43173209  007.59241436
112  49.43128433  007.59534409  49.43125429  007.59541276
111  49.43125715  007.59555772
111  49.43151036  007.59899195
112  49.43118467  007.59929999  49.43085517  007.59936484
112  49.43085851  007.59915980  49.43082847  007.59911402
112  49.43044032  007.59394026  49.43044032  007.59392119
112  49.43053759  007.59355020  49.43054952  007.59353971
111  49.43047799  007.59255264
112  49.43078603  007.59238003  49.43094911  007.59236191
113  49.43111029  007.59240291
110 2 0.00 0.0000 New Taxiway 15
111  49.44080357  007.60475579
112  49.44047383  007.60439359  49.44020895  007.60450522
111  49.44025971  007.60486116
114  49.44058088  007.60523653  49.44085067  007.60515092
110 2 0.00 0.0000 New Taxiway 24
111  49.43182784  007.57804902
111  49.43158442  007.57818034
111  49.43167837  007.57859401
113  49.43192179  007.57843642
110 3 0.00 0.0000 New Taxiway 23
111  49.43213101  007.57313661
111  49.43188313  007.57317087
111  49.43189644  007.57336314
113  49.43214029  007.57332887
110 3 0.00 0.0000 New Taxiway 22
111  49.43583468  007.56990351
111  49.43546571  007.56990716
111  49.43547099  007.57011737
113  49.43583523  007.57010392
110 3 0.00 0.0000 New Taxiway 21
111  49.43811290  007.62490687
111  49.43772941  007.62493493
111  49.43774150  007.62521937
113  49.43812665  007.62517817
110 3 0.00 0.0000 New Taxiway 21
111  49.43705301  007.62797014
111  49.43667379  007.62805730
111  49.43670297  007.62834830
113  49.43709239  007.62826771
110 2 0.00 0.0000 New Taxiway 8
111  49.43590135  007.58089310
112  49.43561547  007.58113732  49.43554136  007.58134355
112  49.43558018  007.58166917  49.43560489  007.58173972
111  49.43564018  007.58181570
113  49.43596135  007.58246152
110 2 0.00 0.0000 New Taxiway 1
111  49.43277426  007.58364059 1 102
112  49.43261062  007.58393400  49.43256041  007.58397726 1 102
111  49.43251897  007.58398906 1 102
111  49.42950312  007.58427071 1 102
112  49.42929342  007.58422891  49.42922879  007.58417375 1 102
111  49.42904624  007.58399048 1 102
111  49.42781705  007.58249203 1 102
111  49.42779630  007.58223680 1 102
111  49.42747984  007.58179812 1 102
111  49.42724638  007.58180184 1 102
111  49.42411525  007.57799404
111  49.42402469  007.57815321 1 102
111  49.42711150  007.58194167 1 102
111  49.42684717  007.58218251 1 102
111  49.42600128  007.58200548 1 102
112  49.42579377  007.58201236  49.42565312  007.58203024 1 102
111  49.42553956  007.58206929 1 102
111  49.42356071  007.58243718
111  49.42357334  007.58261959 1 102
111  49.42576264  007.58224475 1 102
112  49.42603049  007.58223851  49.42604087  007.58223851 1 102
111  49.42770292  007.58262759 1 102
111  49.42896489  007.58411896 1 102
112  49.42924128  007.58437532  49.42937309  007.58447018 1 102
111  49.42951331  007.58445593 1 102
112  49.43253844  007.58420095  49.43265240  007.58419421 1 102
113  49.43284276  007.58439659
110 2 0.10 0.0000 New Taxiway 12
111  49.43946951  007.58892623
111  49.43914304  007.58926691
111  49.43941209  007.59613365
111  49.43986083  007.59661399
111  49.44054101  007.59658620
111  49.44054971  007.59675538
111  49.44122129  007.59684065
111  49.44237111  007.59637698
111  49.44279168  007.59632374
111  49.44270048  007.59325227
111  49.44244512  007.59304189
111  49.44233568  007.58991432
111  49.44258192  007.58938137
111  49.44286464  007.58936735
111  49.44269671  007.58515083
111  49.44308792  007.58512224
111  49.44295350  007.58072199
111  49.44278928  007.58072089
111  49.44278457  007.58044357
111  49.44222443  007.58049105
111  49.44223764  007.58242651
111  49.44045270  007.58257540
111  49.44038804  007.58061359
111  49.44017584  007.58026042
111  49.43917653  007.58032049
111  49.43925377  007.58232151
113  49.43929232  007.58342979
110 2 0.10 0.0000 New Taxiway 11
111  49.43641753  007.58425759 1 102
112  49.43653933  007.58397975  49.43660067  007.58392853 1 102
111  49.43667649  007.58392182 1 102
111  49.43830513  007.58376349 1 102
112  49.43858593  007.58361236  49.43868100  007.58349344 1 102
111  49.43872229  007.58342872 1 102
111  49.43894161  007.58307707 1 102
112  49.43917363  007.58303598  49.43925821  007.58313180 1 102
111  49.43929232  007.58342979
111  49.43925377  007.58232151 1 102
112  49.43919901  007.58249686  49.43915640  007.58256982 1 102
111  49.43911477  007.58258322 1 102
112  49.43890520  007.58266430  49.43881288  007.58271444 1 102
111  49.43876222  007.58283122 1 102
112  49.43850169  007.58325252  49.43839032  007.58342675 1 102
111  49.43822557  007.58341085 1 102
111  49.43665309  007.58356919 1 102
112  49.43649874  007.58352181  49.43645694  007.58348342 1 102
113  49.43638329  007.58330780
110 2 0.10 0.0000 New Taxiway 10
111  49.43705694  007.59942781 1 102
111  49.43986083  007.59661399
111  49.43941209  007.59613365 1 102
111  49.43746558  007.59809839 1 102
112  49.43725271  007.59812960  49.43717187  007.59807960 1 102
113  49.43698389  007.59774428
110 2 0.10 0.0000 New Taxiway 9
111  49.44373815  007.61760800 1
111  49.44463390  007.61759216 1
111  49.44462045  007.61617944 1
113  49.44369182  007.61623039 1
110 2 0.10 0.0000 New Taxiway 8
111  49.44098726  007.61509932
112  49.44088271  007.61534910  49.44078507  007.61550901
111  49.44057632  007.61555414
111  49.43976253  007.61570500 1
112  49.43985101  007.61577486  49.43987544  007.61581769 1
111  49.43985420  007.61593104 1
111  49.43986389  007.61651731
111  49.43986910  007.61673528 1
111  49.43998124  007.61945630 1
111  49.44294619  007.61924717 1
111  49.44294314  007.61882427 1
112  49.44304364  007.61863030  49.44309512  007.61858147 1
111  49.44316703  007.61859473 1
111  49.44356898  007.61853835 1
112  49.44371755  007.61842296  49.44377086  007.61832939 1
111  49.44376768  007.61815900 1
111  49.44361009  007.61382813 1
112  49.44352810  007.61362011  49.44347946  007.61351088 1
111  49.44332683  007.61354490 1
113  49.44108170  007.61381760
110 2 0.10 0.0000 New Taxiway 7
111  49.43598526  007.58325907 1 102
112  49.43570353  007.58361994  49.43562310  007.58366463 1 102
111  49.43552113  007.58367093 1 102
111  49.43374688  007.58382391 1 102
112  49.43346771  007.58380357  49.43335430  007.58378062 1 102
111  49.43317405  007.58359985
111  49.43325659  007.58457516 1 102
112  49.43353538  007.58431434  49.43366323  007.58424044 1 102
111  49.43383659  007.58418230 1 102
111  49.43553052  007.58402788 1 102
112  49.43571532  007.58405337  49.43580772  007.58408452 1 102
113  49.43603282  007.58433003
110 2 0.10 0.0000 New Taxiway 5
111  49.43815264  007.61595142 1 102
111  49.43825138  007.61582126 1 102
111  49.43976253  007.61570500
111  49.44057632  007.61555414
112  49.44088271  007.61534910  49.44098035  007.61518919
111  49.44098726  007.61509932
111  49.44108170  007.61381760 1 102
111  49.44123298  007.61175310 2
111  49.44221500  007.59863400 1 102
111  49.44237111  007.59637698
111  49.44122129  007.59684065 1
111  49.44093021  007.60069156 1 102
111  49.44183996  007.60081870 1 102
111  49.44124471  007.60877006 1 102
111  49.44085715  007.60872428
111  49.44083959  007.60911654 1 102
111  49.44121438  007.60916827 1 102
111  49.44091141  007.61310274 1
111  49.44022995  007.61303404 1
111  49.44018480  007.61394528 1
111  49.44088119  007.61400502 1 102
111  49.44085328  007.61491639 1 102
112  49.44076838  007.61517331  49.44068928  007.61528356 1 102
111  49.44057725  007.61529885 1 102
112  49.43808775  007.61554008  49.43796475  007.61552494 1 102
113  49.43770379  007.61510265
110 2 0.10 0.0000 New Taxiway 6
111  49.43280700  007.57958552 1 102
112  49.43303753  007.57891979  49.43318013  007.57867784 1 102
111  49.43326968  007.57857560 1 102
111  49.43518870  007.57621714 1 102
112  49.43541921  007.57618236  49.43554554  007.57620333 1 102
111  49.43571208  007.57653558
111  49.43567402  007.57562159 1 102
111  49.43523463  007.57564358 1 102
113  49.43273170  007.57878949
110 2 0.10 0.0000 New Taxiway 4
111  49.43659598  007.62250928 1 102
111  49.43885857  007.62202791 1 102
111  49.43859540  007.61681935 1 102
111  49.43879796  007.61680000 1 102
111  49.43881235  007.61720955 1 102
111  49.43921989  007.61717986 1 102
111  49.43946614  007.61674195 1 102
111  49.43986910  007.61673528
111  49.43986389  007.61651731 1 102
111  49.43833986  007.61663661 1 102
111  49.43805593  007.61611828 1 102
111  49.43815264  007.61595142
111  49.43770379  007.61510265
111  49.43778843  007.61711229 1 102
112  49.43802361  007.61688462  49.43814450  007.61684106 1 102
111  49.43818983  007.61690476 1 102
112  49.43849679  007.61915359  49.43857763  007.62099267 1 102
111  49.43841959  007.62157552 1 102
112  49.43755757  007.62197253  49.43702418  007.62211127 1 102
113  49.43653752  007.62184359
110 2 0.10 0.0000 New Taxiway 3
111  49.43735942  007.61619720 1 102
112  49.43673220  007.61668200  49.43622395  007.61676295 1 102
111  49.43606017  007.61646723
111  49.43614962  007.61747344 1 102
112  49.43676624  007.61702080  49.43715416  007.61694789 1 102
113  49.43738859  007.61697960
110 2 0.10 0.0000 New Taxiway 2
111  49.43664859  007.59900502 1 102
112  49.43499376  007.60040686  49.43480266  007.60042561 1 102
111  49.43463274  007.60029788
111  49.43474060  007.60141557 1 102
112  49.43573467  007.60031627  49.43657596  007.59966454 1 102
113  49.43668795  007.60003147
110 2 0.10 0.0000 New Taxiway 1
111  49.43431191  007.60106146 1 102
112  49.43210022  007.60291538  49.43183186  007.60307168 1 102
111  49.43036991  007.60360083 1 102
111  49.43085984  007.60653102 1 102
111  49.43159756  007.60624409 1 102
111  49.43164930  007.60655562 1 102
111  49.43200894  007.60642779 1 102
111  49.43195505  007.60610335 1 102
111  49.43258464  007.60585960 1 102
111  49.43257180  007.60571588 1 102
111  49.43284701  007.60560349 1 102
111  49.43429520  007.60530261 1 102
112  49.43451744  007.60539330  49.43458981  007.60543577 1 102
111  49.43472236  007.60557528
111  49.43463482  007.60456494 1 102
112  49.43447638  007.60477961  49.43442893  007.60484792 1 102
111  49.43427815  007.60496552 1 102
111  49.43294114  007.60523317 1 102
112  49.43268575  007.60520444  49.43254871  007.60512781 1 102
111  49.43244438  007.60475416 1 102
111  49.43226157  007.60386619 1 102
112  49.43230492  007.60338545  49.43237967  007.60323220 1 102
111  49.43266395  007.60290178 1 102
111  49.43377610  007.60195541 1 102
112  49.43407484  007.60190008  49.43418659  007.60195905 1 102
113  49.43440701  007.60217702
110 1 0.00 0.0000 New Taxiway 5
111  49.43672653  007.59867817
111  49.43648883  007.59895627
111  49.43601344  007.59945684
111  49.43538303  007.59998919
112  49.43492313  007.60028318  49.43482980  007.60031906
111  49.43457692  007.60002892
111  49.43431339  007.60043414
112  49.43403436  007.60115719  49.43392060  007.60129623
111  49.43211728  007.60280187
111  49.43026221  007.60350102
111  49.43079961  007.60671871
111  49.43152820  007.60644858
111  49.43158504  007.60671871
111  49.43212761  007.60653598
111  49.43208628  007.60618640
111  49.43270119  007.60595600
111  49.43269602  007.60579710
111  49.43295955  007.60572561
111  49.43433406  007.60544753
112  49.43453042  007.60552698  49.43464410  007.60559054
111  49.43479395  007.60576534
111  49.43466994  007.60417628
112  49.43443741  007.60462122  49.43435473  007.60473245
111  49.43427722  007.60479601
111  49.43308357  007.60505821
111  49.43275803  007.60507410
112  49.43262368  007.60497081  49.43256683  007.60486752
111  49.43254617  007.60472451
111  49.43241698  007.60424779
112  49.43236372  007.60380661  49.43235730  007.60363888
112  49.43236693  007.60345141  49.43239260  007.60336754
112  49.43275837  007.60296792  49.43281933  007.60290872
111  49.43380434  007.60208974
112  49.43410915  007.60206014  49.43425994  007.60216868
111  49.43445887  007.60243016
111  49.43474764  007.60173946
112  49.43484710  007.60139904  49.43491769  007.60128063
111  49.43499148  007.60120170
111  49.43564602  007.60056526
111  49.43633264  007.60008669
112  49.43652515  007.60009656  49.43659252  007.60017056
113  49.43677862  007.60049619
110 1 0.00 0.0000 New Taxiway 6
111  49.44083156  007.61400641
111  49.44079511  007.61491930
112  49.44072219  007.61513012  49.44065510  007.61520189
111  49.44062302  007.61520638
111  49.43950879  007.61532300
111  49.43943879  007.61531852
111  49.43821956  007.61543963
112  49.43804747  007.61541272  49.43791329  007.61533198
111  49.43764203  007.61498661
111  49.43736493  007.61589714
112  49.43719575  007.61628737  49.43706450  007.61643539
111  49.43696824  007.61647576
112  49.43646072  007.61647127  49.43626237  007.61639502
111  49.43599111  007.61594201
111  49.43615445  007.61788413
112  49.43637905  007.61734590  49.43649280  007.61722928
111  49.43660656  007.61720686
111  49.43747285  007.61713509
111  49.43775870  007.61739075
112  49.43795121  007.61703193  49.43800371  007.61697362
111  49.43807080  007.61696465
112  49.43822248  007.61735935  49.43829540  007.61770472
111  49.43831581  007.61804561
111  49.43841207  007.62025241
111  49.43835665  007.62124367
112  49.43831290  007.62144103  49.43827498  007.62148588
111  49.43822248  007.62150382
111  49.43755744  007.62180433
111  49.43676115  007.62180433
111  49.43675240  007.62170117
111  49.43647822  007.62149036
111  49.43655697  007.62274625
111  49.43702075  007.62260720
111  49.43895460  007.62222146
111  49.43875334  007.61751624
111  49.43908585  007.61748036
111  49.43949421  007.61678512
111  49.43960213  007.61677615
111  49.43958171  007.61632760
111  49.43924628  007.61635899
111  49.43923753  007.61622443
111  49.43855499  007.61625583
111  49.43854624  007.61586559
111  49.43945629  007.61578933
111  49.43952338  007.61577588
111  49.43969255  007.61576691
111  49.43976547  007.61596875
111  49.43989964  007.61948540
111  49.44296708  007.61935300
111  49.44312679  007.61895566
111  49.44366232  007.61889787
112  49.44386901  007.61864502  49.44393477  007.61846441
111  49.44389719  007.61809597
111  49.44369520  007.61385528
112  49.44356836  007.61342904  49.44343683  007.61327733
111  49.44328181  007.61336402
111  49.44117261  007.61366747
111  49.44129497  007.61173699
111  49.44226073  007.59861675
111  49.44242886  007.59661613
111  49.44288581  007.59661613
111  49.44282996  007.59409145
111  49.44270500  007.59406360
111  49.44216207  007.59630917
111  49.44178486  007.60079095
113  49.44087180  007.61313305
111  49.43847587  007.61633366
111  49.43839367  007.61642745
111  49.43813115  007.61590958
113  49.43844139  007.61588920
110 1 0.00 0.0000 New Taxiway 9
111  49.43567834  007.57544378
111  49.43517194  007.57550734
111  49.43270713  007.57857431
111  49.43291899  007.58091816
111  49.43306368  007.58086254
111  49.43296550  007.57973432
111  49.43303267  007.57946418
111  49.43296033  007.57943240
112  49.43308951  007.57903514  49.43315669  007.57890007
111  49.43328070  007.57874911
111  49.43491358  007.57674688
111  49.43521845  007.57644495
112  49.43540964  007.57638139  49.43550782  007.57643700
111  49.43560600  007.57662769
113  49.43575068  007.57660386
110 1 0.00 0.0000 New Taxiway 4
111  49.43932893  007.58230707
112  49.43883436  007.58254417  49.43869795  007.58271897
111  49.43853879  007.58289378
111  49.43828301  007.58320844
111  49.43717477  007.58333305
111  49.43714915  007.58304410
111  49.43820823  007.58119879
111  49.43844738  007.58118566
111  49.43845165  007.58098865
111  49.43851998  007.58085074
111  49.43879329  007.58072597
111  49.43894703  007.58041732
111  49.43852425  007.57981973
111  49.43841322  007.57999703
111  49.43830646  007.57999047
111  49.43824667  007.58004300
111  49.43816980  007.58075881
111  49.43811001  007.58075224
111  49.43792638  007.58045016
111  49.43781108  007.58063403
111  49.43802033  007.58093611
111  49.43806731  007.58089671
111  49.43811001  007.58090985
111  49.43811855  007.58099522
111  49.43714488  007.58271575
111  49.43705093  007.58286023
111  49.43676480  007.58336588
112  49.43650857  007.58338015  49.43646269  007.58336387
111  49.43636137  007.58314268
111  49.43600279  007.58318494
111  49.43585945  007.58321482
112  49.43573543  007.58340211  49.43564056  007.58348976
111  49.43541991  007.58351576
111  49.43386512  007.58365475
112  49.43340391  007.58360222  49.43328744  007.58355337
111  49.43311778  007.58337896
111  49.43323958  007.58493866
112  49.43348078  007.58449524  49.43355842  007.58443012
111  49.43380534  007.58438361
111  49.43538398  007.58421179
112  49.43581749  007.58429146  49.43591984  007.58436202
111  49.43607298  007.58449426
111  49.43639074  007.58440760
112  49.43654348  007.58413929  49.43661053  007.58408502
111  49.43711925  007.58404222
111  49.43717904  007.58403565
111  49.43825521  007.58394372
112  49.43864383  007.58370733  49.43876767  007.58356942
111  49.43893849  007.58324764
112  49.43912212  007.58317540  49.43918191  007.58324764
111  49.43921607  007.58343808
111  49.43937625  007.58796329
113  49.43955006  007.58794885
110 1 0.00 0.0000 Gate
111  49.44123298  007.61175310
111  49.44199500  007.61190000
111  49.44299300  007.59878400
113  49.44221500  007.59863400
130 Airport Boundary 1
111  49.43799385  007.57597381
111  49.43776778  007.57132911
111  49.43583592  007.56750592
111  49.43223937  007.56864340
111  49.43034862  007.57120272
111  49.42552369  007.56745080
111  49.42342107  007.57341878
111  49.42257845  007.58321247
111  49.42684963  007.60052177
111  49.43059003  007.61802427
111  49.43193110  007.62143663
111  49.43410958  007.62383783
111  49.43474668  007.63056751
111  49.43671964  007.63259042
111  49.43780888  007.63227444
111  49.43959688  007.62848275
111  49.44117936  007.62023574
111  49.44313177  007.61963536
111  49.44518694  007.61789741
111  49.44354281  007.61331554
111  49.44269528  007.61327614
111  49.44396948  007.59662320
111  49.44398871  007.59153264
111  49.44700982  007.59080583
111  49.44740653  007.58677166
111  49.44524860  007.58509683
111  49.44407715  007.58155757
111  49.44220695  007.58007234
111  49.44152874  007.57767070
111  49.43939136  007.58023034
113  49.43819937  007.57880832
120 Linear Feature 19
111  49.44233923  007.58914008 51
111  49.44213817  007.58290609 51
115  49.44035973  007.58310721
120 Linear Feature 18
111  49.44262285  007.58911908 51
115  49.44056603  007.58929702
120 Linear Feature 63
111  49.44346125  007.61647873 51
115  49.44256451  007.61656399
120 Linear Feature 62
111  49.44341388  007.61529161 51
111  49.44353931  007.61817599 51
112  49.44347514  007.61834645  49.44341972  007.61841374 51
111  49.44337305  007.61842271 51
115  49.44279260  007.61847654
120 Linear Feature 83
111  49.43883884  007.62021610 56
115  49.43843313  007.62025687
120 Linear Feature 82
111  49.43748624  007.62249468 54
115  49.43742586  007.62183459
120 Linear Feature 88
111  49.43948093  007.61676810 54
115  49.43946502  007.61637256
120 Linear Feature 87
111  49.43907788  007.61739608 56
115  49.43904075  007.61626654
120 Linear Feature 86
111  49.43853513  007.61583934 56
115  49.43852031  007.61542157
120 Linear Feature 85
111  49.43945057  007.61576845 54
115  49.43943410  007.61534561
120 Linear Feature 89
111  49.43648641  007.61653391 54
115  49.43652141  007.61722015
120 Linear Feature 84
111  49.43729557  007.61709356 54
115  49.43725435  007.61626000
120 Linear Feature 81
111  49.43679764  007.62183655 54
115  49.43686665  007.62261724
120 Linear Feature 80
111  49.43387272  007.60491925 54
115  49.43391986  007.60548981
120 Linear Feature 79
111  49.43348465  007.60167861 54
115  49.43366304  007.60218048
120 Linear Feature 78
111  49.43557279  007.60059255 54
115  49.43536674  007.60001428
120 Linear Feature 97
111  49.43829965  007.58391971 56
115  49.43821199  007.58325246
120 Linear Feature 96
111  49.43716144  007.58299147 54
115  49.43715268  007.58271514
120 Linear Feature 95
111  49.43720089  007.58401255 54
115  49.43717897  007.58336216
120 Linear Feature 94
111  49.43461756  007.57623392 54
115  49.43488850  007.57675776
120 Linear Feature 93
111  49.43400996  007.57783519 54
115  49.43374161  007.57731493
120 Linear Feature 92
111  49.43483389  007.58357663 54
115  49.43485431  007.58424041
120 Linear Feature 91
111  49.43442262  007.58428975 54
115  49.43439928  007.58362596
120 Linear Feature 90
111  49.43163122  007.58408343 54
115  49.43164289  007.58426282
120 Linear Feature 77
111  49.43575622  007.59970179 54
115  49.43596762  007.60029706
120 Linear Feature 76
111  49.43814029  007.59830050 54
115  49.43788477  007.59768514
120 Linear Feature 75
111  49.44045270  007.58257540 52
111  49.44088636  007.59578026 52
112  49.44095624  007.59592951  49.44102224  007.59599519 52
111  49.44109988  007.59597728 52
111  49.44203163  007.59587578 52
112  49.44233057  007.59603100  49.44239269  007.59620414 52
115  49.44237111  007.59637698
120 Linear Feature 74
111  49.44209863  007.58540299 52
111  49.44072243  007.58552087 52
111  49.44076221  007.58667466 52
113  49.44214979  007.58653057 52
120 Linear Feature 73
111  49.44221468  007.58764248 52
111  49.44089863  007.58775853 52
111  49.44094979  007.58880743 52
113  49.44224878  007.58870887 52
120 Linear Feature 72
111  49.44227417  007.58990005 52
111  49.44098389  007.59003990 52
111  49.44102936  007.59101888 52
113  49.44230828  007.59088777 52
120 Linear Feature 71
111  49.44225144  007.59186675 52
111  49.44106915  007.59201535 52
111  49.44112031  007.59329153 52
113  49.44230828  007.59318664 52
120 Linear Feature 70
111  49.44256406  007.59425304 52
111  49.44117147  007.59437541 52
111  49.44120557  007.59543307 52
115  49.44258680  007.59531943
120 Linear Feature 69
111  49.44232085  007.60276081 52
115  49.44164184  007.61183027
120 Linear Feature 68
111  49.43800293  007.61569407 51 101
112  49.43770332  007.61587524  49.43760947  007.61602462 51 101
112  49.43737567  007.61666265  49.43724889  007.61677912 51 101
111  49.43710894  007.61681203 51 101
111  49.43630217  007.61693356 51 101
112  49.43600416  007.61685507  49.43590044  007.61675633 51 101
111  49.43588693  007.61651635 51 101
115  49.43583589  007.61592644
120 Linear Feature 67
111  49.43752991  007.61521751 51
112  49.43758947  007.61545193  49.43763322  007.61553715 51
111  49.43777615  007.61580178 51
111  49.43836826  007.61697695 51
112  49.43850243  007.61730438  49.43852285  007.61741204 51
111  49.43852869  007.61766322 51
111  49.43867453  007.62134126 51
112  49.43855202  007.62177186  49.43841493  007.62196473 51
111  49.43831576  007.62198267 51
111  49.43692735  007.62227420 51
112  49.43649275  007.62220960  49.43636868  007.62210104 51
111  49.43635968  007.62194669 51
115  49.43630975  007.62135889
120 Linear Feature 66
111  49.44098684  007.61404831 51
112  49.44102957  007.61424689  49.44106344  007.61428672 51
115  49.44114752  007.61429129
120 Linear Feature 65
111  49.44368002  007.61743871 52
111  49.44246805  007.61755430 52
111  49.44249624  007.61803110 52
115  49.44370821  007.61792273
120 Linear Feature 64
111  49.44363422  007.61451424 52
111  49.44152971  007.61474542 52
111  49.44154850  007.61521499 52
115  49.44363891  007.61500549
120 Linear Feature 61
111  49.44096300  007.61457579 51
112  49.44101918  007.61439447  49.44106293  007.61431372 51
111  49.44114752  007.61429129 51
111  49.44321846  007.61408043 51
112  49.44332930  007.61419706  49.44337305  007.61428678 51
111  49.44337305  007.61442135 51
111  49.44341388  007.61529161 51
112  49.44336721  007.61546207  49.44333221  007.61549796 51
111  49.44324471  007.61553833 51
115  49.44217424  007.61563702
120 Linear Feature 60
111  49.43735028  007.58259211 51
115  49.43727421  007.58259768
120 Linear Feature 59
111  49.43731043  007.58252806 51
115  49.43731406  007.58266174
120 Linear Feature 58
111  49.43682687  007.58336357 51
115  49.43683230  007.58349447
120 Linear Feature 57
111  49.43686852  007.58343041 51
115  49.43677978  007.58343598
120 Linear Feature 56
111  49.43613423  007.58245610 51
111  49.43617033  007.58324419 51
112  49.43602183  007.58366417  49.43587599  007.58380688 51
115  49.43575476  007.58382467
120 Linear Feature 55
111  49.43262176  007.58409526 51
112  49.43291533  007.58420896  49.43301295  007.58434681 51
111  49.43302996  007.58449643 51
115  49.43308848  007.58520242
120 Linear Feature 54
111  49.42771667  007.58228191 51
112  49.42756148  007.58235453  49.42752887  007.58246172 51
115  49.42758060  007.58250149
120 Linear Feature 53
111  49.42754798  007.58205369 51
112  49.42744115  007.58228537  49.42742203  007.58240985 51
115  49.42748613  007.58247556
120 Linear Feature 52
111  49.42740411  007.58189196 51
112  49.42733836  007.58203898  49.42732243  007.58214312 51
115  49.42733657  007.58224733
120 Linear Feature 51
111  49.42427549  007.57833570 51
111  49.42717167  007.58188096 51
115  49.42743174  007.58246136
120 Linear Feature 50
111  49.43291599  007.58310535 51
111  49.43296442  007.58366028 51
112  49.43283692  007.58394516  49.43270543  007.58407688 51
111  49.43262176  007.58409526 51
111  49.42951190  007.58437095 51
112  49.42927482  007.58430969  49.42916724  007.58423924 51
111  49.42899591  007.58404627 51
111  49.42775077  007.58255153 51
111  49.42682551  007.58228944 51
111  49.42606189  007.58212174 51
112  49.42588863  007.58211187  49.42582767  007.58212173 51
111  49.42555174  007.58218093 51
115  49.42375819  007.58248675
120 Linear Feature 49
111  49.43293255  007.58310276 51
111  49.43298435  007.58367866 51
112  49.43317560  007.58397579  49.43333099  007.58407995 51
115  49.43350554  007.58405446
120 Linear Feature 48
111  49.43624495  007.58508069 51
111  49.43621496  007.58433014 51
112  49.43607152  007.58398704  49.43594801  007.58383386 51
111  49.43575476  007.58382467 51
111  49.43350554  007.58405446 51
112  49.43321268  007.58426277  49.43309315  007.58447107 51
111  49.43308075  007.58470341 51
115  49.43313852  007.58534976
120 Linear Feature 47
111  49.44050421  007.59618795 51 101
111  49.44112711  007.59613531 51 101
111  49.44201375  007.59602837 51 101
112  49.44223545  007.59613018  49.44228785  007.59625411 51 101
111  49.44226272  007.59650518 51 101
111  49.44103288  007.61302944 51 101
111  49.44096300  007.61457579 51 101
111  49.44094712  007.61504699 51 101
112  49.44084965  007.61534495  49.44075217  007.61545470 51 101
111  49.44065193  007.61544364 51 101
111  49.43800293  007.61569407 51 101
112  49.43766925  007.61552631  49.43753183  007.61536043 51 101
111  49.43752991  007.61521751 51 101
115  49.43750059  007.61441618
120 Linear Feature 46
111  49.43692515  007.60074265 51 101
111  49.43688489  007.59965516 51 101
112  49.43692101  007.59923763  49.43698088  007.59904094 51 101
115  49.43715184  007.59884430
120 Linear Feature 45
111  49.43678085  007.59793401 51
111  49.43682083  007.59884118 51
112  49.43679771  007.59909502  49.43675784  007.59918463 51
115  49.43654461  007.59940701
120 Linear Feature 44
111  49.43629270  007.59962312 51
112  49.43669480  007.59968362  49.43686451  007.59987119 51
111  49.43687296  007.60013293 51
115  49.43690865  007.60094990
120 Linear Feature 38
111  49.43438068  007.59944273 51 101
111  49.43443585  007.60008048 51 101
112  49.43463722  007.60060404  49.43482014  007.60076278 51 101
115  49.43510741  007.60063433
120 Linear Feature 43
111  49.43272300  007.60545241 51
112  49.43248549  007.60561014  49.43243727  007.60568427 51
115  49.43224806  007.60579945
120 Linear Feature 42
111  49.43222412  007.60305241 51
111  49.43178219  007.60322725 51
111  49.43071985  007.60365595 51
112  49.43058221  007.60388929  49.43056456  007.60404124 51
111  49.43061044  007.60430714 51
111  49.43088573  007.60595682 51
112  49.43100926  007.60617389  49.43111514  007.60624986 51
111  49.43124573  007.60620102 51
111  49.43224806  007.60579945 51
112  49.43237460  007.60558051  49.43240594  007.60543595 51
115  49.43238053  007.60524228
120 Linear Feature 41
111  49.43494475  007.60620282 51 101
111  49.43488861  007.60558735 51 101
112  49.43474485  007.60524406  49.43460359  007.60509367 51 101
115  49.43444191  007.60509798
120 Linear Feature 40
111  49.43462865  007.60267390 51 101
111  49.43457528  007.60202927 51 101
112  49.43439179  007.60162867  49.43421217  007.60149057 51 101
115  49.43397596  007.60160177
120 Linear Feature 39
111  49.43440177  007.60004344 51 101
111  49.43445905  007.60065137 51 101
112  49.43443533  007.60106758  49.43438264  007.60126759 51 101
111  49.43397596  007.60160177 51 101
111  49.43222412  007.60305241 51 101
112  49.43211381  007.60323469  49.43206935  007.60337393 51 101
111  49.43210557  007.60362456 51 101
111  49.43238053  007.60524228 51 101
112  49.43250073  007.60542962  49.43258470  007.60549038 51 101
111  49.43272300  007.60545241 51 101
111  49.43444191  007.60509798 51 101
112  49.43472181  007.60484734  49.43482225  007.60464986 51 101
111  49.43478538  007.60438757 51 101
115  49.43474258  007.60390400
120 Linear Feature 37
111  49.43748999  007.59853858 51 101
111  49.43715184  007.59884430 51 101
111  49.43654461  007.59940701 51 101
111  49.43629270  007.59962312 51 101
111  49.43510741  007.60063433 51 101
112  49.43461951  007.60116439  49.43455322  007.60136011 51 101
111  49.43456334  007.60155109 51 101
115  49.43462131  007.60222048
120 Linear Feature 36
111  49.43628009  007.58528539 51 101
111  49.43624635  007.58444765 51 101
112  49.43632717  007.58403620  49.43642841  007.58380637 51 101
111  49.43658992  007.58374706 51 101
111  49.43821225  007.58359136 51 101
112  49.43852675  007.58342945  49.43865761  007.58328407 51 101
111  49.43868714  007.58317989 51 101
112  49.43893784  007.58284943  49.43905682  007.58275848 51 101
111  49.43930164  007.58274814 51 101
111  49.43996399  007.58265779 51 101
112  49.44021423  007.58275141  49.44031738  007.58287923 51 101
111  49.44035973  007.58310721 51 101
111  49.44078137  007.59571840 51 101
112  49.44068272  007.59605792  49.44061695  007.59615906 51 101
111  49.44050421  007.59618795 51 101
111  49.43990292  007.59623852 51 101
112  49.43967515  007.59634491  49.43957564  007.59642963 51 101
111  49.43941907  007.59660694 51 101
111  49.43748999  007.59853858 51 101
112  49.43701042  007.59850882  49.43681791  007.59826213 51 101
111  49.43680960  007.59800841 51 101
115  49.43677877  007.59720570
120 Linear Feature 35
111  49.43590125  007.57688362 51
111  49.43587796  007.57631650 51
112  49.43555875  007.57585684  49.43527978  007.57582810 51
111  49.43519382  007.57595833 51
111  49.43290327  007.57876402 51
112  49.43266645  007.57919978  49.43260822  007.57940274 51
111  49.43262591  007.57951726 51
115  49.43270644  007.58048169
21  49.43544994  007.61742211 2 260.4600 3.00 PAPI 26
21  49.43693296  007.61131196 2 265.1100 3.00 PAPI 27
21  49.43254993  007.58443291 3 84.4000 3.00 PAPI 08
21  49.43655181  007.58098484 2 85.1500 3.00 PAPI 09
20  49.43838123  007.62029184 88.4391 0 3 {@R}CAT_{r1}/{r2}
20  49.43890881  007.62026287 85.7828 0 3 {@R}CAT_{r1}/{r2}
20  49.43908310  007.61728573 149.0382 0 3 {@R}CAT_{r1}/{r2}
20  49.43905484  007.61643098 183.9449 0 3 {@R}CAT_{r1}/{r2}
20  49.43855081  007.61590944 171.6749 0 3 {@R}CAT_{r1}/{r2}
20  49.43851783  007.61535168 181.8778 0 3 {@R}CAT_{r1}/{r2}
20  49.43820692  007.58318104 174.7002 0 3 {@R}CAT_{r1}/{r2}
20  49.43830495  007.58398510 144.1404 0 3 {@R}CAT_{r1}/{r2}
20  49.43718610  007.58325848 183.1106 0 3 {@R}09-27
20  49.43720682  007.58409509 171.5190 0 3 {@R}09-27
20  49.43785453  007.59762420 151.7845 0 3 {@R}09-27
20  49.43818097  007.59837317 143.2430 0 3 {@R}09-27
20  49.43948175  007.61683444 171.6853 0 3 {@R}09-27
20  49.43945835  007.61634417 184.2362 0 3 {@R}09-27
20  49.43944665  007.61581792 175.2693 0 3 {@R}09-27
20  49.43941740  007.61527817 178.8983 0 3 {@R}09-27
20  49.43687987  007.62268638 358.2903 0 3 {@R}09-27
20  49.43679504  007.62175536 354.1739 0 3 {@R}09-27
20  49.43652303  007.61728463 2.8985 0 3 {@R}09-27
20  49.43649085  007.61646155 338.7914 0 3 {@R}09-27
20  49.43600532  007.60036895 341.7378 0 3 {@R}09-27
20  49.43574500  007.59962685 324.7076 0 3 {@R}09-27
20  49.43484706  007.58429910 0.5208 0 3 {@R}09-27
20  49.43480903  007.58352103 350.9728 0 3 {@R}09-27
20  49.43492311  007.57679717 327.2169 0 3 {@R}09-27
20  49.43459552  007.57616302 313.8554 0 3 {@R}09-27
20  49.43370050  007.57726941 148.2018 0 3 {@R}08-26
20  49.43402489  007.57790315 137.9876 0 3 {@R}08-26
20  49.43439716  007.58353721 181.2085 0 3 {@R}08-26
20  49.43442906  007.58436311 171.0576 0 3 {@R}08-26
20  49.43533312  007.59995299 163.4695 0 3 {@R}08-26
20  49.43559105  007.60066442 138.2502 0 3 {@R}08-26
20  49.43720772  007.61620579 197.5002 0 3 {@R}08-26
20  49.43727686  007.61718711 158.6829 0 3 {@R}08-26
20  49.43740981  007.62175435 183.5164 0 3 {@R}08-26
20  49.43748426  007.62256803 163.9895 0 3 {@R}08-26
20  49.43393715  007.60561643 357.0893 0 3 {@R}08-26
20  49.43387333  007.60481098 346.2556 0 3 {@R}08-26
20  49.43370847  007.60227199 342.6467 0 3 {@R}08-26
20  49.43345853  007.60157285 322.5740 0 3 {@R}08-26
20  49.43167434  007.58450749 2.6241 0 3 {@R}08-26
20  49.43164243  007.58383699 346.2443 0 3 {@R}08-26
14  49.44050072  007.60195178  82.02 0 New Tower Viewpoint 1
1300  49.44249877  007.58913224 356.33 gate heavy|turboprops|props Passenger terminal
1301 E none 
1300  49.44197529  007.59487138 -90.00 tie_down heavy|jets Main ramp
1301 E none 
1300  49.43992091  007.59162877 265.60 tie_down heavy|jets|turboprops Main ramp south
1301 E none 
1300  49.44147068  007.59965515 186.12 tie_down jets|turboprops Main ramp east
1301 C none 
1300  49.43169561  007.60472067 346.75 tie_down heavy|jets|turboprops South ramp
1301 E none 
1300  49.44172154  007.61499135  86.40 tie_down heavy|jets|turboprops East ramp
1301 E none 
19  49.43740032  007.58562095 1 New Windsock 188
19  49.43860852  007.61476567 1 New Windsock 187
1054 133200 Ramstein tower
1050 124275 Ramstein ATIS
99
