I
1130 Generated by WorldEditor 2.0.0r4

1   2424 1 0 ETHA Altenstadt AB
1302 city Altenstadt
1302 country Germany
1302 datum_lat 47.835516667
1302 datum_lon 10.871255556
1302 faa_code 
1302 iata_code 
1302 icao_code ETHA
1302 region_code ED
1302 state Bavaria
1302 transition_alt 5000
1302 transition_level 
100 30.00 3 0 0.00 0 0 0 09  47.83548872  010.86659601    0    0 1 0 0 0 27  47.83552928  010.87595801    0    0 1 0 0 0
110 2 0.00 0.0000 New Taxiway 4
111  47.83497118  010.87046074
111  47.83497134  010.87046905
111  47.83499073  010.87046823
114  47.83499057  010.87045992  47.83499064  010.87045961
110 2 0.00 0.0000 New Taxiway 4
111  47.83497230  010.87061873
111  47.83497246  010.87062704
111  47.83499185  010.87062622
114  47.83499169  010.87061791  47.83499176  010.87061759
110 2 0.00 0.0000 New Taxiway 4
111  47.83511261  010.87046415
111  47.83511277  010.87047246
111  47.83513215  010.87047164
114  47.83513200  010.87046333  47.83513207  010.87046302
110 2 0.00 0.0000 New Taxiway 4
111  47.83511373  010.87062214
111  47.83511389  010.87063045
111  47.83513327  010.87062963
114  47.83513312  010.87062132  47.83513319  010.87062100
110 2 0.00 0.0000 New Taxiway 3
111  47.83526083  010.87046029
111  47.83526095  010.87046878
111  47.83528040  010.87046818
113  47.83528028  010.87045969
110 2 0.00 0.0000 New Taxiway 3
111  47.83526195  010.87061828
111  47.83526207  010.87062677
111  47.83528152  010.87062617
113  47.83528140  010.87061768
110 2 0.00 0.0000 New Taxiway 2
111  47.83533281  010.86659893
111  47.83533281  010.86660727
111  47.83535230  010.86660727
113  47.83535230  010.86659893
110 2 0.00 0.0000 New Taxiway 1
111  47.83535058  010.87083841
111  47.83535070  010.87084686
111  47.83537004  010.87084634
113  47.83536992  010.87083799
110 2 0.25 0.0000 lib/airport/pavement/concrete_6L.pol
111  47.83537623  010.87426595
111  47.83538519  010.87426554
111  47.83538491  010.87425732
113  47.83537623  010.87425732
110 2 0.25 0.0000 lib/airport/pavement/concrete_6L.pol
111  47.83535853  010.86999960
111  47.83536748  010.86999919
111  47.83536720  010.86999097
113  47.83535853  010.86999097
110 2 0.25 0.0000 lib/airport/pavement/concrete_6L.pol
111  47.83535073  010.86830431
111  47.83535969  010.86830390
111  47.83535941  010.86829568
113  47.83535073  010.86829568
110 2 0.25 0.0000 lib/airport/pavement/concrete_6L.pol
111  47.83536908  010.87255145
111  47.83537803  010.87255104
111  47.83537776  010.87254281
113  47.83536908  010.87254281
110 2 0.25 0.0000 lib/airport/pavement/concrete_6L.pol
111  47.83534626  010.86745335
111  47.83535522  010.86745294
111  47.83535494  010.86744472
113  47.83534626  010.86744472
110 2 0.25 0.0000 lib/airport/pavement/concrete_6L.pol
111  47.83535406  010.86914864
111  47.83536301  010.86914822
111  47.83536273  010.86914000
113  47.83535406  010.86914000
110 2 0.25 0.0000 lib/airport/pavement/concrete_6L.pol
111  47.83536461  010.87170048
111  47.83537356  010.87170007
111  47.83537329  010.87169185
113  47.83536461  010.87169185
110 2 0.25 0.0000 lib/airport/pavement/concrete_6L.pol
111  47.83537177  010.87341182
111  47.83538072  010.87341141
111  47.83538045  010.87340319
113  47.83537177  010.87340319
110 2 0.25 0.0000 lib/airport/pavement/concrete_6L.pol
111  47.83537892  010.87512633
111  47.83538788  010.87512592
111  47.83538760  010.87511770
113  47.83537892  010.87511770
110 2 0.25 0.0000 lib/airport/pavement/concrete_6L.pol
111  47.83537454  010.87596346
111  47.83539220  010.87596305
111  47.83539193  010.87595483
113  47.83537454  010.87595483
110 2 0.25 0.0000 lib/airport/pavement/concrete_6L.pol
111  47.83562586  010.86660131
111  47.83564296  010.86660065
111  47.83564269  010.86659243
113  47.83562586  010.86659268
110 2 0.25 0.0000 lib/airport/pavement/concrete_6L.pol
111  47.83564370  010.87084080
111  47.83566080  010.87084013
111  47.83566053  010.87083191
113  47.83564370  010.87083217
110 2 0.25 0.0000 lib/airport/pavement/concrete_6L.pol
111  47.83563422  010.86829531
111  47.83564276  010.86829490
111  47.83564248  010.86828668
113  47.83563422  010.86828668
110 2 0.25 0.0000 lib/airport/pavement/concrete_6L.pol
111  47.83564201  010.86999060
111  47.83565055  010.86999019
111  47.83565028  010.86998197
113  47.83564201  010.86998197
110 2 0.25 0.0000 lib/airport/pavement/concrete_6L.pol
111  47.83565257  010.87254245
111  47.83566111  010.87254203
111  47.83566083  010.87253381
113  47.83565257  010.87253381
110 2 0.25 0.0000 lib/airport/pavement/concrete_6L.pol
111  47.83565972  010.87425695
111  47.83566826  010.87425654
111  47.83566799  010.87424832
113  47.83565972  010.87424832
110 2 0.25 0.0000 lib/airport/pavement/concrete_6L.pol
111  47.83562975  010.86744435
111  47.83563829  010.86744394
111  47.83563801  010.86743571
113  47.83562975  010.86743571
110 2 0.25 0.0000 lib/airport/pavement/concrete_6L.pol
111  47.83563755  010.86913963
111  47.83564608  010.86913922
111  47.83564581  010.86913100
113  47.83563755  010.86913100
110 2 0.25 0.0000 lib/airport/pavement/concrete_6L.pol
111  47.83564810  010.87169148
111  47.83565664  010.87169107
111  47.83565636  010.87168285
113  47.83564810  010.87168285
110 2 0.25 0.0000 lib/airport/pavement/concrete_6L.pol
111  47.83565526  010.87340282
111  47.83566380  010.87340241
111  47.83566352  010.87339419
113  47.83565526  010.87339419
110 2 0.25 0.0000 lib/airport/pavement/concrete_6L.pol
111  47.83566241  010.87511733
111  47.83567095  010.87511692
111  47.83567067  010.87510870
113  47.83566241  010.87510870
110 2 0.25 0.0000 lib/airport/pavement/concrete_6L.pol
111  47.83566674  010.87595446
111  47.83568440  010.87595405
111  47.83568412  010.87594583
113  47.83566674  010.87594583
110 2 0.00 0.0000 New Taxiway 1
111  47.83577448  010.87528078
111  47.83570303  010.87528362
111  47.83570589  010.87552063
113  47.83577638  010.87551779
110 2 0.00 0.0000 New Taxiway 7
111  47.83442260  010.87128234
111  47.83425630  010.87119659
111  47.83425282  010.87117840
111  47.83423247  010.87117148
111  47.83416269  010.87104588
111  47.83424293  010.87092808
111  47.83420921  010.87087352
111  47.83411850  010.87100171
111  47.83421735  010.87117407
111  47.83418421  010.87133258
113  47.83439004  010.87143392
110 1 0.00 0.0000 New Taxiway 5
111  47.83442650  010.86653748
112  47.83444769  010.86660618  47.83445516  010.86668416
111  47.83445267  010.86671758
111  47.83427818  010.86859469
112  47.83426322  010.86890289  47.83425948  010.86902172
111  47.83426447  010.86908114
111  47.83430934  010.86974583
112  47.83428192  010.86994449  47.83424577  010.86998162
111  47.83416352  010.86996306
111  47.83415853  010.87002990
111  47.83424204  010.87005589
111  47.83422583  010.87015430
111  47.83431433  010.87019514
112  47.83433895  010.87022215  47.83434880  010.87024311
111  47.83435513  010.87027455
111  47.83439734  010.87054600
112  47.83441071  010.87061098  47.83441634  010.87062984
111  47.83442478  010.87066443
111  47.83441493  010.87082793
111  47.83430659  010.87097361
111  47.83417784  010.87156156
111  47.83442126  010.87168733
111  47.83450287  010.87131737
111  47.83445433  010.87104278
112  47.83447121  010.87096312  47.83448739  010.87093378
111  47.83454860  010.87092120
111  47.83473293  010.87115807
112  47.83481102  010.87131632  47.83484831  010.87143475
111  47.83485535  010.87156996
111  47.83497141  010.87288378
112  47.83495361  010.87301406  47.83493426  010.87304288
111  47.83486306  010.87303250
111  47.83485687  010.87314088
112  47.83499230  010.87318814  47.83501939  010.87323656
111  47.83502248  010.87327000
111  47.83507975  010.87378533
111  47.83513857  010.87451625
111  47.83515482  010.87506041
112  47.83515559  010.87523104  47.83515018  010.87527139
111  47.83514399  010.87530367
111  47.83490928  010.87585487
112  47.83486888  010.87589230  47.83485270  010.87589859
111  47.83484566  010.87589754
111  47.83483722  010.87595414
112  47.83488576  010.87593213  47.83490265  010.87591955
111  47.83491461  010.87590069
111  47.83508909  010.87553386
112  47.83513763  010.87551709  47.83516226  010.87554015
111  47.83516859  010.87558103
112  47.83543189  010.87623257  47.83572603  010.87627713
111  47.83582948  010.87605433
111  47.83610866  010.87556415
111  47.83623579  010.87530236
112  47.83628191  010.87514825  47.83630060  010.87506841
111  47.83630933  010.87497743
112  47.83636566  010.87423681  47.83638760  010.87379360
111  47.83637526  010.87360161
111  47.83634373  010.87360161
112  47.83632590  010.87436548  47.83630534  010.87470248
111  47.83628066  010.87494553
112  47.83623953  010.87517020  47.83619703  010.87530500
111  47.83614630  010.87541120
111  47.83579630  010.87603934
112  47.83544472  010.87619278  47.83520210  010.87615474
111  47.83520381  010.87576034
111  47.83519019  010.87522390
112  47.83518253  010.87483838  47.83517912  010.87470522
111  47.83516805  010.87454289
111  47.83512123  010.87390754
111  47.83505483  010.87328868
111  47.83495523  010.87238955
111  47.83489564  010.87167431
112  47.83484286  010.87128879  47.83480541  010.87116324
111  47.83476795  010.87112900
111  47.83459940  010.87091976
112  47.83448703  010.87070798  47.83441552  010.87053424
111  47.83438317  010.87018930
112  47.83441126  010.87014746  47.83442829  010.87013478
111  47.83445212  010.87013097
111  47.83469133  010.87023623
111  47.83469389  010.87069276
111  47.83491522  010.87068515
111  47.83492033  010.87060272
111  47.83537492  010.87060780
111  47.83537492  010.87049239
111  47.83491948  010.87049239
111  47.83491778  010.87041884
111  47.83482584  010.87041757
112  47.83484031  010.87030597  47.83486329  010.87025652
111  47.83493225  010.87025778
111  47.83493310  010.87019945
112  47.83477987  010.87019818  47.83473560  010.87019184
111  47.83468708  010.87016394
111  47.83440956  010.87004600
112  47.83436529  010.86995723  47.83435423  010.86992046
111  47.83434656  010.86973150
111  47.83433720  010.86972136
111  47.83428953  010.86912152
112  47.83429038  010.86887424  47.83429464  010.86876898
111  47.83430911  010.86861427
111  47.83448192  010.86668162
111  47.83450065  010.86638107
111  47.83436104  010.86636839
113  47.83436955  010.86654339
110 4 0.00 0.0000 New Taxiway 2
111  47.83817864  010.86598833
112  47.83807226  010.86586274  47.83798795  010.86589563
111  47.83798594  010.86604515
114  47.83810236  010.86617374  47.83819069  010.86615281
110 3 0.00 82.0000 New Taxiway 1
111  47.83836577  010.86308923
111  47.83738419  010.86318992
111  47.83779563  010.86884649
113  47.83878015  010.86870639
110 1 0.00 0.0000 New Taxiway 6
111  47.83403712  010.87112953
111  47.83411688  010.87076563
111  47.83398477  010.87070436
112  47.83396268  010.87077344  47.83395212  010.87077554
111  47.83393946  010.87077030
111  47.83384378  010.87071790
112  47.83382126  010.87068750  47.83381282  010.87066549
111  47.83380579  010.87061100
111  47.83376428  010.87078078
112  47.83379383  010.87076715  47.83381423  010.87077030
111  47.83381986  010.87077344
111  47.83394509  010.87083842
112  47.83393172  010.87092960  47.83391624  010.87096733
112  47.83382830  010.87097781  47.83379031  010.87095685
112  47.83376217  010.87089082  47.83375373  010.87086043
111  47.83375091  010.87081851
111  47.83371011  010.87101973
112  47.83373192  010.87100087  47.83374106  010.87099982
113  47.83375302  010.87100296
110 1 0.00 0.0000 New Taxiway 4
111  47.83756989  010.86982806
111  47.83748015  010.86982435
111  47.83747766  010.86996732
113  47.83756864  010.86996547
110 3 0.00 0.0000 New Taxiway 3
111  47.83383411  010.87220721
111  47.83408411  010.87241652
111  47.83408045  010.87260681
111  47.83454396  010.87289224
112  47.83492351  010.87332174  47.83504213  010.87358270
111  47.83505490  010.87383551
111  47.83511694  010.87489025
111  47.83466759  010.87551316
111  47.83465958  010.87576787
111  47.83445920  010.87569225
111  47.83438439  010.87595493
111  47.83477980  010.87618179
111  47.83488133  010.87603851
111  47.83526579  010.87616311
112  47.83575849  010.87605931  47.83586632  010.87588385
112  47.83572915  010.86629018  47.83567226  010.86616304
112  47.83455211  010.86630078  47.83445965  010.86638553
111  47.83443029  010.86645594
111  47.83439416  010.86718855
111  47.83415730  010.87005912
111  47.83429781  010.87032823
111  47.83426770  010.87049568
113  47.83416131  010.87040000
130 Airport Boundary 1
111  47.83423364  010.86330776
111  47.83428481  010.86639140
111  47.83366813  010.86644158
111  47.83287127  010.87217354
111  47.83398143  010.87264021
111  47.83476467  010.87321848
111  47.83501667  010.87396921
111  47.83516540  010.87622274
111  47.83621418  010.87619124
111  47.83637066  010.87334383
111  47.83774930  010.87346352
111  47.83846725  010.87401384
111  47.83979001  010.87045846
111  47.84025157  010.86794286
111  47.83969995  010.86212343
113  47.83640149  010.86349863
120 Linear Feature 11
111  47.83436303  010.87128205 1
112  47.83432530  010.87130841  47.83431562  010.87135020 1
111  47.83434400  010.87136611 1
114  47.83438073  010.87134025  47.83438941  010.87130145 1
120 Linear Feature 10
111  47.83432196  010.87140640 1
115  47.83434601  010.87141983
120 Linear Feature 9
111  47.83435702  010.87124176 1
115  47.83438340  010.87125519
120 Linear Feature 8
111  47.83437539  010.87122485 1
115  47.83432831  010.87143625
120 Linear Feature 7
111  47.83437738  010.87105206 1
115  47.83427716  010.87149848
120 Linear Feature 6
111  47.83477858  010.86710439 22
111  47.83477779  010.86722162 22
113  47.83484506  010.86716609 22
120 Linear Feature 5
111  47.83479699  010.86715584 20
115  47.83479719  010.86717298
120 Linear Feature 4
111  47.83478756  010.86717311 20
115  47.83480912  010.86717281
120 Linear Feature 3
111  47.83478758  010.86715542 20
115  47.83480883  010.86715583
14  47.83379665  010.86698746  49.21 0 New Tower Viewpoint 1
1300  47.83480240  010.87056524 269.58 misc turboprops|props|helos Start pos 1
1301 C none 
1300  47.83431664  010.87012059 287.38 misc turboprops|props|helos Start pos 2
1301 C none 
1300  47.83449724  010.87080532 316.86 misc turboprops|props|helos Start pos 3
1301 C none 
19  47.83419407  010.86672348 1 New Windsock 2
1054 122100 Altenstadt Tower
99
