I
1130 Generated by WorldEditor 2.1.0r1

1   1566 1 0 ETSB Buechel AB
1302 city 
1302 country Germany
1302 datum_lat 50.173855556
1302 datum_lon 7.063363889
1302 faa_code 
1302 gui_label 3D
1302 iata_code 
1302 icao_code ETSB
1302 region_code ED
1302 state Rhineland-Palatinate
1302 transition_alt 5000
1302 transition_level 
100 45.11 1 1 0.25 1 3 1 03  50.16408364  007.05486771    0  314 3 3 0 2 21  50.18386025  007.07212909    0  254 3 3 0 2
110 2 0.00 0.0000 New Taxiway 21
111  50.17991947  007.06197615
111  50.18015676  007.06215629
111  50.18026992  007.06181428
111  50.18020422  007.06175158
111  50.18042324  007.06109608
111  50.17987568  007.06064007
111  50.17953985  007.06166608
113  50.17979443  007.06188489
110 2 0.00 0.0000 New Taxiway 6
111  50.16109005  007.06072648
111  50.16104678  007.06072326
112  50.16089842  007.06065250  50.16081394  007.06071040
111  50.16080569  007.06081332
111  50.16080569  007.06123145
111  50.16099320  007.06125396
111  50.16106944  007.06094519
113  50.16109373  007.06093742
110 2 0.00 0.0000 New Taxiway 5
111  50.16304949  007.05929782
112  50.16294247  007.05951067  50.16293217  007.05966828
111  50.16318562  007.05999636
111  50.16332780  007.05984518
112  50.16325568  007.05942704  50.16320622  007.05932090
113  50.16316188  007.05930048
110 2 0.00 0.0000 New Taxiway 4
111  50.16364551  007.05842592
112  50.16356682  007.05880304  50.16365542  007.05899925
112  50.16384911  007.05877409  50.16388826  007.05864865
113  50.16376983  007.05843921
110 2 0.00 0.0000 New Taxiway 3
111  50.16275438  007.05822774
111  50.16271509  007.05815836
111  50.16271302  007.05805865
111  50.16225558  007.05769519
111  50.16223498  007.05774665
111  50.16245340  007.05794607
111  50.16234419  007.05822912
111  50.16255024  007.05840281
113  50.16270225  007.05837634
110 2 0.00 0.0000 New Taxiway 19
111  50.16503680  007.06129927
112  50.16488785  007.06132315  50.16486745  007.06129130
111  50.16485838  007.06123823
111  50.16479719  007.06082071
112  50.16481759  007.06071102  50.16483798  007.06067210
111  50.16493803  007.06062670
111  50.16490738  007.06041404
111  50.16446400  007.06058011
111  50.16464079  007.06163805
113  50.16506405  007.06150131
110 2 0.00 0.0000 New Taxiway 20
111  50.16526803  007.06045286
111  50.16551570  007.06025459
111  50.16547263  007.05999275
113  50.16519550  007.05999997
110 2 0.00 0.0000 New Taxiway 18
111  50.16532470  007.06170894
111  50.16560183  007.06174066
111  50.16566303  007.06146468
113  50.16541990  007.06126312
110 2 0.00 0.0000 New Taxiway 17
111  50.16538590  007.06277042
111  50.16540237  007.06281984
111  50.16533210  007.06325151
111  50.16549530  007.06340011
111  50.16565396  007.06301090
112  50.16563356  007.06279861  50.16558823  007.06270307
113  50.16549469  007.06268196
110 2 0.00 0.0000 New Taxiway 16
111  50.16484871  007.06369744
112  50.16477905  007.06387424  50.16475865  007.06400162
111  50.16478812  007.06412546
111  50.16496038  007.06423514
112  50.16505331  007.06392024  50.16504878  007.06377517
113  50.16496884  007.06367975
110 2 0.00 0.0000 New Taxiway 15
111  50.16402201  007.06279509
112  50.16412854  007.06289062  50.16419200  007.06291185
112  50.16430307  007.06280571  50.16434613  007.06271372
112  50.16427360  007.06251558  50.16421920  007.06245897
111  50.16415121  007.06248020
113  50.16398801  007.06256157
110 2 0.00 0.0000 New Taxiway 14
111  50.16409167  007.06415740
112  50.16398574  007.06429529  50.16394268  007.06438374
111  50.16400614  007.06468802
111  50.16417161  007.06465972
112  50.16424414  007.06439789  50.16424867  007.06429175
113  50.16420727  007.06421755
110 2 0.00 0.0000 New Taxiway 13
111  50.16322810  007.06428832
112  50.16310631  007.06435544  50.16306777  007.06442620
111  50.16302698  007.06472340
111  50.16318110  007.06489677
111  50.16332390  007.06462788
112  50.16333297  007.06449343  50.16333070  007.06441559
113  50.16332556  007.06438385
110 2 0.00 0.0000 New Taxiway 12
111  50.16308817  007.06262884
111  50.16308364  007.06297557
112  50.16315844  007.06307464  50.16321963  007.06311356
112  50.16335563  007.06288712  50.16335336  007.06268191
113  50.16320830  007.06261822
110 2 0.00 0.0000 New Taxiway 11
111  50.16221266  007.06429895
111  50.16219967  007.06436605
111  50.16207727  007.06476585
111  50.16221780  007.06496045
111  50.16241726  007.06463494
112  50.16242859  007.06442620  50.16239459  007.06427760
113  50.16232146  007.06426711
110 2 0.00 0.0000 New Taxiway 10
111  50.16172535  007.06355951
111  50.16164888  007.06348154
111  50.16149022  007.06383888
111  50.16184155  007.06417146
111  50.16198434  007.06382826
113  50.16190214  007.06374349
110 2 0.00 0.0000 New Taxiway 9
111  50.16115930  007.06356999
111  50.16127716  007.06321265
112  50.16129076  007.06308528  50.16128623  007.06301806
111  50.16127429  007.06298283
111  50.16117230  007.06289438
112  50.16104597  007.06300037  50.16099157  007.06312066
113  50.16097344  007.06350277
110 2 0.00 0.0000 New Taxiway 8
111  50.16218380  007.06216894
111  50.16201834  007.06205572
112  50.16188914  007.06209464  50.16183021  007.06216894
112  50.16186875  007.06240952  50.16189821  007.06249444
113  50.16214300  007.06244136
110 2 0.00 0.0000 New Taxiway 7
111  50.16214754  007.06122428
111  50.16224953  007.06099077
112  50.16223593  007.06078203  50.16218607  007.06065819
112  50.16199341  007.06079264  50.16195941  007.06091647
113  50.16199341  007.06110752
110 1 0.00 0.0000 New Taxiway 2
111  50.16416297  007.05641231 102
112  50.16388760  007.05707439  50.16369413  007.05744477 102
111  50.16359755  007.05758379
111  50.16348876  007.05774300 102
111  50.16312610  007.05826312
111  50.16303770  007.05837634
111  50.16292211  007.05837280
111  50.16275438  007.05822774
111  50.16270225  007.05837634
111  50.16283144  007.05849663 102
112  50.16285411  007.05856386  50.16285638  007.05861693 102
111  50.16285184  007.05865938 102
111  50.16212427  007.05965713
111  50.16204040  007.05962529
111  50.16199280  007.05970312
111  50.16201320  007.05980926 102
111  50.16173668  007.06021968 102
112  50.16158708  007.06046735  50.16152589  007.06057702 102
111  50.16147375  007.06070439 102
111  50.16109005  007.06072648
111  50.16109373  007.06093742 102
111  50.16132416  007.06090959 102
112  50.16136722  007.06095912  50.16138082  007.06099450 102
111  50.16138082  007.06108295 102
112  50.16131509  007.06165963  50.16131056  007.06199928 102
111  50.16137176  007.06233185 102
111  50.16117230  007.06289438
111  50.16127429  007.06298283 102
111  50.16134456  007.06275994 102
112  50.16141029  007.06271748  50.16144656  007.06271394 102
111  50.16150095  007.06276701 102
112  50.16165961  007.06310311  50.16176614  007.06326940 102
111  50.16182281  007.06333662 102
112  50.16181374  007.06347460  50.16178654  007.06353121 102
111  50.16172535  007.06355951
111  50.16190214  007.06374349 102
112  50.16191347  007.06360197  50.16193841  007.06353121 102
111  50.16199507  007.06352767 102
111  50.16211747  007.06362673 102
111  50.16221266  007.06429895
111  50.16232146  007.06426711 102
111  50.16226933  007.06388146 102
112  50.16229426  007.06378948  50.16230786  007.06375410 102
111  50.16233733  007.06373641 102
112  50.16260932  007.06376823  50.16275665  007.06378238 102
111  50.16284504  007.06378592 102
111  50.16288131  007.06396636 102
111  50.16281558  007.06403358 102
111  50.16264785  007.06400882
111  50.16263425  007.06433432
111  50.16300597  007.06434847 102
111  50.16300371  007.06396990 102
111  50.16306264  007.06381776 102
111  50.16329383  007.06380360 102
112  50.16335729  007.06387790  50.16336636  007.06392743 102
111  50.16335729  007.06400527 102
111  50.16322810  007.06428832
111  50.16332556  007.06438385 102
111  50.16360889  007.06380005 102
112  50.16386501  007.06375052  50.16399874  007.06371513 102
111  50.16406901  007.06370806 102
112  50.16413700  007.06373990  50.16416194  007.06378590 102
111  50.16416194  007.06386727 102
111  50.16409167  007.06415740
111  50.16420727  007.06421755 102
111  50.16437726  007.06356653 102
112  50.16457446  007.06341438  50.16466059  007.06333300 102
111  50.16472858  007.06327285 102
112  50.16479432  007.06329054  50.16482152  007.06331885 102
111  50.16484418  007.06338961 102
111  50.16484871  007.06369744
111  50.16496884  007.06367975 102
111  50.16494844  007.06296502 102
112  50.16507537  007.06272442  50.16512977  007.06258643 102
111  50.16515924  007.06246967 102
112  50.16523177  007.06245551  50.16527257  007.06245551 102
111  50.16529523  007.06248382 102
111  50.16538590  007.06277042
111  50.16549469  007.06268196 102
111  50.16527257  007.06203800 102
112  50.16526803  007.06185755  50.16527710  007.06180094 102
111  50.16532470  007.06170894
111  50.16541990  007.06126312 102
111  50.16524537  007.06108267 102
111  50.16516830  007.06058732 102
111  50.16526803  007.06045286
111  50.16519550  007.05999997 102
111  50.16507311  007.05997874 102
111  50.16473085  007.05786641 102
112  50.16467419  007.05743828  50.16465832  007.05727906 102
111  50.16464580  007.05713267
111  50.16451334  007.05715935 102
112  50.16454272  007.05740644  50.16456539  007.05754797 102
111  50.16459032  007.05770011 102
111  50.16499378  007.06026888 102
112  50.16497039  007.06036353  50.16495336  007.06039277 102
111  50.16490738  007.06041404
111  50.16493803  007.06062670 102
112  50.16501296  007.06063468  50.16504021  007.06065063 102
111  50.16504361  007.06067987 102
111  50.16512195  007.06113977 102
112  50.16509470  007.06125142  50.16507597  007.06127801 102
111  50.16503680  007.06129927
111  50.16506405  007.06150131 102
112  50.16511684  007.06152789  50.16514409  007.06155448 102
111  50.16514919  007.06158372 102
112  50.16499253  007.06255934  50.16481883  007.06294746 102
111  50.16468600  007.06308570 102
111  50.16462469  007.06306975 102
111  50.16432157  007.06272947
111  50.16424664  007.06288100 102
111  50.16446973  007.06312556 102
112  50.16447313  007.06320000  50.16446802  007.06326114 102
111  50.16444078  007.06329570 102
112  50.16415298  007.06348709  50.16398780  007.06356418 102
111  50.16380388  007.06359608 102
111  50.16334239  007.06292619
111  50.16325384  007.06307505 102
111  50.16349225  007.06339405 102
112  50.16349906  007.06351899  50.16347692  007.06360139 102
111  50.16340199  007.06361203 102
111  50.16279575  007.06360671 102
111  50.16251306  007.06358013 102
111  50.16233255  007.06353760 102
112  50.16216907  007.06346317  50.16210607  007.06341267 102
111  50.16203795  007.06334621
111  50.16205668  007.06319204
111  50.16199027  007.06311495
111  50.16187617  007.06319204 102
112  50.16167352  007.06284382  50.16156454  007.06260458 102
111  50.16152366  007.06245041 102
112  50.16154921  007.06231218  50.16158327  007.06225104 102
111  50.16162925  007.06226168 102
111  50.16186766  007.06235205
111  50.16188979  007.06213674 102
111  50.16145044  007.06201978 102
112  50.16150664  007.06107614  50.16163095  007.06054184 102
111  50.16182508  007.06033982 102
112  50.16192896  007.06032122  50.16196302  007.06033982 102
111  50.16197324  007.06039830 102
111  50.16202603  007.06077310
111  50.16215375  007.06071728 102
111  50.16205327  007.06003413 102
111  50.16214183  007.05991452
111  50.16222697  007.05994376
111  50.16225933  007.05989857
111  50.16225252  007.05975503 102
111  50.16289282  007.05883529 102
112  50.16298478  007.05883795  50.16302905  007.05886719 102
111  50.16304949  007.05891769 102
111  50.16304949  007.05929782
111  50.16316188  007.05930048 102
111  50.16316188  007.05846845 102
111  50.16351098  007.05795806 102
112  50.16361486  007.05796870  50.16365403  007.05801389 102
111  50.16365743  007.05807237 102
111  50.16364551  007.05842592
111  50.16376983  007.05843921 102
111  50.16380048  007.05753007 102
112  50.16404910  007.05704360  50.16418704  007.05674321 102
113  50.16429542  007.05652570
110 2 0.00 0.0000 New Taxiway 1
111  50.18382717  007.07174794 102
111  50.18459629  007.06952597 102
112  50.18464113  007.06918742  50.18463173  007.06899658 102
111  50.18462703  007.06885712 102
111  50.18439232  007.06769497
111  50.18426369  007.06776086 102
111  50.18450952  007.06898190 102
112  50.18442492  007.06958378  50.18428862  007.06981866 102
111  50.18414761  007.06974526 102
111  50.18396430  007.06959112 102
111  50.18395490  007.06904062 102
111  50.18332508  007.06849014 102
111  50.18298667  007.06876171
111  50.18325458  007.06900392
111  50.18315117  007.06927549
111  50.18401601  007.07006084 102
112  50.18411471  007.07033241  50.18411941  007.07047186 102
111  50.18407711  007.07057462 102
111  50.18392200  007.07103702 102
111  50.18380920  007.07133061 102
112  50.18366819  007.07146272  50.18360709  007.07146272 102
113  50.18352249  007.07149208
110 2 0.00 0.0000 New Taxiway 40
111  50.16445216  007.05021252
111  50.16425286  007.05021015
111  50.16425416  007.05030688
111  50.16424887  007.05071735
111  50.16444820  007.05071113
113  50.16445216  007.05041104
110 2 0.00 0.0000 New Taxiway 39
111  50.16408542  007.04852676
112  50.16419705  007.04856099  50.16424887  007.04856721
111  50.16426832  007.04856404
111  50.16436914  007.04843150
112  50.16431067  007.04815025  50.16420302  007.04802890
113  50.16402761  007.04827472
110 2 0.00 0.0000 New Taxiway 38
111  50.16440098  007.04716418
112  50.16430269  007.04680291  50.16415917  007.04674067
112  50.16408143  007.04708296  50.16407147  007.04732566
113  50.16430016  007.04729671
110 2 0.00 0.0000 New Taxiway 37
111  50.16529633  007.04688554
112  50.16551862  007.04680291  50.16558241  007.04663487
112  50.16537710  007.04643573  50.16523159  007.04645751
113  50.16522617  007.04673835
110 2 0.00 0.0000 New Taxiway 36
111  50.16505076  007.04581076
112  50.16511398  007.04574493  50.16514189  007.04573248
111  50.16516979  007.04574804
111  50.16515185  007.04588807
111  50.16555451  007.04603121
111  50.16575982  007.04507280
111  50.16572992  007.04485498
111  50.16535717  007.04467450
112  50.16529936  007.04461227  50.16529537  007.04459049
111  50.16528976  007.04454773
111  50.16520863  007.04493109
112  50.16525949  007.04487988  50.16528540  007.04486432
111  50.16532527  007.04487676
111  50.16542095  007.04492655
112  50.16545484  007.04499190  50.16546281  007.04502924
111  50.16546082  007.04508214
111  50.16537710  007.04551466
112  50.16533125  007.04557690  50.16531132  007.04558623
111  50.16527544  007.04558001
111  50.16517777  007.04554889
112  50.16513790  007.04548355  50.16512793  007.04545243
113  50.16512092  007.04540687
110 2 0.00 0.0000 New Taxiway 35
111  50.16468342  007.04359165
112  50.16468541  007.04399616  50.16475917  007.04411130
111  50.16480956  007.04412422
111  50.16492629  007.04402482
112  50.16493059  007.04377212  50.16490268  007.04362898
113  50.16487478  007.04359165
110 2 0.00 0.0000 New Taxiway 34
111  50.16558162  007.04271189
112  50.16561430  007.04259901  50.16565018  007.04253055
111  50.16575185  007.04253678
111  50.16568806  007.04155658
111  50.16557245  007.04156592
111  50.16555451  007.04123607
111  50.16548075  007.04123919
111  50.16550068  007.04171839
111  50.16529537  007.04174329
111  50.16527344  007.04130764
111  50.16520169  007.04129831
111  50.16521365  007.04175262
111  50.16514188  007.04176818
111  50.16520766  007.04263946
112  50.16538706  007.04263635  50.16543889  007.04269236
113  50.16544100  007.04274502
110 2 0.00 0.0000 New Taxiway 33
111  50.16616048  007.04403042
112  50.16612859  007.04363211  50.16605284  007.04348275
112  50.16590135  007.04365701  50.16583557  007.04375969
113  50.16599503  007.04405531
110 2 0.00 0.0000 New Taxiway 32
111  50.16610267  007.04176505
112  50.16616845  007.04215713  50.16625616  007.04220692
112  50.16638772  007.04199843  50.16641164  007.04184596
113  50.16624221  007.04161568
110 2 0.00 0.0000 New Taxiway 31
111  50.16698777  007.04257106
111  50.16703356  007.04248698
111  50.16716711  007.04256166
111  50.16723688  007.04229094
111  50.16730066  007.04232517
111  50.16740432  007.04190507
111  50.16689311  007.04158625
111  50.16679834  007.04200154
111  50.16685017  007.04204199
111  50.16679037  007.04233139
111  50.16689602  007.04239362
113  50.16689226  007.04251721
110 2 0.00 0.0000 New Taxiway 30
111  50.16683423  007.04384061
112  50.16710532  007.04404910  50.16724684  007.04397753
112  50.16716313  007.04370680  50.16712326  007.04363212
113  50.16692791  007.04362278
110 2 0.00 0.0000 New Taxiway 29
111  50.16816179  007.04295373
112  50.16790465  007.04283548  50.16779900  007.04293194
112  50.16785481  007.04325558  50.16791063  007.04338939
113  50.16810597  007.04322135
110 2 0.00 0.0000 New Taxiway 28
111  50.16706545  007.04535919
112  50.16733057  007.04532496  50.16739834  007.04518804
112  50.16726678  007.04497021  50.16719302  007.04490797
113  50.16701163  007.04511024
110 2 0.00 0.0000 New Taxiway 27
111  50.16856244  007.04474304
112  50.16830929  007.04461545  50.16822757  007.04469014
112  50.16825547  007.04499510  50.16832923  007.04513514
113  50.16849866  007.04501377
110 2 0.00 0.0000 New Taxiway 26
111  50.16756399  007.04677935
111  50.16726080  007.04666617
111  50.16717708  007.04693068
113  50.16743133  007.04721009
110 2 0.00 0.0000 New Taxiway 25
111  50.16725092  007.04784793
111  50.16698173  007.04773976
111  50.16690399  007.04799804
113  50.16713153  007.04826625
110 2 0.00 0.0000 New Taxiway 24
111  50.16608872  007.04886623
112  50.16633988  007.04901248  50.16642559  007.04893157
112  50.16637177  007.04862040  50.16632194  007.04854571
113  50.16609470  007.04862351
110 2 0.00 0.0000 New Taxiway 23
111  50.16586746  007.04993046
111  50.16588939  007.05019185
112  50.16615450  007.05023541  50.16621430  007.05017629
114  50.16614453  007.04986200  50.16608673  007.04978731
110 2 0.00 0.0000 New Taxiway 21
111  50.17586168  007.06202146 102
111  50.17674947  007.05949653 102
111  50.17696312  007.05967242
111  50.17707188  007.05936310 102
111  50.17689119  007.05921986 102
112  50.17689601  007.05903532  50.17694425  007.05891481 102
111  50.17698767  007.05897130
111  50.17707208  007.05902403
111  50.17713721  007.05881313
111  50.17564422  007.05747243
111  50.17561239  007.05756247 102
111  50.17487747  007.05958402
111  50.17476604  007.05989470 102
111  50.17443952  007.06078339
111  50.17456472  007.06089366 102
111  50.17491462  007.05991541
111  50.17502074  007.05961301 102
111  50.17536034  007.05868094 102
112  50.17550892  007.05853595  50.17560708  007.05849867 102
111  50.17564688  007.05853181 102
111  50.17647731  007.05926504 102
112  50.17654364  007.05948046  50.17654629  007.05959645 102
111  50.17651711  007.05970001 102
113  50.17573647  007.06192622
110 2 0.00 0.0000 New Taxiway 20
111  50.18386700  007.06517585
112  50.18372887  007.06486019  50.18359170  007.06481917
112  50.18352750  007.06521568  50.18354501  007.06539798
113  50.18375557  007.06537472
110 2 0.00 0.0000 New Taxiway 19
111  50.18412701  007.06368840
112  50.18403531  007.06330150  50.18389230  007.06324225
112  50.18381059  007.06359774  50.18381350  007.06376181
113  50.18400762  007.06380856
110 2 0.00 0.0000 New Taxiway 18
111  50.18436048  007.06196064
112  50.18415788  007.06158785  50.18399153  007.06160152
112  50.18399737  007.06197069  50.18401488  007.06211197
113  50.18429150  007.06211808
110 2 0.00 0.0000 New Taxiway 17
111  50.18328862  007.06244953
112  50.18344870  007.06259963  50.18358003  007.06254038
112  50.18351290  007.06218490  50.18342535  007.06207096
113  50.18331781  007.06222579
110 2 0.00 0.0000 New Taxiway 16
111  50.18210002  007.06348532
111  50.18219669  007.06344277
111  50.18257025  007.06345644
111  50.18263154  007.06315565
111  50.18242433  007.06300981
113  50.18238125  007.06295499
110 2 0.00 0.0000 New Taxiway 15
111  50.18167552  007.06445895
111  50.18190484  007.06445451
111  50.18217626  007.06440438
111  50.18220253  007.06410359
113  50.18189573  007.06394935
110 2 0.00 0.0000 New Taxiway 14
111  50.18186389  007.06365097
111  50.18154879  007.06337897
111  50.18142330  007.06364786
111  50.18160425  007.06396232
113  50.18168083  007.06404871
110 2 0.00 0.0000 New Taxiway 13
111  50.18236003  007.06264835
111  50.18211497  007.06245838
111  50.18199823  007.06269536
113  50.18216635  007.06301708
110 2 0.00 0.0000 New Taxiway 12
111  50.18318250  007.06072177
112  50.18320939  007.06039384  50.18313351  007.06020242
112  50.18292630  007.06048499  50.18289711  007.06068096
113  50.18299678  007.06075491
110 2 0.00 0.0000 New Taxiway 11
111  50.18404742  007.06027429
112  50.18417831  007.05999276  50.18414913  007.05978311
112  50.18389230  007.05990616  50.18380475  007.06009302
113  50.18392272  007.06022457
110 2 0.00 0.0000 New Taxiway 10
111  50.18486723  007.06087506
112  50.18504800  007.06067182  50.18506843  007.06045761
112  50.18480869  007.06042570  50.18470655  007.06056243
113  50.18475315  007.06075905
110 2 0.00 0.0000 New Taxiway 9
111  50.18517499  007.06277686
112  50.18539822  007.06275921  50.18551495  007.06258147
112  50.18529607  007.06232168  50.18516182  007.06231257
113  50.18511132  007.06256555
110 2 0.00 0.0000 New Taxiway 8
111  50.18487582  007.06396243
112  50.18511221  007.06406270  50.18526689  007.06390774
112  50.18506260  007.06359782  50.18494586  007.06355225
113  50.18487290  007.06376190
110 2 0.00 0.0000 New Taxiway 7
111  50.18462845  007.06538715
112  50.18486998  007.06540720  50.18498380  007.06524769
112  50.18479410  007.06495600  50.18467444  007.06491042
113  50.18459396  007.06517584
110 2 0.00 0.0000 New Taxiway 6
111  50.18472927  007.06671301
112  50.18497504  007.06668333  50.18507719  007.06650559
112  50.18485830  007.06625947  50.18474449  007.06626403
113  50.18467621  007.06649341
110 1 0.00 0.0000 New Taxiway 5
111  50.18029399  007.06830641 20 102
111  50.18058753  007.06744820 20 102
112  50.18075703  007.06729932  50.18084532  007.06727175 20 102
111  50.18095479  007.06737101 20 102
111  50.18315117  007.06927549
111  50.18325458  007.06900392
111  50.18298667  007.06876171 20 102
111  50.18293656  007.06871552 20
111  50.18288837  007.06867208 20 102
111  50.18105840  007.06709178 20 102
112  50.18090187  007.06682248  50.18088064  007.06665262 20 102
111  50.18093105  007.06647033 102
111  50.18140490  007.06514671
111  50.18149776  007.06488569 102
111  50.18167552  007.06445895
111  50.18189573  007.06394935 102
111  50.18210002  007.06348532
111  50.18238125  007.06295499 102
111  50.18285882  007.06214707 102
111  50.18298882  007.06234595 102
111  50.18328862  007.06244953
111  50.18331781  007.06222579 102
111  50.18319576  007.06215536 102
111  50.18307637  007.06193577 102
111  50.18308433  007.06178247 102
111  50.18339475  007.06131843 102
112  50.18422783  007.06107397  50.18468417  007.06136400 102
111  50.18470539  007.06199793 102
112  50.18463641  007.06220509  50.18457274  007.06221752 102
111  50.18455416  007.06218437 102
111  50.18436048  007.06196064
111  50.18429150  007.06211808 102
111  50.18465498  007.06259457 102
111  50.18439763  007.06393700 102
112  50.18431008  007.06400744  50.18425967  007.06399915 102
111  50.18424109  007.06396600 102
111  50.18412701  007.06368840
111  50.18400762  007.06380856 102
111  50.18429150  007.06445077 102
111  50.18416681  007.06510127 102
111  50.18411905  007.06539130 102
112  50.18405007  007.06545345  50.18401293  007.06544516 102
111  50.18399170  007.06540787 102
111  50.18388558  007.06526700 102
111  50.18386700  007.06517585
111  50.18375557  007.06537472 102
111  50.18380863  007.06543273 102
111  50.18407130  007.06581391 102
112  50.18409517  007.06661771  50.18413762  007.06721849 102
111  50.18426369  007.06776086
111  50.18439232  007.06769497 102
111  50.18428355  007.06718120 102
111  50.18428620  007.06701132 102
111  50.18472927  007.06671301
111  50.18467621  007.06649341 102
111  50.18432865  007.06671715 102
111  50.18422783  007.06665914 102
112  50.18420660  007.06618267  50.18421191  007.06585120 102
111  50.18422783  007.06563575 102
111  50.18426763  007.06554874 102
111  50.18462845  007.06538715
111  50.18459396  007.06517584 102
111  50.18439763  007.06525456 102
112  50.18432334  007.06520484  50.18429946  007.06514684 102
111  50.18430742  007.06509712 102
111  50.18449845  007.06407371 102
112  50.18454090  007.06399499  50.18456212  007.06397427 102
111  50.18458865  007.06398256 102
111  50.18487519  007.06396599
111  50.18487519  007.06376296 102
111  50.18466294  007.06376711 102
112  50.18460723  007.06370081  50.18459131  007.06364281 102
111  50.18460192  007.06359309 102
111  50.18468682  007.06311661 102
111  50.18481152  007.06296331 102
111  50.18517499  007.06277686
111  50.18511132  007.06256555 102
111  50.18489111  007.06270642 102
112  50.18483009  007.06265670  50.18481417  007.06261527 102
111  50.18480621  007.06251168 102
111  50.18493091  007.06227551
111  50.18492826  007.06219679
111  50.18483805  007.06214293 102
112  50.18479029  007.06172030  50.18473723  007.06149242 102
111  50.18468947  007.06139298 102
111  50.18469213  007.06126454 102
111  50.18486723  007.06087506
111  50.18475315  007.06075905 102
111  50.18462315  007.06107809 102
111  50.18454355  007.06111538 102
112  50.18428355  007.06089164  50.18409517  007.06076734 102
111  50.18402089  007.06079634 102
111  50.18397578  007.06065547 102
111  50.18404742  007.06027429
111  50.18392272  007.06022457 102
111  50.18384578  007.06066790 102
111  50.18379272  007.06079634 102
112  50.18350352  007.06095379  50.18333638  007.06109466 102
111  50.18329658  007.06118581 102
112  50.18320637  007.06117752  50.18318250  007.06113609 102
111  50.18317454  007.06109051 102
111  50.18315862  007.06080049 102
111  50.18318250  007.06072177
111  50.18299678  007.06075491 102
111  50.18302596  007.06082535 102
111  50.18306311  007.06145098 102
111  50.18304453  007.06156699 102
111  50.18260677  007.06223818 102
111  50.18252187  007.06236662 102
111  50.18236003  007.06264835
111  50.18216635  007.06301708 102
111  50.18186389  007.06365097
111  50.18168083  007.06404871 102
111  50.18147004  007.06454779 102
112  50.18139299  007.06459290  50.18135447  007.06458789 102
111  50.18129990  007.06453275 102
111  50.17990021  007.06325444 102
112  50.17975896  007.06274814  50.17972686  007.06233708 102
111  50.17991947  007.06197615
111  50.17979443  007.06188489 102
112  50.17963697  007.06276317  50.17966265  007.06326447 102
111  50.17984243  007.06343992 102
111  50.18122606  007.06470820 102
112  50.18128384  007.06495384  50.18128063  007.06506914 102
111  50.18125495  007.06516940 102
111  50.18080872  007.06640261 20 102
112  50.18058400  007.06660310  50.18047164  007.06658305 20 102
111  50.18044596  007.06654796 20 102
111  50.17597082  007.06264802 20 102
112  50.17581994  007.06234727  50.17581031  007.06219188 20 102
111  50.17586168  007.06202146
111  50.17573647  007.06192622 20 102
112  50.17555670  007.06215680  50.17544113  007.06218186 20 102
111  50.17538976  007.06214176 20 102
111  50.17494995  007.06175579 20
111  50.17489566  007.06170792 20 102
111  50.17466745  007.06151018 20 102
112  50.17451978  007.06119942  50.17451657  007.06104905 20 102
111  50.17456472  007.06089366
111  50.17443952  007.06078339 20 102
112  50.17425653  007.06102398  50.17412812  007.06105906 20 102
111  50.17407676  007.06098889 20 102
111  50.17093068  007.05824224 20
111  50.17070596  007.05803675 20 102
111  50.17037530  007.05775608 20
111  50.17032393  007.05770596 20 102
111  50.16681254  007.05463563
111  50.16645750  007.05433125
111  50.16636350  007.05461806 20 102
111  50.17128381  007.05892879 20 102
112  50.17139938  007.05916436  50.17141864  007.05931973 20 102
111  50.17138333  007.05944001 20 102
111  50.17108177  007.06025635
111  50.17121282  007.06037482 20 102
111  50.17151174  007.05955529 20 102
112  50.17167868  007.05938989  50.17178140  007.05936985 20 102
111  50.17183598  007.05941496 20 102
111  50.17478302  007.06199118 20
111  50.17485044  007.06204131 20 102
111  50.17533198  007.06246234 20 102
112  50.17540260  007.06267788  50.17541866  007.06281822 20 102
111  50.17539297  007.06291346 20 102
111  50.17508998  007.06375989
111  50.17518991  007.06385338 20 102
111  50.17547965  007.06300869 20 102
112  50.17562090  007.06286835  50.17572684  007.06282323 20 102
111  50.17580710  007.06287837 20 102
111  50.18005430  007.06658271 20 102
111  50.18009604  007.06661780 20 102
111  50.18040744  007.06690855 20 102
112  50.18047485  007.06712912  50.18048769  007.06726948 20 102
111  50.18046843  007.06732964 20 102
113  50.18015737  007.06819117
110 1 0.00 0.0000 New Taxiway 22
111  50.16553035  007.05304445 102
111  50.16606183  007.05152566 102
111  50.16638286  007.05087127 102
112  50.16667736  007.05017959  50.16679144  007.04988138 102
111  50.16686838  007.04962873 102
111  50.16770677  007.04674602 102
112  50.16785004  007.04611646  50.16788718  007.04586795 102
111  50.16789780  007.04559873 102
111  50.16831699  007.04503958
111  50.16823474  007.04489047 102
111  50.16801719  007.04515969 102
112  50.16794821  007.04515555  50.16792167  007.04513484 102
111  50.16790045  007.04506857 102
112  50.16783943  007.04455499  50.16779698  007.04430647 102
111  50.16775453  007.04409938 102
111  50.16796412  007.04328758
111  50.16784739  007.04321303 102
111  50.16774392  007.04361479 102
112  50.16767228  007.04366449  50.16763779  007.04366035 102
111  50.16759534  007.04362307 102
112  50.16730121  007.04301139  50.16716314  007.04282955 102
111  50.16699308  007.04272845 102
111  50.16698777  007.04257106
111  50.16689226  007.04251721 102
111  50.16681797  007.04262490 102
112  50.16657389  007.04255450  50.16646511  007.04254208 102
111  50.16640143  007.04254622 102
111  50.16634837  007.04246339 102
111  50.16633511  007.04210306
111  50.16618918  007.04216104 102
111  50.16622102  007.04251309 102
111  50.16617061  007.04261663 102
112  50.16589469  007.04278230  50.16574611  007.04291484 102
111  50.16570366  007.04296039 102
112  50.16563203  007.04295211  50.16561345  007.04292726 102
111  50.16559488  007.04287342 102
111  50.16558162  007.04271189
111  50.16544100  007.04274502 102
111  50.16548610  007.04328759 102
112  50.16535345  007.04367278  50.16525263  007.04399583 102
111  50.16520222  007.04429817 102
112  50.16510936  007.04441414  50.16505895  007.04440999 102
111  50.16504038  007.04438100 102
111  50.16492629  007.04402482
111  50.16480956  007.04412422 102
111  50.16508018  007.04487800 102
112  50.16488650  007.04605422  50.16477507  007.04683699 102
111  50.16472466  007.04747480 102
112  50.16462384  007.04754520  50.16458669  007.04753278 102
111  50.16455486  007.04748308 102
111  50.16440098  007.04716418
111  50.16430016  007.04729671 102
111  50.16467690  007.04803805 102
111  50.16465037  007.04865101 102
111  50.16454159  007.04868828 102
111  50.16436914  007.04843150
111  50.16426832  007.04856404 102
111  50.16463710  007.04916043 102
111  50.16462384  007.04970712
111  50.16448587  007.04971540
111  50.16448853  007.04988106
111  50.16461853  007.04988935 102
111  50.16461853  007.05010057 102
112  50.16457933  007.05018856  50.16455083  007.05021252 102
111  50.16452890  007.05021594 102
111  50.16445216  007.05021252
111  50.16445216  007.05041104 102
111  50.16455521  007.05041789 102
112  50.16459468  007.05045554  50.16460345  007.05047265 102
111  50.16461222  007.05051715 102
111  50.16459838  007.05134487
111  50.16472863  007.05134487 102
111  50.16474159  007.05008245 102
111  50.16516697  007.04949030
111  50.16507268  007.04934312 102
111  50.16490604  007.04959983 102
112  50.16480956  007.04961010  50.16477009  007.04957930 102
111  50.16475475  007.04948688 102
112  50.16478544  007.04829916  50.16480737  007.04782681 102
111  50.16483587  007.04745372 102
111  50.16529633  007.04688554
111  50.16522617  007.04673835 102
111  50.16504856  007.04694715 102
112  50.16494989  007.04693003  50.16491700  007.04688896 102
111  50.16491262  007.04679312 102
112  50.16497401  007.04625916  50.16500471  007.04603667 102
111  50.16505076  007.04581076
111  50.16512092  007.04540687 102
111  50.16520863  007.04493109
111  50.16528976  007.04454773 102
111  50.16538185  007.04406853 102
111  50.16549148  007.04399665 102
111  50.16593440  007.04391450
111  50.16592344  007.04370229 102
111  50.16557919  007.04379128 102
112  50.16551779  007.04373651  50.16549806  007.04366463 102
111  50.16551779  007.04354483 102
112  50.16653458  007.04273281  50.16717800  007.04279257 102
111  50.16741276  007.04352803 102
112  50.16740746  007.04367299  50.16738358  007.04374340 102
111  50.16734378  007.04377653 102
111  50.16716337  007.04376411
111  50.16715010  007.04396291 102
111  50.16756399  007.04397948 102
112  50.16773379  007.04464631  50.16780542  007.04518474 102
111  50.16777889  007.04559478 102
112  50.16768338  007.04566519  50.16763297  007.04566105 102
111  50.16761440  007.04561963 102
111  50.16734113  007.04521788
111  50.16725888  007.04537112 102
111  50.16773379  007.04604625 102
112  50.16766216  007.04643972  50.16762501  007.04658883 102
111  50.16756399  007.04677935
111  50.16743133  007.04721009 102
111  50.16725092  007.04784793
111  50.16713153  007.04826625 102
111  50.16677336  007.04954191 102
112  50.16669111  007.04956262  50.16664601  007.04955020 102
111  50.16662744  007.04951706 102
111  50.16637274  007.04892065
111  50.16628518  007.04901177 102
111  50.16662744  007.04992296 102
112  50.16645764  007.05039097  50.16635151  007.05063533 102
111  50.16627722  007.05075544 102
112  50.16619498  007.05075130  50.16615518  007.05071402 102
111  50.16614987  007.05068503 102
111  50.16612865  007.05023358
111  50.16599599  007.05024187 102
111  50.16605967  007.05121517 102
111  50.16597742  007.05143054 102
113  50.16541603  007.05294128
110 2 0.00 0.0000 New Taxiway 2
111  50.16416297  007.05641231
111  50.16429542  007.05652570 102
112  50.16444925  007.05653904  50.16450052  007.05661908 102
111  50.16450052  007.05670579 102
112  50.16450052  007.05695258  50.16450480  007.05705930 102
111  50.16451334  007.05715935
111  50.16464580  007.05713267 102
111  50.16464153  007.05640564 102
112  50.16470989  007.05611883  50.16478681  007.05599210 102
111  50.16500900  007.05598543
111  50.16505600  007.05537845 102
112  50.16490645  007.05499159  50.16490217  007.05484485 102
111  50.16494490  007.05470478 102
111  50.16520128  007.05400442 102
112  50.16535937  007.05384433  50.16544483  007.05381765 102
111  50.16550465  007.05387101 102
111  50.16636350  007.05461806
111  50.16645750  007.05433125
111  50.16681254  007.05463563 102
111  50.16681012  007.05407461 102
111  50.16618302  007.05350982 102
111  50.16587188  007.05379222 102
111  50.16562345  007.05357760 102
112  50.16551974  007.05332157  50.16551250  007.05320108 102
111  50.16553035  007.05304445
111  50.16541603  007.05294128 102
112  50.16525925  007.05312201  50.16517483  007.05314837 102
111  50.16510489  007.05312201 102
111  50.16487093  007.05293375 102
112  50.16474792  007.05275303  50.16471174  007.05263254 102
111  50.16471415  007.05249700 102
111  50.16472863  007.05134487
111  50.16459838  007.05134487 102
112  50.16451637  007.05161972  50.16441749  007.05174397 102
111  50.16431136  007.05175527 102
111  50.16428483  007.05336297 102
112  50.16444884  007.05350604  50.16452361  007.05361523 102
111  50.16453567  007.05378842 102
111  50.16452844  007.05490289
113  50.16447778  007.05555425 102
112  50.16480744  007.05336601  50.16491646  007.05330375 102
112  50.16505740  007.05358602  50.16509463  007.05370225 102
111  50.16507335  007.05382262 102
111  50.16482073  007.05459471 102
112  50.16471437  007.05463207  50.16466650  007.05459886 102
111  50.16466119  007.05449509 102
113  50.16469044  007.05359017 102
110 2 0.00 0.0000 New Taxiway 3
111  50.18574711  007.07415177
111  50.18591281  007.07428866
111  50.18594621  007.07418402
111  50.18597997  007.07420285
111  50.18611022  007.07384878
111  50.18606482  007.07381324
111  50.18609816  007.07370543
113  50.18595338  007.07358392
110 1 0.00 0.0000 runway shoulder
111  50.18607397  007.07335549
111  50.18388888  007.07144693
111  50.18396304  007.07097267
112  50.18374057  007.07111605  50.18365582  007.07109951
111  50.18358872  007.07104436
111  50.18225742  007.06989183
111  50.18217267  007.06992491
111  50.18100733  007.06895438
111  50.18087668  007.06860698
111  50.18079546  007.06854632
111  50.18059770  007.06855184
111  50.16185328  007.05218983
111  50.16175732  007.05246469
111  50.16419031  007.05458609
111  50.16398626  007.05516426
111  50.16155903  007.05304183
111  50.16147585  007.05327931
111  50.18018621  007.06961890
111  50.18028862  007.06992218
111  50.18039456  007.07002144
111  50.18056406  007.06997733
111  50.18569506  007.07444408
111  50.18578780  007.07418277
111  50.18374153  007.07240068
111  50.18395605  007.07183619
113  50.18598222  007.07361370
110 1 0.25 0.0000 asphalt_1D.pol
111  50.17872038  007.06086344
111  50.17904208  007.06115144
111  50.17893485  007.06153991
111  50.17935521  007.06188819
111  50.17948389  007.06133898
111  50.17933376  007.06119833
111  50.17942384  007.06104428
111  50.17958255  007.06113135
111  50.17974984  007.06056874
111  50.17958684  007.06047497
111  50.17948389  007.06075627
111  50.17887479  007.06021375
111  50.17896916  007.05993245
111  50.17905495  007.06000612
111  50.17899490  007.06020706
111  50.17939381  007.06051515
111  50.17946673  007.06032092
111  50.17970694  007.06047497
112  50.17985278  007.06025394  50.17990855  007.06004631
111  50.17985707  007.05994584
111  50.17978415  007.05980519
111  50.17993857  007.05930286
111  50.17980989  007.05922249
111  50.17989568  007.05886081
111  50.17947960  007.05851252
111  50.17937237  007.05888090
111  50.17923940  007.05875364
111  50.17933805  007.05837857
111  50.17893485  007.05806377
111  50.17878043  007.05839196
111  50.17866890  007.05829150
111  50.17881903  007.05782935
111  50.17889195  007.05775568
111  50.17878043  007.05766192
111  50.17876327  007.05778248
111  50.17827856  007.05932295
111  50.17842441  007.05950379
113  50.17833004  007.06028073
111  50.17930374  007.05899477
111  50.17914503  007.05976501
111  50.17902921  007.05981189
111  50.17892627  007.05970473
113  50.17919221  007.05890100
110 1 0.25 0.0000 asphalt_1D.pol
111  50.18005430  007.06658271
111  50.17987737  007.06706375
111  50.17985077  007.06708263
111  50.17981909  007.06718698
111  50.17990074  007.06725657
111  50.17994413  007.06714313
111  50.17991350  007.06709619
113  50.18009604  007.06661780
110 1 0.25 0.0000 asphalt_1D.pol
111  50.18293656  007.06871552
111  50.18315731  007.06810167
111  50.18324521  007.06815315
111  50.18327378  007.06805705
111  50.18315587  007.06797931
111  50.18291996  007.06863704
113  50.18288837  007.06867208
110 1 0.25 0.0000 asphalt_1D.pol
111  50.16204040  007.05962529
111  50.16158851  007.05905240
111  50.16160179  007.05888664
111  50.16181085  007.05862247
111  50.16159515  007.05822880
111  50.16133299  007.05859657
111  50.16091153  007.05811484
111  50.16123343  007.05709959
111  50.16136285  007.05703743
111  50.16117370  007.05688721
111  50.16120025  007.05705297
111  50.16081198  007.05811484
111  50.15992925  007.05707370
111  50.15990038  007.05714929
111  50.16015591  007.05753672
112  50.16010115  007.05785580  50.16007925  007.05803243
111  50.16010480  007.05818626
111  50.16080202  007.05907510
112  50.16095899  007.05905232  50.16099549  007.05902383
111  50.16106120  007.05892697
111  50.16128752  007.05885860
113  50.16199280  007.05970312
112  50.16100280  007.05883012  50.16092979  007.05897257
111  50.16081663  007.05892699
111  50.16019606  007.05817487
112  50.16018146  007.05790137  50.16021796  007.05773614
111  50.16041143  007.05780451
113  50.16098089  007.05847116
110 2 0.25 0.0000 concrete_1D.pol
111  50.16206915  007.04886072
111  50.16207707  007.04864301
111  50.16226157  007.04807481
111  50.16198731  007.04782574
111  50.16176542  007.04840172
112  50.16170308  007.04847177  50.16166818  007.04848345
113  50.16160920  007.04847325
110 1 0.25 0.0000 asphalt_1D.pol
111  50.16425286  007.05021015
112  50.16399290  007.05010290  50.16391624  007.05002883
111  50.16378848  007.04982939
111  50.16297444  007.04840487
111  50.16293794  007.04846755
111  50.16362056  007.04965843
112  50.16364611  007.04989205  50.16360961  007.04994903
111  50.16351470  007.04993194
111  50.16248164  007.04906584
111  50.16219691  007.04895188
111  50.16206915  007.04886072
111  50.16160920  007.04847325
111  50.16150334  007.04831371
111  50.16144360  007.04849757
111  50.16159095  007.04852453
111  50.16215676  007.04903164
111  50.16245609  007.04913991
111  50.16356215  007.05006868
111  50.16337598  007.05090061
112  50.16344169  007.05104876  50.16348914  007.05107156
111  50.16353295  007.05097469
111  50.16379213  007.05023964
111  50.16391259  007.05027382
113  50.16425416  007.05030688
110 1 0.25 0.0000 asphalt_1D.pol
111  50.16679834  007.04200154
111  50.16689311  007.04158625
111  50.16723242  007.04180217
111  50.16733629  007.04137682
111  50.16685266  007.04103919
111  50.16675219  007.04140872
111  50.16679476  007.04145391
113  50.16666875  007.04192180
110 1 0.25 0.0000 asphalt_1D.pol
111  50.17093068  007.05824224
112  50.17092185  007.05802601  50.17093684  007.05794704
112  50.17112978  007.05766336  50.17123281  007.05763411
111  50.17133958  007.05775694
111  50.17224809  007.05854366
112  50.17232302  007.05857875  50.17237547  007.05859045
111  50.17242043  007.05859045
111  50.17296741  007.05853488
112  50.17324090  007.05813127  50.17327461  007.05780663
111  50.17318283  007.05773936
111  50.17262835  007.05728896
112  50.17258527  007.05703452  50.17262273  007.05692923
111  50.17267706  007.05694678
111  50.17342276  007.05750972
112  50.17401014  007.05756154  50.17427562  007.05735429
112  50.17441832  007.05646829  50.17441500  007.05610560
111  50.17436854  007.05538023
111  50.17422252  007.05548904
111  50.17368160  007.05537505
111  50.17363846  007.05568592
111  50.17432540  007.05591389
112  50.17432872  007.05678435  50.17426898  007.05706931
112  50.17397363  007.05749936  50.17378448  007.05763407
111  50.17360196  007.05751490
111  50.17312741  007.05720403
111  50.17309754  007.05700196
111  50.17279556  007.05662373
111  50.17252012  007.05647347
111  50.17239402  007.05660818
111  50.17129227  007.05585173
111  50.17135864  007.05560822
111  50.17147479  007.05554604
111  50.17199911  007.05581028
111  50.17207212  007.05548387
111  50.17168385  007.05522482
111  50.17162744  007.05545278
111  50.17149802  007.05541133
111  50.17131550  007.05550460
111  50.17112966  007.05585172
112  50.17117944  007.05599679  50.17117612  007.05611077
111  50.17101683  007.05636982
111  50.17069825  007.05615222
111  50.17057547  007.05639572
111  50.17033653  007.05622993
111  50.17025025  007.05646308
111  50.17069162  007.05677393
111  50.17032393  007.05770596
111  50.17037530  007.05775608
111  50.17074233  007.05681064
111  50.17085472  007.05687791
111  50.17104766  007.05649187
111  50.17128556  007.05605026
111  50.17253875  007.05684575
112  50.17254624  007.05691302  50.17254624  007.05695104
111  50.17253687  007.05698028
111  50.17246382  007.05717331
111  50.17232520  007.05715576
111  50.17224278  007.05740728
111  50.17232894  007.05754182
112  50.17225589  007.05774361  50.17221655  007.05779918
111  50.17215661  007.05786352
111  50.17187188  007.05803608
111  50.17179320  007.05803315
111  50.17131366  007.05763247
112  50.17109824  007.05759738  50.17097648  007.05766464
111  50.17092778  007.05782842
112  50.17083786  007.05801267  50.17078541  007.05805654
113  50.17070596  007.05803675
111  50.17290636  007.05798013
112  50.17299138  007.05818994  50.17301332  007.05833981
111  50.17290910  007.05842973
111  50.17248949  007.05849396
112  50.17235236  007.05849824  50.17230574  007.05849396
111  50.17218232  007.05836550
112  50.17210352  007.05813041  50.17210626  007.05802337
111  50.17227831  007.05785595
112  50.17239624  007.05765470  50.17244012  007.05760760
113  50.17250046  007.05763757
110 1 0.25 0.0000 asphalt_1D.pol
111  50.17467175  007.06015398
111  50.17458016  007.06011438
111  50.17408001  007.05966690
112  50.17396199  007.05964057  50.17392640  007.05966397
111  50.17384585  007.05983653
111  50.17372971  007.05981898
111  50.17363231  007.06007344
111  50.17378216  007.06020213
111  50.17395075  007.05978096
112  50.17405003  007.05975464  50.17408937  007.05976341
111  50.17411185  007.05979266
111  50.17456142  007.06017288
113  50.17462867  007.06027097
110 1 0.25 0.0000 asphalt_1D.pol
111  50.17478302  007.06199118
111  50.17437778  007.06312517
111  50.17444453  007.06318371
113  50.17485044  007.06204131
110 1 0.25 0.0000 asphalt_1D.pol
111  50.17491462  007.05991541
112  50.17499789  007.05988030  50.17503279  007.05987641
111  50.17504277  007.05989198
111  50.17528711  007.06009831
112  50.17532700  007.06019563  50.17533198  007.06023845
111  50.17532949  007.06029684
111  50.17528461  007.06041363
111  50.17528212  007.06065499
111  50.17515247  007.06100924
111  50.17511009  007.06103649
111  50.17503279  007.06127007
111  50.17503529  007.06134792
111  50.17489566  007.06170792
111  50.17494995  007.06175579
111  50.17542125  007.06047667
111  50.17575646  007.06070641
111  50.17594581  007.06015503
111  50.17581915  007.06004516
111  50.17598804  007.05956770
112  50.17576925  007.05953374  50.17576414  007.05962164
111  50.17586649  007.05964162
111  50.17588952  007.05966959
111  50.17583962  007.05983140
111  50.17537263  007.05943385
111  50.17531505  007.05960765
111  50.17543532  007.05973751
111  50.17539310  007.05987735
112  50.17531505  007.05997923  50.17527667  007.05998922
111  50.17523957  007.05995526
111  50.17504381  007.05978345
112  50.17502078  007.05972552  50.17501567  007.05968357
113  50.17502074  007.05961301
110 1 0.25 0.0000 asphalt_1D.pol
111  50.17564422  007.05747243
112  50.17529595  007.05749680  50.17513275  007.05768437
111  50.17503302  007.05796749
111  50.17489929  007.05783654
111  50.17469530  007.05839216
111  50.17481996  007.05849479
112  50.17476330  007.05883100  50.17474970  007.05906457
111  50.17476604  007.05989470
111  50.17487747  007.05958402
111  50.17483583  007.05957064
112  50.17483129  007.05884161  50.17485849  007.05856911
111  50.17495142  007.05838863
111  50.17501715  007.05837447
111  50.17513275  007.05805242
111  50.17510328  007.05798164
112  50.17540927  007.05750388  50.17551354  007.05747202
113  50.17561239  007.05756247
110 1 0.25 0.0000 asphalt_4D.pol
111  50.17713663  007.05880619
111  50.17782655  007.05687971
111  50.17686650  007.05612168
111  50.17650511  007.05713050
111  50.17661097  007.05722740
113  50.17628974  007.05806523
110 1 0.25 0.0000 asphalt_2D.pol
111  50.17769201  007.06158164
111  50.17688660  007.06092073
111  50.17657501  007.06177440
113  50.17738631  007.06240777
110 1 0.25 0.0000 asphalt_1D.pol
111  50.18441005  007.06850057
112  50.18431252  007.06858761  50.18426607  007.06859244
112  50.18399361  007.06841353  50.18393478  007.06834342
111  50.18379700  007.06816693
111  50.18243032  007.06601984
112  50.18211219  007.06559156  50.18202168  007.06549734
111  50.18159384  007.06512046
112  50.18151787  007.06501873  50.18150254  007.06498150
111  50.18149776  007.06488569
111  50.18140490  007.06514671
112  50.18148211  007.06513574  50.18151106  007.06514903
111  50.18158088  007.06520754
112  50.18207132  007.06566493  50.18219393  007.06580322
111  50.18233016  007.06599469
111  50.18373848  007.06822589
112  50.18399222  007.06851577  50.18413182  007.06864362
111  50.18433962  007.06866204
113  50.18444591  007.06867378
110 1 0.25 0.0000 asphalt_1D.pol
111  50.18688710  007.07078504
112  50.18623334  007.07027893  50.18606850  007.07014728
111  50.18572570  007.06969383
112  50.18507757  007.06893615  50.18485090  007.06872844
111  50.18459098  007.06867468
111  50.18462703  007.06885712
112  50.18467592  007.06880086  50.18469101  007.06879027
112  50.18506138  007.06903697  50.18526580  007.06920229
111  50.18547049  007.06948910
111  50.18537642  007.06968190
111  50.18556455  007.06993896
111  50.18568213  007.06980125
112  50.18633469  007.07050818  50.18662276  007.07078361
113  50.18687556  007.07087542
110 2 0.25 0.0000 concrete_1D.pol
111  50.16415037  007.05952915
111  50.16450811  007.05935250
111  50.16435480  007.05862314
113  50.16401531  007.05873710
110 1 0.25 0.0000 asphalt_1D.pol
111  50.16450178  007.06078104
111  50.16388604  007.06103675
112  50.16334273  007.06106174  50.16316342  007.06098557
111  50.16292970  007.06071181
111  50.16225933  007.05989857
111  50.16222697  007.05994376
111  50.16293182  007.06083617
112  50.16334541  007.06115583  50.16349398  007.06121851
111  50.16386741  007.06111823
111  50.16394772  007.06119344
111  50.16402401  007.06171994
113  50.16462002  007.06149530
130 Airport Boundary 1
111  50.18617303  007.06909386
111  50.18495471  007.06756333
111  50.18585238  007.06129526
111  50.18382280  007.05927893
111  50.18205153  007.06043112
111  50.16932054  007.05029345
111  50.16884082  007.04404416
111  50.16810280  007.04211465
111  50.16478167  007.04012878
111  50.15943096  007.05495824
111  50.16090702  007.06448896
111  50.16245688  007.06584226
111  50.16457871  007.06564070
111  50.16719871  007.06063060
111  50.18570477  007.07635876
111  50.18749449  007.07549524
113  50.18777125  007.07267189
120 Linear Feature 51
111  50.18394696  007.07138002 54
115  50.18383236  007.07128059
120 Linear Feature 50
111  50.18032325  007.06818700 54
115  50.18019955  007.06808473
120 Linear Feature 49
111  50.17522967  007.06371603 54
115  50.17514053  007.06363650
120 Linear Feature 48
111  50.17124174  007.06027191 54
115  50.17112288  007.06016881
120 Linear Feature 47
111  50.16427952  007.05611449 54
115  50.16462842  007.05642631
120 Linear Feature 46
111  50.16498532  007.05458033 54
115  50.16486813  007.05446807
120 Linear Feature 45
111  50.16466416  007.05427346 54
115  50.16453526  007.05427849
120 Linear Feature 19
111  50.16355013  007.06335562 51
112  50.16357196  007.06357996  50.16354286  007.06369354 51
115  50.16344343  007.06371479
120 Linear Feature 21
111  50.16408829  007.06360229 51
112  50.16420138  007.06366798  50.16423958  007.06374182 51
115  50.16421230  007.06394060
120 Linear Feature 23
111  50.16490315  007.06291021 51
112  50.16488720  007.06300064  50.16488538  007.06306595 51
115  50.16490357  007.06338969
120 Linear Feature 26
111  50.16519930  007.06198870 51
112  50.16521464  007.06206919  50.16522374  007.06210327 51
115  50.16535653  007.06246392
120 Linear Feature 25
111  50.16511926  007.06240104 51
112  50.16522374  007.06233329  50.16530196  007.06233045 51
111  50.16535653  007.06246392 51
115  50.16545295  007.06274506
120 Linear Feature 24
111  50.16451791  007.06306879 51
112  50.16456157  007.06321930  50.16455975  007.06330449 51
115  50.16453696  007.06333504
120 Linear Feature 22
111  50.16428688  007.06280186 51
111  50.16451791  007.06306879 51
112  50.16463070  007.06316819  50.16467436  007.06318238 51
111  50.16472705  007.06316011 51
112  50.16484354  007.06319090  50.16489447  007.06325622 51
111  50.16490357  007.06338969 51
115  50.16490721  007.06371342
120 Linear Feature 20
111  50.16433485  007.06348810 51
112  50.16429962  007.06357427  50.16428506  007.06362539 51
111  50.16421230  007.06394060 51
115  50.16414317  007.06420469
120 Linear Feature 18
111  50.16380376  007.06368569 51
112  50.16375569  007.06364527  50.16373387  007.06361971 51
111  50.16355013  007.06335562 51
115  50.16331546  007.06302338
120 Linear Feature 17
111  50.16361241  007.06370897 51
112  50.16355741  007.06373898  50.16353922  007.06376170 51
115  50.16341552  007.06402579
120 Linear Feature 16
111  50.16331670  007.06370897 51
112  50.16342279  007.06382133  50.16344462  007.06390652 51
111  50.16341552  007.06402579 51
115  50.16326817  007.06435235
120 Linear Feature 15
111  50.16280728  007.06369151 51
112  50.16289706  007.06378726  50.16294436  007.06386393 51
111  50.16294800  007.06399171 51
112  50.16300257  007.06380145  50.16304259  007.06373046 51
115  50.16311045  007.06370509
120 Linear Feature 3
111  50.16288183  007.05872838 51
112  50.16300844  007.05873713  50.16306170  007.05877492 51
115  50.16310529  007.05889209
120 Linear Feature 5
111  50.16181825  007.06022956 51
112  50.16193656  007.06021225  50.16199295  007.06022929 51
115  50.16202388  007.06032300
120 Linear Feature 11
111  50.16151260  007.06263838 51
112  50.16141265  007.06259748  50.16135444  007.06260600 51
115  50.16132533  007.06265995
120 Linear Feature 10
111  50.16142066  007.06226406 51
112  50.16141811  007.06238735  50.16140719  007.06243279 51
111  50.16132533  007.06265995 51
115  50.16122164  007.06294675
120 Linear Feature 13
111  50.16221307  007.06387245 51
112  50.16224036  007.06368503  50.16227492  007.06363960 51
115  50.16234756  007.06363721
120 Linear Feature 12
111  50.16211645  007.06351502 51
112  50.16216577  007.06359985  50.16218032  007.06364812 51
111  50.16221307  007.06387245 51
115  50.16226219  007.06430691
120 Linear Feature 9
111  50.16146290  007.06244831 51
112  50.16149087  007.06225673  50.16153817  007.06217155 51
115  50.16164550  007.06218858
120 Linear Feature 8
111  50.16139084  007.06205460 51
112  50.16145813  007.06214315  50.16149451  007.06216019 51
111  50.16164550  007.06218858 51
115  50.16186561  007.06223118
120 Linear Feature 7
111  50.16146042  007.06101311 51
112  50.16142538  007.06087671  50.16138900  007.06082276 51
115  50.16131805  007.06080005
120 Linear Feature 6
111  50.16154363  007.06074042 51
112  50.16149633  007.06078017  50.16146540  007.06079153 51
111  50.16131805  007.06080005 51
115  50.16107247  007.06083128
120 Linear Feature 4
111  50.16201457  007.05995415 51
112  50.16199477  007.06008163  50.16199477  007.06014410 51
111  50.16202388  007.06032300 51
115  50.16209119  007.06072622
120 Linear Feature 2
111  50.16313530  007.05837151 51
112  50.16310529  007.05847256  50.16310044  007.05851414 51
111  50.16310287  007.05858217 51
111  50.16310529  007.05889209 51
115  50.16310044  007.05933808
120 Linear Feature 30
111  50.16502521  007.06007385 51
112  50.16510785  007.06020628  50.16516798  007.06024895 51
111  50.16527186  007.06022548 51
112  50.16513928  007.06035776  50.16509965  007.06045163 51
115  50.16509965  007.06056258
120 Linear Feature 29
111  50.16495204  007.06051351 51
112  50.16502858  007.06041110  50.16505864  007.06033002 51
115  50.16505370  007.06026042
120 Linear Feature 31
111  50.16519530  007.06119527 51
112  50.16515342  007.06131155  50.16511235  007.06138047 51
115  50.16503399  007.06141674
120 Linear Feature 28
111  50.16521931  007.06153264 51
112  50.16515960  007.06144208  50.16511042  007.06140072 51
111  50.16503399  007.06141674 51
111  50.16489737  007.06145867 51
112  50.16480716  007.06144587  50.16477846  007.06141600 51
111  50.16476616  007.06134986 51
111  50.16468552  007.06084421 51
112  50.16469509  007.06066926  50.16471969  007.06059672 51
111  50.16476206  007.06057965 51
111  50.16495067  007.06051351 51
112  50.16504088  007.06054764  50.16509691  007.06059245 51
115  50.16510926  007.06062675
120 Linear Feature 27
111  50.16521731  007.06170757 51
112  50.16527119  007.06156662  50.16532202  007.06149432 51
111  50.16540448  007.06151725 51
112  50.16525989  007.06138853  50.16521697  007.06133034 51
115  50.16520330  007.06127961
120 Linear Feature 1
111  50.16536770  007.05600700 51
111  50.16489314  007.05560257 51
112  50.16466394  007.05559187  50.16458404  007.05567125 51
111  50.16455989  007.05634440 51
112  50.16457684  007.05708899  50.16462042  007.05757657 51
111  50.16467369  007.05786383 51
111  50.16502521  007.06007385 51
111  50.16510926  007.06062675 51
111  50.16519530  007.06119527 51
111  50.16520330  007.06127961 51
111  50.16521931  007.06153264 51
111  50.16521731  007.06170757 51
112  50.16521105  007.06186663  50.16520731  007.06192487 51
111  50.16519930  007.06198870 51
112  50.16516590  007.06219663  50.16514686  007.06227387 51
111  50.16511926  007.06240104 51
112  50.16501320  007.06270717  50.16497919  007.06277589 51
111  50.16490315  007.06291021 51
112  50.16480309  007.06305703  50.16477108  007.06310076 51
111  50.16472705  007.06316011 51
112  50.16463100  007.06325382  50.16460099  007.06328193 51
111  50.16453696  007.06333504 51
112  50.16444291  007.06341001  50.16439488  007.06344749 51
111  50.16433485  007.06348810 51
112  50.16421502  007.06355380  50.16416905  007.06357320 51
111  50.16408829  007.06360229 51
112  50.16389943  007.06366630  50.16385222  007.06367600 51
111  50.16380376  007.06368569 51
111  50.16361241  007.06370897 51
111  50.16344343  007.06371479 51
111  50.16331670  007.06370897 51
111  50.16311045  007.06370509 51
111  50.16280728  007.06369151 51
111  50.16261718  007.06368764 51
112  50.16246559  007.06366824  50.16241838  007.06366048 51
111  50.16234756  007.06363721 51
112  50.16223325  007.06359454  50.16218479  007.06356933 51
111  50.16211645  007.06351502 51
112  50.16171513  007.06307476  50.16157721  007.06281875 51
111  50.16151260  007.06263838 51
111  50.16146290  007.06244831 51
111  50.16142066  007.06226406 51
111  50.16139084  007.06205460 51
112  50.16137841  007.06151931  50.16139953  007.06125360 51
111  50.16146042  007.06101311 51
112  50.16149769  007.06086959  50.16151757  007.06080559 51
111  50.16154366  007.06074352 51
112  50.16168034  007.06044484  50.16176483  007.06029162 51
111  50.16181825  007.06022956 51
111  50.16201457  007.05995415 51
111  50.16288183  007.05872838 51
111  50.16313530  007.05837151 51
111  50.16354780  007.05778770 51
112  50.16395410  007.05710109  50.16414336  007.05671991 51
111  50.16424609  007.05641836 51
111  50.16455547  007.05558046 51
112  50.16463307  007.05548436  50.16469643  007.05543975 51
111  50.16477542  007.05550287 51
115  50.16489314  007.05560257
120 Linear Feature 2
111  50.16630296  007.05088845 51
112  50.16618004  007.05089054  50.16611801  007.05083332 51
115  50.16609686  007.05070346
120 Linear Feature 4
111  50.16679756  007.04964726 51
112  50.16669232  007.04972011  50.16664072  007.04971044 51
115  50.16657879  007.04959766
120 Linear Feature 6
111  50.16729099  007.04795570 51
112  50.16723108  007.04802511  50.16720218  007.04803156 51
115  50.16713406  007.04800256
120 Linear Feature 8
111  50.16761791  007.04682412 51
112  50.16753608  007.04695962  50.16749378  007.04697363 51
115  50.16744379  007.04695562
120 Linear Feature 10
111  50.16782092  007.04583606 51
112  50.16777832  007.04589112  50.16774756  007.04589512 51
115  50.16757196  007.04568102
120 Linear Feature 12
111  50.16784289  007.04513742 51
112  50.16791802  007.04528484  50.16797570  007.04531885 51
115  50.16806029  007.04523881
120 Linear Feature 14
111  50.16758717  007.04379941 51
112  50.16766937  007.04389418  50.16772577  007.04390219 51
115  50.16776294  007.04380014
120 Linear Feature 16
111  50.16750326  007.04357173 51
112  50.16749121  007.04376012  50.16746302  007.04385016 51
115  50.16739252  007.04387217
120 Linear Feature 18
111  50.16628769  007.04245953 51
112  50.16626847  007.04260359  50.16624796  007.04265362 51
115  50.16621464  007.04268286
120 Linear Feature 20
111  50.16569519  007.04310079 51
112  50.16559685  007.04308180  50.16554430  007.04304579 51
115  50.16552636  007.04296976
120 Linear Feature 22
111  50.16540950  007.04371209 51
112  50.16544176  007.04381811  50.16547637  007.04388414 51
115  50.16554815  007.04389215
120 Linear Feature 24
111  50.16521771  007.04451986 51
112  50.16511878  007.04455642  50.16505341  007.04454442 51
115  50.16498804  007.04441837
120 Linear Feature 26
111  50.16477618  007.04759184 51
112  50.16468556  007.04768571  50.16461763  007.04768571 51
115  50.16452919  007.04757167
120 Linear Feature 28
111  50.16471025  007.04868028 51
112  50.16462019  007.04879816  50.16455098  007.04881216 51
115  50.16447151  007.04872613
120 Linear Feature 32
111  50.16464897  007.05168803 51
112  50.16460581  007.05184036  50.16456828  007.05186965 51
111  50.16452888  007.05189894 51
111  50.16442754  007.05196339 51
112  50.16437875  007.05201612  50.16436186  007.05205127 51
111  50.16435998  007.05217138 51
111  50.16434595  007.05310776 51
112  50.16437500  007.05319373  50.16439939  007.05322888 51
111  50.16443317  007.05326110 51
111  50.16454389  007.05336070 51
112  50.16459384  007.05341913  50.16460697  007.05345089 51
115  50.16461245  007.05351549
120 Linear Feature 31
111  50.16454457  007.05030277 51
112  50.16462532  007.05038680  50.16466249  007.05044483 51
115  50.16467629  007.05056088
120 Linear Feature 30
111  50.16469227  007.04963150 51
112  50.16476631  007.04972853  50.16483552  007.04976655 51
115  50.16494062  007.04967251
120 Linear Feature 29
111  50.16442409  007.05030077 51
111  50.16454457  007.05030277 51
112  50.16462916  007.05021073  50.16466889  007.05012069 51
111  50.16468628  007.05005877 51
112  50.16471888  007.04998864  50.16473426  007.04997063 51
111  50.16494062  007.04967251 51
115  50.16512775  007.04940440
120 Linear Feature 27
111  50.16469627  007.04914186 51
112  50.16466121  007.04904026  50.16464070  007.04900224 51
111  50.16447151  007.04872613 51
115  50.16431771  007.04848603
120 Linear Feature 25
111  50.16474421  007.04803782 51
112  50.16471376  007.04792581  50.16468684  007.04787979 51
111  50.16452919  007.04757167 51
115  50.16434334  007.04722353
120 Linear Feature 23
111  50.16514378  007.04489411 51
112  50.16512775  007.04482053  50.16511237  007.04477652 51
111  50.16498804  007.04441837 51
115  50.16486756  007.04405822
120 Linear Feature 21
111  50.16533158  007.04401461 51
112  50.16540844  007.04393616  50.16546484  007.04390815 51
111  50.16554815  007.04389215 51
115  50.16590574  007.04382011
120 Linear Feature 19
111  50.16552138  007.04338149 51
112  50.16554558  007.04327989  50.16554815  007.04322587 51
111  50.16552636  007.04296976 51
115  50.16550457  007.04268563
120 Linear Feature 17
111  50.16637846  007.04264855 51
112  50.16632230  007.04259959  50.16630435  007.04256758 51
111  50.16628769  007.04245953 51
115  50.16626334  007.04215139
120 Linear Feature 15
111  50.16762713  007.04393040 51
112  50.16758350  007.04388418  50.16755530  007.04387217 51
111  50.16752326  007.04387617 51
111  50.16739252  007.04387217 51
115  50.16716566  007.04386017
120 Linear Feature 13
111  50.16769505  007.04414561 51
112  50.16770142  007.04404225  50.16771423  007.04398823 51
111  50.16776294  007.04380014 51
115  50.16790392  007.04325188
120 Linear Feature 11
111  50.16784090  007.04558655 51
112  50.16786932  007.04551695  50.16788983  007.04548693 51
111  50.16806029  007.04523881 51
115  50.16826921  007.04494668
120 Linear Feature 9
111  50.16779494  007.04605127 51
112  50.16777191  007.04595915  50.16775909  007.04593314 51
111  50.16757196  007.04568102 51
115  50.16731306  007.04530485
120 Linear Feature 7
111  50.16752875  007.04713344 51
112  50.16751813  007.04705166  50.16749891  007.04700764 51
111  50.16744379  007.04695562 51
115  50.16722718  007.04679755
120 Linear Feature 5
111  50.16721504  007.04820831 51
112  50.16719805  007.04806701  50.16717741  007.04802189 51
111  50.16713406  007.04800256 51
115  50.16696480  007.04787688
120 Linear Feature 3
111  50.16669651  007.04994614 51
112  50.16668200  007.04986512  50.16666342  007.04982323 51
111  50.16657879  007.04959766 51
115  50.16634554  007.04899184
120 Linear Feature 1
111  50.16610884  007.05127451 51
112  50.16611942  007.05116566  50.16611942  007.05109743 51
111  50.16609686  007.05070346 51
115  50.16607148  007.05025447
120 taxiway edge
111  50.18442492  007.06958378 2
112  50.18428862  007.06981866  50.18420884  007.06988095 2
111  50.18413549  007.06984713 2
111  50.16473612  007.05289970 2
112  50.16471226  007.05277753  50.16470889  007.05269886 2
115  50.16471415  007.05249700
120 Linear Feature 50
111  50.16641599  007.05450074 51
112  50.16658305  007.05445101  50.16664036  007.05432532 51
111  50.16655726  007.05418771 51
111  50.16622089  007.05390141 51
112  50.16617150  007.05388991  50.16614557  007.05389630 51
111  50.16611637  007.05392378 51
111  50.16600038  007.05401964 51
112  50.16594424  007.05404681  50.16591831  007.05405107 51
115  50.16587600  007.05403776
120 Linear Feature 49
111  50.16659149  007.05466056 51
112  50.16677062  007.05459023  50.16678002  007.05446029 51
111  50.16676097  007.05423864 51
112  50.16672459  007.05413414  50.16670283  007.05410018 51
111  50.16664904  007.05405393 51
111  50.16624168  007.05369639 51
112  50.16615829  007.05369547  50.16611719  007.05370679 51
111  50.16607369  007.05375958 51
111  50.16594498  007.05387375 51
112  50.16582530  007.05394264  50.16578662  007.05394264 51
115  50.16573526  007.05391481
120 Linear Feature 48
111  50.16521005  007.05372781 51
112  50.16530280  007.05362585  50.16535115  007.05360526 51
111  50.16541854  007.05364232 51
112  50.16535554  007.05348176  50.16534895  007.05338570 51
111  50.16536162  007.05329610 51
112  50.16526764  007.05341658  50.16521270  007.05344402 51
111  50.16514944  007.05341631 51
114  50.16520610  007.05355037  50.16521929  007.05363271 51
120 Linear Feature 8
111  50.18304915  007.06903801 51
112  50.18313304  007.06905488  50.18316928  007.06904390 51
111  50.18320717  007.06900000 51
111  50.18328730  007.06893964 51
112  50.18334496  007.06891028  50.18337493  007.06889780 51
111  50.18339491  007.06892276 51
111  50.18372227  007.06920020 51
112  50.18376416  007.06927488  50.18376815  007.06932168 51
111  50.18376809  007.06935643 51
111  50.18377091  007.06956665 51
112  50.18377814  007.06963453  50.18378813  007.06966885 51
115  50.18382245  007.06969962
120 Linear Feature 10
111  50.18415997  007.06662652 51
112  50.18422190  007.06679765  50.18427684  007.06684227 51
115  50.18436695  007.06681824
120 Linear Feature 14
111  50.18444358  007.06536694 51
112  50.18428447  007.06531068  50.18423494  007.06522629 51
115  50.18423757  007.06509746
120 Linear Feature 13
111  50.18417317  007.06557964 51
112  50.18424394  007.06546540  50.18427246  007.06543961 51
111  50.18444358  007.06536694 51
115  50.18463121  007.06527552
120 Linear Feature 12
111  50.18398277  007.06553806 51
112  50.18408634  007.06554041  50.18414037  007.06551462 51
115  50.18419291  007.06538101
120 Linear Feature 17
111  50.18467822  007.06387344 51
112  50.18455435  007.06378296  50.18452638  007.06370808 51
115  50.18453312  007.06357355
120 Linear Feature 21
111  50.18453637  007.06229782 51
112  50.18466823  007.06231029  50.18474615  007.06226973 51
115  50.18476593  007.06211409
120 Linear Feature 20
111  50.18470979  007.06266590 51
112  50.18468421  007.06250374  50.18466024  007.06244758 51
111  50.18453637  007.06229782 51
115  50.18430062  007.06201701
120 Linear Feature 19
111  50.18496391  007.06277830 51
112  50.18479609  007.06274710  50.18474015  007.06267222 51
115  50.18473456  007.06254987
120 Linear Feature 23
111  50.18467223  007.06113404 51
112  50.18456434  007.06121828  50.18451839  007.06121828 51
115  50.18448854  007.06119613
120 Linear Feature 25
111  50.18391504  007.06064108 51
112  50.18386709  007.06081580  50.18383512  007.06087196 51
115  50.18378516  007.06089961
120 Linear Feature 27
111  50.18313787  007.06128691 51
112  50.18314187  007.06147723  50.18313987  007.06153338 51
115  50.18311480  007.06159580
120 Linear Feature 29
111  50.18283081  007.06202640 51
112  50.18290612  007.06201073  50.18294607  007.06202009 51
115  50.18297804  007.06209497
120 Linear Feature 33
111  50.18232679  007.06322883 51
112  50.18219852  007.06320965  50.18216577  007.06322030 51
115  50.18214394  007.06324342
120 Linear Feature 37
111  50.18166842  007.06429025 51
112  50.18173730  007.06423462  50.18177141  007.06422397 51
115  50.18182872  007.06423249
120 Linear Feature 36
111  50.18177414  007.06403431 51
112  50.18177550  007.06416856  50.18178778  007.06420266 51
111  50.18182872  007.06423249 51
115  50.18219579  007.06425593
120 Linear Feature 35
111  50.18170728  007.06378926 51
112  50.18177141  007.06391498  50.18178369  007.06397891 51
115  50.18177574  007.06403241
120 Linear Feature 45
111  50.17175424  007.05918586 51
112  50.17161638  007.05918456  50.17155045  007.05922916 51
115  50.17152340  007.05930100
120 Linear Feature 44
111  50.17145920  007.06129108 51
111  50.17110141  007.06096782 51
112  50.17103057  007.06078918  50.17102512  007.06067859 51
115  50.17104720  007.06059701
120 Linear Feature 43
111  50.17149098  007.05895753 51
112  50.17153949  007.05911513  50.17155236  007.05920053 51
111  50.17152340  007.05930100 51
111  50.17104720  007.06059701 51
112  50.17092172  007.06071757  50.17085093  007.06074771 51
111  50.17078720  007.06070128 51
115  50.17035493  007.06032415
120 Linear Feature 42
111  50.17436745  007.06121202 51
112  50.17427000  007.06129354  50.17419404  007.06131417 51
115  50.17415123  007.06128842
120 Linear Feature 41
111  50.17506098  007.06403893 51
112  50.17492193  007.06420271  50.17483277  007.06423365 51
111  50.17477663  007.06418982 51
115  50.17430771  007.06377218
120 Linear Feature 40
111  50.17566401  007.06235319 51
112  50.17566644  007.06251063  50.17568107  007.06258371 51
111  50.17571804  007.06265225 51
112  50.17562035  007.06264042  50.17557247  007.06265847 51
111  50.17553192  007.06272958 51
112  50.17552624  007.06258886  50.17551303  007.06251152 51
111  50.17544561  007.06241507 51
114  50.17557082  007.06243675  50.17563191  007.06241355 51
120 Linear Feature 39
111  50.17551144  007.06482903 51
111  50.17512533  007.06449563 51
112  50.17503466  007.06428098  50.17502296  007.06414397 51
111  50.17506098  007.06403893 51
111  50.17553192  007.06272958 51
111  50.17566401  007.06235319 51
111  50.17667240  007.05944913 51
112  50.17671627  007.05912029  50.17670457  007.05897414 51
111  50.17663145  007.05890106 51
111  50.17579488  007.05812921 51
112  50.17561645  007.05810183  50.17552285  007.05813380 51
111  50.17542047  007.05832562 51
111  50.17436745  007.06121202 51
112  50.17437330  007.06138100  50.17438500  007.06146321 51
115  50.17442094  007.06152549
120 Linear Feature 38
111  50.18073719  007.06681446 51
112  50.18073782  007.06695050  50.18075010  007.06703147 51
111  50.18079864  007.06708085 51
112  50.18069142  007.06709327  50.18063274  007.06712310 51
111  50.18060014  007.06718574 51
112  50.18060409  007.06702721  50.18059181  007.06692706 51
111  50.18055238  007.06687223 51
114  50.18064775  007.06688870  50.18070779  007.06687592 51
120 Linear Feature 34
111  50.18190783  007.06373590 51
112  50.18182599  007.06380418  50.18178233  007.06381696 51
111  50.18170728  007.06378926 51
115  50.18150396  007.06352929
120 Linear Feature 32
111  50.18226117  007.06300621 51
112  50.18226402  007.06311802  50.18227767  007.06318194 51
111  50.18232679  007.06322883 51
115  50.18259834  007.06332259
120 Linear Feature 31
111  50.18222685  007.06277823 51
112  50.18226378  007.06289863  50.18226977  007.06294855 51
115  50.18226117  007.06300621
120 Linear Feature 30
111  50.18239822  007.06276126 51
112  50.18230476  007.06280631  50.18227280  007.06280319 51
111  50.18222685  007.06277823 51
115  50.18208100  007.06259728
120 Linear Feature 28
111  50.18295960  007.06182786 51
112  50.18294208  007.06193897  50.18294408  007.06199201 51
111  50.18297804  007.06209497 51
112  50.18305995  007.06224784  50.18309392  007.06228528 51
115  50.18331568  007.06233520
120 Linear Feature 26
111  50.18325185  007.06140241 51
112  50.18317783  007.06141171  50.18315585  007.06138987 51
111  50.18313787  007.06128691 51
115  50.18309392  007.06071285
120 Linear Feature 24
111  50.18399485  007.06087897 51
112  50.18392902  007.06081892  50.18390505  007.06076276 51
111  50.18391504  007.06063484 51
115  50.18398496  007.06022612
120 Linear Feature 22
111  50.18461898  007.06141015 51
112  50.18462627  007.06128068  50.18463427  007.06122140 51
111  50.18467223  007.06113404 51
115  50.18481807  007.06079396
120 Linear Feature 18
111  50.18464375  007.06300627 51
112  50.18469420  007.06293743  50.18472017  007.06291559 51
111  50.18476013  007.06289374 51
111  50.18496391  007.06277830 51
115  50.18519367  007.06264414
120 Linear Feature 16
111  50.18421272  007.06406064 51
112  50.18433059  007.06411680  50.18440451  007.06411368 51
111  50.18445222  007.06397838 51
112  50.18454436  007.06388592  50.18460030  007.06386720 51
111  50.18467822  007.06387344 51
115  50.18490198  007.06386096
120 Linear Feature 15
111  50.18435057  007.06446313 51
112  50.18433858  007.06435705  50.18432660  007.06432273 51
111  50.18421272  007.06406064 51
115  50.18406288  007.06371744
120 Linear Feature 11
111  50.18415006  007.06582460 51
112  50.18411485  007.06573028  50.18409684  007.06569981 51
111  50.18398277  007.06553806 51
115  50.18379063  007.06524974
120 Linear Feature 9
111  50.18421161  007.06712280 51
112  50.18423948  007.06693150  50.18426805  007.06686972 51
111  50.18436695  007.06681824 51
115  50.18472296  007.06660202
120 Linear Feature 7
111  50.18289013  007.06890609 51
112  50.18298328  007.06892119  50.18301725  007.06890247 51
111  50.18306120  007.06885567 51
111  50.18327097  007.06870591 51
112  50.18335688  007.06868095  50.18341082  007.06868719 51
111  50.18343879  007.06873087 51
111  50.18382038  007.06905535 51
112  50.18387460  007.06914271  50.18388659  007.06918951 51
111  50.18388232  007.06927375 51
111  50.18388432  007.06957326 51
112  50.18388907  007.06970032  50.18389534  007.06976101 51
115  50.18392028  007.06978854
120 Linear Feature 6
111  50.18416100  007.07000768 51
112  50.18428189  007.07004126  50.18433383  007.07002878 51
115  50.18438712  007.06992749
120 Linear Feature 5
111  50.18422331  007.07037972 51
112  50.18423048  007.07015872  50.18420708  007.07005823 51
111  50.18416100  007.07000768 51
111  50.18392028  007.06978854 51
111  50.18382245  007.06969962 51
111  50.18304915  007.06903801 51
111  50.18289013  007.06890609 51
111  50.18079864  007.06708085 51
111  50.18055238  007.06687223 51
111  50.17571804  007.06265225 51
111  50.17544561  007.06241507 51
111  50.17442094  007.06152549 51
111  50.17415123  007.06128842 51
111  50.17175424  007.05918586 51
111  50.17149098  007.05895753 51
111  50.16659149  007.05466056 51
111  50.16641599  007.05450074 51
111  50.16541854  007.05364232 51
111  50.16514944  007.05341631 51
111  50.16476042  007.05309551 51
112  50.16466311  007.05311536  50.16462142  007.05316332 51
111  50.16461435  007.05338334 51
111  50.16459660  007.05488428 51
112  50.16463462  007.05516281  50.16467265  007.05533632 51
111  50.16490479  007.05556338 51
115  50.16538052  007.05598013
120 Linear Feature 4
111  50.17937307  007.06819412 51
111  50.17989055  007.06864721 51
112  50.18003165  007.06862377  50.18011720  007.06856986 51
115  50.18014278  007.06848005
120 Linear Feature 3
111  50.18293648  007.07130581 51
111  50.18351424  007.07181168 51
112  50.18366412  007.07180413  50.18375356  007.07174750 51
111  50.18383334  007.07148702 51
111  50.18422331  007.07037972 51
111  50.18438712  007.06992749 51
111  50.18454507  007.06951181 51
112  50.18459480  007.06914638  50.18459772  007.06900934 51
111  50.18454507  007.06879008 51
111  50.18421161  007.06712280 51
112  50.18417978  007.06688695  50.18416162  007.06671419 51
111  50.18415997  007.06662652 51
112  50.18414511  007.06624748  50.18414346  007.06605151 51
111  50.18415006  007.06582460 51
111  50.18417317  007.06557964 51
111  50.18419299  007.06538367 51
111  50.18423757  007.06509746 51
111  50.18435480  007.06446572 51
111  50.18445222  007.06397838 51
111  50.18453312  007.06357355 51
111  50.18464375  007.06300627 51
111  50.18470979  007.06266590 51
111  50.18473456  007.06254987 51
112  50.18476428  007.06231780  50.18477088  007.06220692 51
111  50.18476593  007.06211409 51
112  50.18472135  007.06172989  50.18467016  007.06152876 51
111  50.18461898  007.06141015 51
112  50.18456449  007.06130443  50.18453147  007.06125028 51
111  50.18448854  007.06119613 51
112  50.18421610  007.06095117  50.18406750  007.06087897 51
111  50.18399485  007.06087897 51
112  50.18389083  007.06087640  50.18384625  007.06088156 51
111  50.18378516  007.06089961 51
112  50.18352759  007.06104916  50.18340540  007.06117035 51
111  50.18325185  007.06140241 51
111  50.18311480  007.06159580 51
111  50.18295960  007.06182786 51
111  50.18283081  007.06202640 51
111  50.18239822  007.06276126 51
111  50.18226117  007.06300621 51
111  50.18214394  007.06324342 51
111  50.18190783  007.06373590 51
111  50.18177574  007.06403241 51
111  50.18166842  007.06429025 51
111  50.18134645  007.06511791 51
111  50.18073719  007.06681446 51
111  50.18060014  007.06718574 51
111  50.18014278  007.06848005 51
112  50.18011801  007.06868889  50.18012297  007.06882297 51
111  50.18021213  007.06892352 51
115  50.18070086  007.06935152
120 Linear Feature 46
111  50.16490479  007.05556338 51
112  50.16479522  007.05525539  50.16476863  007.05506444 51
111  50.16485904  007.05471160 51
111  50.16521005  007.05372781 51
111  50.16536162  007.05329610 51
111  50.16547862  007.05298477 51
111  50.16590408  007.05180586 51
112  50.16604502  007.05141980  50.16607427  007.05134508 51
111  50.16610884  007.05127451 51
111  50.16630296  007.05088845 51
112  50.16651835  007.05043183  50.16665396  007.05011634 51
111  50.16669651  007.04994614 51
111  50.16679756  007.04964726 51
111  50.16721504  007.04820831 51
111  50.16729099  007.04795570 51
111  50.16752875  007.04713344 51
111  50.16761791  007.04682412 51
112  50.16774500  007.04633509  50.16778096  007.04616667 51
111  50.16779494  007.04605127 51
112  50.16782092  007.04583606  50.16782691  007.04574250 51
111  50.16784090  007.04558655 51
111  50.16784289  007.04513742 51
112  50.16779095  007.04461033  50.16775299  007.04436081 51
111  50.16769505  007.04414561 51
111  50.16762713  007.04393040 51
111  50.16758717  007.04379941 51
111  50.16750326  007.04357173 51
112  50.16703576  007.04286375  50.16675806  007.04263295 51
111  50.16637846  007.04264855 51
111  50.16621464  007.04268286 51
112  50.16594293  007.04283257  50.16580508  007.04294485 51
111  50.16569519  007.04310079 51
111  50.16552138  007.04338149 51
112  50.16544746  007.04357486  50.16541949  007.04365283 51
111  50.16540950  007.04371209 51
111  50.16533158  007.04401461 51
111  50.16521771  007.04451986 51
111  50.16514378  007.04489411 51
111  50.16504189  007.04547420 51
111  50.16499794  007.04575489 51
112  50.16487807  007.04655330  50.16484011  007.04689948 51
111  50.16477618  007.04759184 51
111  50.16474421  007.04803782 51
111  50.16471025  007.04868028 51
111  50.16469627  007.04914186 51
111  50.16469227  007.04963150 51
111  50.16468628  007.05005877 51
111  50.16467629  007.05056088 51
111  50.16462434  007.05283756 51
115  50.16461435  007.05338334
21  50.16597890  007.05581856 1 28.7044 3.00 New Light Fixture 4
21  50.16564953  007.05693943 1 29.5226 3.00 New Light Fixture 3
21  50.18174691  007.06953844 1 208.6089 3.00 New Light Fixture 2
21  50.18135370  007.07069291 1 209.0423 3.00 New Light Fixture 1
14  50.17577184  007.05964886  98.43 0 New Tower Viewpoint 6
1300  50.17642844  007.05905366 334.06 tie_down jets|turboprops Ramp 1
1301 C none 
1300  50.17581871  007.05845588 334.06 tie_down jets|turboprops Ramp 2
1301 C none 
1300  50.16606257  007.05000891  86.22 tie_down jets|turboprops HAS 1
1301 C none 
1300  50.16311035  007.05961529 269.31 tie_down jets|turboprops HAS 2
1301 C none 
1300  50.16550615  007.06155458 195.94 tie_down jets|turboprops HAS 3
1301 C none 
19  50.16584359  007.05505007 1 New Windsock 8
19  50.18362792  007.07047135 1 New Windsock 7
1054 122100 Buechel Tower
99
