I
1130 Generated by WorldEditor 2.0.0r4

1   2220 1 0 LOXZ Zeltweg AB
1302 city Zeltweg
1302 country Austria
1302 datum_lat 47.203611111
1302 datum_lon 14.745833333
1302 faa_code 
1302 iata_code 
1302 icao_code LOXZ
1302 region_code LO
1302 state Styria
1302 transition_alt 10000
1302 transition_level 
100 60.05 1 0 0.25 1 3 1 08R  47.20033591  014.72411446  149    0 2 7 0 0 26L  47.20442311  014.75991504  150    0 2 0 0 0
100 39.93 3 0 0.25 0 0 0 08L  47.20359699  014.73520138   79    0 1 0 0 0 26R  47.20582193  014.75446510  230    0 1 0 0 0
100 36.00 3 0 0.25 0 0 0 02  47.20308098  014.74295161   57    0 1 0 0 0 20  47.21007136  014.74760301  109    0 1 0 0 0
110 1 0.00 0.0000 New Taxiway 49
111  47.20054606  014.72910152
112  47.20050960  014.72915212  47.20048042  014.72915979
111  47.19939417  014.72944173
111  47.19940623  014.72953417
112  47.20051495  014.72927140  47.20054186  014.72926501
113  47.20056531  014.72928673
110 2 0.00 0.0000 New Taxiway 48
111  47.19941095  014.73733601
111  47.19920443  014.73712404
111  47.19906384  014.73742076
113  47.19927036  014.73763273
110 1 0.00 0.0000 New Taxiway 48
111  47.19952186  014.73729275
111  47.19917979  014.73694165
111  47.19894693  014.73743311
113  47.19928900  014.73778420
110 2 0.00 0.0000 New Taxiway 7
111  47.20464048  014.76234453
111  47.20526370  014.76777038
112  47.20526283  014.76787518  47.20524894  014.76792502
112  47.20523070  014.76801064  47.20522376  014.76803620
111  47.20519163  014.76812950
111  47.20513139  014.76825027
111  47.20513663  014.76828777
111  47.20524987  014.76808231
112  47.20528654  014.76814517  47.20529760  014.76821025
111  47.20557712  014.77052054
111  47.20558147  014.77059083
111  47.20561620  014.77057379
111  47.20535827  014.76838112
112  47.20536781  014.76830790  47.20537887  014.76828941
111  47.20539545  014.76827166
111  47.20539243  014.76809194
111  47.20532611  014.76809786
112  47.20531606  014.76812375  47.20531405  014.76809046
112  47.20529898  014.76805422  47.20529194  014.76803426
112  47.20529445  014.76796326  47.20533063  014.76789447
112  47.20544962  014.76763307  47.20548459  014.76755319
111  47.20552861  014.76743516
111  47.20551293  014.76739256
111  47.20532541  014.76783808
112  47.20530069  014.76782566  47.20529384  014.76778067
113  47.20468018  014.76233363
110 1 0.00 0.0000 New Taxiway 5
111  47.20722709  014.75578830
112  47.20713303  014.75577765  47.20709612  014.75573505
111  47.20704909  014.75568392
112  47.20690077  014.75572120  47.20685085  014.75582770
111  47.20662777  014.75635871
111  47.20667726  014.75640599
111  47.20694120  014.75574269
112  47.20703671  014.75574269  47.20709228  014.75579893
112  47.20713656  014.75586794  47.20714437  014.75588967
113  47.20714698  014.75592801
110 1 0.00 0.0000 New Taxiway 1
112  47.19944955  014.72264410  47.19934077  014.72264778
112  47.19901208  014.72283262  47.19887559  014.72294456
112  47.19869004  014.72331343  47.19858627  014.72355816
111  47.19858253  014.72425695
111  47.19857418  014.72557563
111  47.19855681  014.72561907
111  47.19855421  014.72588103
111  47.19857621  014.72598410
112  47.19860872  014.72650668  47.19862247  014.72664285
112  47.19867125  014.72713421  47.19868125  014.72726853
111  47.19857998  014.72734030
111  47.19834118  014.72740654
111  47.19835993  014.72754455
112  47.19845495  014.72751878  47.19852497  014.72750038
112  47.19861499  014.72752246  47.19868875  014.72755007
111  47.19875127  014.72776720
111  47.19880309  014.72815737
111  47.19879892  014.72823557
111  47.19883226  014.72855759
111  47.19885206  014.72861586
111  47.19936679  014.73313322
112  47.19940057  014.73347044  47.19940682  014.73363789
111  47.19928305  014.73369456
112  47.19823105  014.73418634  47.19817104  014.73421505
112  47.19802100  014.73413335  47.19793398  014.73407152
111  47.19782596  014.73401411
111  47.19763092  014.73401853
111  47.19761441  014.73409139
112  47.19781096  014.73408919  47.19790398  014.73408919
112  47.19807360  014.73424282  47.19815862  014.73431274
111  47.19821488  014.73426490
112  47.19928143  014.73377650  47.19939270  014.73373233
111  47.19941718  014.73394265
112  47.19956990  014.73728385  47.19958379  014.73758031
112  47.19945378  014.73782142  47.19941628  014.73788398
112  47.19889328  014.73895104  47.19876425  014.73922043
111  47.19881676  014.73962893
112  47.19952655  014.74574371  47.19955531  014.74599397
111  47.19946904  014.74616510
111  47.19901477  014.74720747
111  47.19904478  014.74725899
112  47.19948115  014.74626992  47.19960868  014.74598949
111  47.19956371  014.74573534
112  47.19884873  014.73953115  47.19880497  014.73924901
111  47.19895566  014.73892660
112  47.19947374  014.73788589  47.19952236  014.73779133
112  47.19960992  014.73749445  47.19962439  014.73741139
111  47.19967576  014.73741565
111  47.20005979  014.73735410
111  47.20005737  014.73729109
112  47.19968231  014.73736248  47.19960938  014.73737654
111  47.19960739  014.73727518
112  47.19946769  014.73413809  47.19945719  014.73378479
111  47.19942423  014.73330131
112  47.19863119  014.72638807  47.19858978  014.72602506
111  47.19860238  014.72548187
112  47.19863046  014.72391159  47.19864126  014.72361217
112  47.19880441  014.72316701  47.19891068  014.72294436
112  47.19926826  014.72273091  47.19943454  014.72266283
111  47.19968959  014.72270886
111  47.20035902  014.72299822
112  47.20119190  014.72340491  47.20137644  014.72350428
112  47.20163191  014.72402765  47.20175794  014.72429528
111  47.20181426  014.72501340
111  47.20269930  014.73281720
112  47.20276931  014.73309140  47.20280682  014.73317421
111  47.20286433  014.73319445
112  47.20317645  014.73334618  47.20320771  014.73336152
111  47.20325286  014.73340113
112  47.20339612  014.73345864  47.20345169  014.73347909
111  47.20348555  014.73347014
111  47.20493579  014.73401972
112  47.20497017  014.73406113  47.20498684  014.73408260
112  47.20507332  014.73414547  47.20512020  014.73417921
112  47.20517021  014.73421602  47.20518793  014.73422215
111  47.20521893  014.73424786
111  47.20675003  014.73549747
112  47.20715949  014.73585635  47.20733349  014.73600511
112  47.20801153  014.73666401  47.20805784  014.73671193
112  47.20807665  014.73681631  47.20809185  014.73690151
112  47.20799017  014.73701764  47.20792416  014.73710818
112  47.20752207  014.73752779  47.20732853  014.73768459
111  47.20715701  014.73771717
111  47.20716826  014.73780919
112  47.20730579  014.73775398  47.20737331  014.73772821
112  47.20772282  014.73743750  47.20788411  014.73727002
112  47.20814341  014.73693811  47.20820940  014.73686910
111  47.20829015  014.73696751
112  47.20974050  014.73854695  47.20982949  014.73862896
112  47.20990619  014.73878340  47.20994309  014.73886009
111  47.20995306  014.73905322
111  47.21019025  014.74146534
112  47.21099587  014.74894626  47.21102087  014.74913338
112  47.21108018  014.74940036  47.21108435  014.74942643
112  47.21103017  014.74946171  47.21098537  014.74949238
112  47.21081326  014.74967632  47.21075804  014.74975148
112  47.21052049  014.75015332  47.21047881  014.75025455
112  47.21060243  014.75043969  47.21063994  014.75049797
111  47.21062431  014.75056852
111  47.20871383  014.75351641
111  47.20753928  014.75528724
112  47.20715693  014.75589671  47.20712442  014.75597400
112  47.20707691  014.75651691  47.20706441  014.75676720
111  47.20701318  014.75696289
112  47.20658397  014.75867311  47.20655167  014.75881421
112  47.20641831  014.75916234  47.20638705  014.75923596
111  47.20626537  014.75944119
112  47.20589911  014.75987528  47.20584962  014.75993023
112  47.20570785  014.76006472  47.20567108  014.76009667
112  47.20563430  014.76002212  47.20562585  014.75999195
112  47.20559782  014.75982372  47.20558979  014.75977639
111  47.20562747  014.75969947
111  47.20550738  014.75970021
112  47.20557062  014.75997967  47.20558263  014.76009230
112  47.20547910  014.76021596  47.20542209  014.76025792
112  47.20486611  014.76048109  47.20478359  014.76050317
112  47.20293861  014.76081098  47.20272981  014.76084594
112  47.20249751  014.76078793  47.20235477  014.76073272
112  47.20214682  014.76054862  47.20211765  014.76052715
112  47.20213224  014.76049035  47.20213328  014.76049035
112  47.20221871  014.76042901  47.20226039  014.76040754
112  47.20234270  014.76027566  47.20237708  014.76018978
112  47.20230936  014.76005790  47.20228123  014.76001956
112  47.20225101  014.76005483  47.20224372  014.76007784
112  47.20227498  014.76013918  47.20229373  014.76017138
112  47.20227185  014.76028793  47.20226143  014.76035387
112  47.20218016  014.76039374  47.20213536  014.76041674
111  47.20209369  014.76046888
112  47.20207493  014.76037380  47.20207077  014.76030480
112  47.20211557  014.76016218  47.20213536  014.76008397
111  47.20215020  014.75997856
111  47.20218493  014.75994662
111  47.20223341  014.75971659
111  47.20221532  014.75965482
111  47.20232576  014.75919312
111  47.20161635  014.75873455
111  47.20152222  014.75900260
111  47.20181630  014.75918946
112  47.20212512  014.75932932  47.20219139  014.75939372
111  47.20218682  014.75954463
112  47.20203130  014.76028743  47.20201307  014.76035388
112  47.20197921  014.76037177  47.20196097  014.76038072
111  47.20194708  014.76036538
111  47.20191669  014.76048167
112  47.20192624  014.76050084  47.20192885  014.76050979
111  47.20192451  014.76054301
112  47.20183092  014.76072294  47.20177466  014.76081311
111  47.20163713  014.76104865
111  47.20171464  014.76115907
112  47.20184592  014.76109098  47.20192719  014.76105602
111  47.20204722  014.76104497
111  47.20342752  014.76082343
112  47.20482039  014.76058442  47.20502203  014.76053407
112  47.20536778  014.76036359  47.20549957  014.76030317
112  47.20572642  014.76016325  47.20582580  014.76009965
112  47.20641143  014.75935099  47.20650433  014.75922061
111  47.20657950  014.75893283
112  47.20706036  014.75702879  47.20710086  014.75686536
112  47.20711587  014.75650759  47.20712037  014.75637729
112  47.20720439  014.75593118  47.20726290  014.75579426
111  47.20766199  014.75520239
112  47.21104437  014.75005195  47.21122981  014.74979487
111  47.21115977  014.74953612
112  47.21105024  014.74904139  47.21101574  014.74886028
112  47.21078382  014.74654246  47.21075682  014.74631189
112  47.20998613  014.73898219  47.20996093  014.73867741
111  47.20986730  014.73859525
112  47.20823248  014.73683374  47.20819081  014.73678773
111  47.20823335  014.73673277
112  47.20832094  014.73656891  47.20832722  014.73655843
112  47.20831927  014.73652823  47.20830754  014.73651652
111  47.20829777  014.73652415
112  47.20820493  014.73670222  47.20816846  014.73676229
111  47.20809212  014.73669126
112  47.20731548  014.73590367  47.20712284  014.73571816
111  47.20664936  014.73536778
112  47.20504050  014.73404595  47.20495923  014.73397601
111  47.20482765  014.73392402
112  47.20367680  014.73349358  47.20349551  014.73342365
112  47.20291930  014.73315980  47.20278594  014.73308772
112  47.20273072  014.73279022  47.20270363  014.73260466
112  47.20196625  014.72611587  47.20195149  014.72598297
112  47.20200879  014.72590118  47.20203484  014.72585262
111  47.20209736  014.72582195
111  47.20209215  014.72577722
112  47.20199751  014.72576444  47.20193586  014.72573122
111  47.20190888  014.72556989
112  47.20183196  014.72487346  47.20180071  014.72458516
112  47.20167421  014.72402144  47.20157219  014.72372112
112  47.20125211  014.72339876  47.20113508  014.72331132
112  47.20058651  014.72306134  47.20037478  014.72297231
113  47.19969692  014.72267359
110 2 0.00 0.0000 New Taxiway 85
111  47.20156118  014.75560290
111  47.20161355  014.75606041
111  47.20170300  014.75603822
113  47.20165063  014.75558072
110 2 0.00 0.0000 New Taxiway 84
111  47.20143086  014.75483403
111  47.19990074  014.75521255
111  47.20012803  014.75655763
111  47.20158555  014.75621165
111  47.20151050  014.75552582
111  47.20160088  014.75550593
111  47.20158652  014.75538036
113  47.20149445  014.75540274
110 2 0.00 0.0000 New Taxiway 83
111  47.20045951  014.75214486
111  47.20070381  014.75429494
111  47.20104711  014.75421044
113  47.20080281  014.75206037
110 2 0.00 0.0000 New Taxiway 83
111  47.20018574  014.74968921
111  47.20043003  014.75183928
111  47.20077333  014.75175478
113  47.20052904  014.74960472
110 2 0.00 0.0000 New Taxiway 37
111  47.20807419  014.75244463
112  47.20708482  014.75458327  47.20702518  014.75469192
111  47.20631957  014.75586961
111  47.20642938  014.75594765
111  47.20710272  014.75478222
112  47.20721929  014.75483195  47.20728348  014.75490904
112  47.20752900  014.75520535  47.20755029  014.75522923
111  47.20754015  014.75530084
111  47.20768611  014.75506212
112  47.20755029  014.75509047  47.20750265  014.75501885
111  47.20725735  014.75473685
112  47.20722897  014.75453841  47.20727661  014.75443397
113  47.20815516  014.75252238
110 1 0.00 0.0000 New Taxiway 36
111  47.20879508  014.75221249
111  47.20846181  014.75177740
112  47.20835599  014.75176666  47.20829882  014.75185260
111  47.20812731  014.75212834
112  47.20811694  014.75231952  47.20809442  014.75240449
111  47.20807400  014.75244490
111  47.20815495  014.75252261
112  47.20824505  014.75242003  47.20827884  014.75242728
112  47.20832741  014.75247391  47.20834993  014.75251225
112  47.20845712  014.75267270  47.20846685  014.75272821
112  47.20848145  014.75291083  47.20849118  014.75301826
112  47.20857754  014.75322596  47.20864322  014.75332443
112  47.20869619  014.75339556  47.20870734  014.75343585
111  47.20871444  014.75352537
111  47.20881580  014.75337020
112  47.20870329  014.75328963  47.20864450  014.75320756
112  47.20856239  014.75308372  47.20854313  014.75303299
112  47.20853097  014.75283454  47.20854212  014.75276740
112  47.20861131  014.75271372  47.20866706  014.75270029
112  47.20874916  014.75274207  47.20877957  014.75276296
112  47.20880998  014.75275251  47.20883228  014.75273162
111  47.20885356  014.75266597
111  47.20881910  014.75261972
111  47.20878464  014.75266747
112  47.20866199  014.75265255  47.20861131  014.75264658
112  47.20856265  014.75266448  47.20854035  014.75265851
112  47.20847345  014.75260778  47.20843899  014.75256004
111  47.20834067  014.75240486
111  47.20857076  014.75206318
113  47.20874206  014.75230788
110 2 0.00 0.0000 New Taxiway 4
111  47.20672247  014.75644054
111  47.20631616  014.75608332
112  47.20551154  014.75741675  47.20549497  014.75744247
112  47.20541969  014.75775170  47.20540743  014.75792946
111  47.20542804  014.75806881
111  47.20560931  014.75835923
113  47.20641185  014.75719426
110 1 0.00 0.0000 New Taxiway 35
111  47.20440638  014.75725455
112  47.20463281  014.75726059  47.20468149  014.75727959
112  47.20510413  014.75754470  47.20531249  014.75767213
111  47.20533284  014.75802952
112  47.20543823  014.75894798  47.20549600  014.75945227
112  47.20505832  014.75956333  47.20491050  014.75958613
111  47.20472569  014.75940184
111  47.20476792  014.75982456
111  47.20521119  014.75970241
111  47.20593141  014.75969808
112  47.20617156  014.75944448  47.20631315  014.75926831
111  47.20623433  014.75908354
111  47.20600225  014.75871830
111  47.20585242  014.75884002
111  47.20579988  014.75883788
111  47.20572252  014.75868963
111  47.20569770  014.75871541
111  47.20572252  014.75879276
111  47.20560867  014.75890663
111  47.20565392  014.75900975
112  47.20559212  014.75902112  47.20555495  014.75901242
111  47.20553553  014.75894155
112  47.20551019  014.75869164  47.20549329  014.75855115
111  47.20559471  014.75835663
111  47.20650639  014.75624594
112  47.20643600  014.75609052  47.20641723  014.75601886
111  47.20642955  014.75594719
111  47.20631986  014.75586862
112  47.20543732  014.75733136  47.20530859  014.75755068
111  47.20511083  014.75739997
112  47.20476620  014.75716424  47.20445907  014.75695238
113  47.20434026  014.75673440
110 2 0.00 0.0000 New Taxiway 86
111  47.20080711  014.75754148
111  47.20089615  014.75774341
111  47.20109465  014.75755222
111  47.20111655  014.75753718
111  47.20114282  014.75753933
111  47.20117639  014.75758444
111  47.20160717  014.75846460
111  47.20163393  014.75853800
111  47.20163879  014.75860245
111  47.20161568  014.75873672
111  47.20232523  014.75919472
111  47.20238995  014.75893776
111  47.20230759  014.75887871
111  47.20236711  014.75865616
111  47.20232347  014.75863441
111  47.20235233  014.75851319
111  47.20179029  014.75816789
111  47.20173374  014.75815941
111  47.20172885  014.75827093
111  47.20164869  014.75828604
111  47.20102467  014.75697860
111  47.20092775  014.75707313
111  47.20078324  014.75677667
111  47.20069713  014.75670363
111  47.20061977  014.75669933
111  47.20035558  014.75676163
113  47.20071902  014.75761664
110 1 0.00 0.0000 New Taxiway 44
111  47.20157112  014.75885484
112  47.20115703  014.75845516  47.20099499  014.75822992
111  47.20080445  014.75794728
112  47.20080030  014.75782819  47.20083286  014.75780050
111  47.20089870  014.75774193
111  47.20053195  014.75683442
111  47.20009406  014.75680749
111  47.20059217  014.75785637
112  47.20056073  014.75801333  47.20050516  014.75807339
112  47.20025562  014.75842540  47.20019811  014.75847877
111  47.20011684  014.75856709
111  47.20018185  014.75862782
112  47.20024173  014.75857812  47.20026103  014.75859764
111  47.20022967  014.75867396
111  47.20026404  014.75871567
112  47.20032313  014.75847074  47.20034544  014.75841484
112  47.20046169  014.75825752  47.20050944  014.75820385
111  47.20068830  014.75798917
112  47.20072563  014.75799556  47.20074734  014.75803006
111  47.20078640  014.75812342
111  47.20081009  014.75826579
111  47.20085635  014.75833020
111  47.20100513  014.75864302
111  47.20107265  014.75873687
112  47.20118642  014.75870191  47.20125144  014.75874975
112  47.20137011  014.75888426  47.20144363  014.75894168
113  47.20152465  014.75900351
110 1 0.00 0.0000 New Taxiway 41
111  47.19901499  014.74720743
111  47.19897904  014.74726390
111  47.19893020  014.74723284
111  47.19865451  014.74783886
111  47.19869141  014.74788252
112  47.19867622  014.74794109  47.19865089  014.74795493
112  47.19860748  014.74786655  47.19861544  014.74773770
112  47.19865741  014.74656955  47.19865616  014.74645546
112  47.19859240  014.74603040  47.19854614  014.74582431
111  47.19853149  014.74574031
112  47.19833422  014.74456974  47.19829821  014.74437631
112  47.19826040  014.74406630  47.19826040  014.74397621
112  47.19821539  014.74375893  47.19818298  014.74365295
112  47.19814589  014.74344129  47.19812188  014.74330218
112  47.19798985  014.74246753  47.19798535  014.74242337
112  47.19795985  014.74231517  47.19795234  014.74230413
112  47.19790583  014.74223789  47.19790433  014.74223789
112  47.19787433  014.74227763  47.19787133  014.74229088
112  47.19785332  014.74234387  47.19784132  014.74235271
111  47.19783532  014.74238583
112  47.19792984  014.74235712  47.19794034  014.74237258
112  47.19794484  014.74249182  47.19796285  014.74257572
111  47.19816989  014.74380562
111  47.19854494  014.74600140
112  47.19862764  014.74664200  47.19861764  014.74685913
112  47.19857023  014.74789017  47.19857023  014.74800410
112  47.19855154  014.74815825  47.19854842  014.74820425
112  47.19849840  014.74835146  47.19846090  014.74843273
112  47.19833349  014.74897469  47.19829848  014.74918813
112  47.19816345  014.74940342  47.19807843  014.74947702
112  47.19787541  014.74964846  47.19778989  014.74973237
112  47.19765786  014.74989577  47.19762035  014.74995097
111  47.19758199  014.75007256
111  47.19760251  014.75018471
112  47.19776087  014.74989108  47.19784110  014.74979141
112  47.19810970  014.74955116  47.19821172  014.74946726
112  47.19840728  014.74898140  47.19847729  014.74855634
112  47.19854573  014.74839623  47.19863035  014.74818690
111  47.19870777  014.74798288
111  47.19890358  014.74793147
111  47.19899763  014.74879237
111  47.19956987  014.74864907
112  47.19969615  014.74870060  47.19973366  014.74875028
111  47.19975991  014.74886989
111  47.19988494  014.74868404
111  47.19986018  014.74836489
112  47.19990186  014.74831275  47.19994457  014.74830202
111  47.20007377  014.74827442
111  47.19997989  014.74737132
112  47.20000564  014.74730808  47.20004420  014.74729735
111  47.20019319  014.74724368
111  47.20018173  014.74717928
111  47.19979138  014.74727538
112  47.19977089  014.74735655  47.19977696  014.74743705
111  47.19978217  014.74746645
112  47.19973027  014.74758655  47.19966949  014.74763767
111  47.19962608  014.74756355
111  47.19957311  014.74757122
111  47.19956791  014.74750349
111  47.19945330  014.74752522
111  47.19945503  014.74759550
111  47.19939251  014.74760487
111  47.19939338  014.74757421
111  47.19944027  014.74752948
112  47.19941025  014.74744041  47.19938854  014.74739825
111  47.19934860  014.74736502
111  47.19932863  014.74741997
111  47.19931127  014.74740463
111  47.19932429  014.74734585
112  47.19927306  014.74731263  47.19923747  014.74730113
111  47.19920100  014.74730624
111  47.19920100  014.74737780
111  47.19917756  014.74738291
111  47.19916627  014.74731263
112  47.19909941  014.74735096  47.19906382  014.74738802
111  47.19905253  014.74740847
111  47.19909420  014.74746214
111  47.19907944  014.74748897
111  47.19903690  014.74744808
112  47.19901433  014.74754520  47.19900738  014.74762315
111  47.19901172  014.74763976
111  47.19906208  014.74764232
111  47.19905600  014.74768576
111  47.19898481  014.74769087
111  47.19897960  014.74763209
111  47.19888756  014.74766020
111  47.19888886  014.74773182
112  47.19886209  014.74772010  47.19885268  014.74769881
112  47.19886281  014.74766047  47.19888090  014.74762959
113  47.19904503  014.74725765
111  47.19916583  014.74766144
112  47.19921967  014.74751832  47.19930041  014.74750554
113  47.19928392  014.74763844
111  47.20000003  014.74810183
111  47.20001149  014.74819076
112  47.19998961  014.74822910  47.19995940  014.74823830
112  47.19992918  014.74824903  47.19989959  014.74825894
111  47.19989584  014.74819230
113  47.19988855  014.74812943
110 1 0.00 0.0000 New Taxiway 35
111  47.19988640  014.75363140
112  47.19985080  014.75368251  47.19981173  014.75369402
111  47.19963808  014.75371446
111  47.19964763  014.75384608
112  47.19983431  014.75377580  47.19988206  014.75375791
113  47.19990811  014.75380775
110 1 0.00 0.0000 New Taxiway 31
111  47.20160054  014.73205829
111  47.20191825  014.73197908
111  47.20188827  014.73171859
111  47.20182719  014.73173381
111  47.20184799  014.73191455
111  47.20164615  014.73196487
111  47.20160027  014.73156620
113  47.20154548  014.73157986
110 1 0.00 0.0000 New Taxiway 31
111  47.20389665  014.75216021
111  47.20421436  014.75208100
111  47.20418438  014.75182050
111  47.20412330  014.75183572
111  47.20414410  014.75201647
111  47.20394226  014.75206679
111  47.20389639  014.75166810
113  47.20384159  014.75168176
110 1 0.00 0.0000 New Taxiway 31
111  47.20084617  014.73175877
111  47.20052631  014.73183851
111  47.20055729  014.73210769
111  47.20063591  014.73208809
111  47.20061307  014.73188957
111  47.20080390  014.73184199
111  47.20085588  014.73229362
113  47.20090628  014.73228106
110 1 0.00 0.0000 New Taxiway 31
111  47.20314229  014.75186068
111  47.20282243  014.75194042
111  47.20285340  014.75220961
111  47.20293203  014.75219001
111  47.20290918  014.75199148
111  47.20310002  014.75194391
111  47.20315199  014.75239556
113  47.20320239  014.75238299
110 1 0.00 0.0000 New Taxiway 3
111  47.19999321  014.72418233
111  47.19918054  014.72436890
112  47.19869134  014.72541014  47.19877987  014.72622137
111  47.20005397  014.73735638
112  47.20000105  014.73782313  47.19992668  014.73792092
112  47.19977758  014.73781385  47.19970519  014.73772920
111  47.19937571  014.73740210
111  47.19929574  014.73756603
111  47.19984870  014.73813311
112  47.19984787  014.73823771  47.19981151  014.73831190
111  47.19951586  014.73891781
112  47.19935580  014.73993881  47.19942148  014.74051676
111  47.20034595  014.74863722
112  47.20021016  014.74897036  47.20010187  014.74899839
111  47.20000053  014.74901694
112  47.19991326  014.74891624  47.19990434  014.74882137
111  47.19988386  014.74868526
111  47.19975801  014.74886684
112  47.19972765  014.74907802  47.19967172  014.74909203
112  47.19940657  014.74968280  47.19945813  014.75017756
111  47.20000552  014.75462206
112  47.19996414  014.75474461  47.19992116  014.75480785
111  47.19983605  014.75496110
112  47.19980729  014.75527626  47.19983704  014.75543038
111  47.20009165  014.75681296
111  47.20093976  014.75711968
111  47.20105285  014.75703393
111  47.20097378  014.75683850
112  47.20108770  014.75658424  47.20123315  014.75655019
111  47.20193256  014.75636463
112  47.20225957  014.75671142  47.20229813  014.75711075
111  47.20233754  014.75746099
112  47.20224927  014.75793523  47.20214613  014.75807389
112  47.20184214  014.75817377  47.20166116  014.75813971
112  47.20158755  014.75807475  47.20152329  014.75800119
111  47.20145474  014.75790031
111  47.20149632  014.75814636
111  47.20235148  014.75909455
111  47.20240717  014.75889068
112  47.20247143  014.75890959  47.20251284  014.75900838
112  47.20253283  014.75914709  47.20255140  014.75932154
112  47.20256957  014.75949035  47.20258499  014.75957610
112  47.20288540  014.76010522  47.20309532  014.76024394
112  47.20336844  014.76017213  47.20346697  014.76014691
111  47.20410608  014.75998887
111  47.20405312  014.75958980
112  47.20391099  014.75977347  47.20382174  014.75979658
111  47.20325533  014.75993794
112  47.20296767  014.75985698  47.20285859  014.75974606
112  47.20272769  014.75933299  47.20269992  014.75905713
111  47.20258008  014.75800899
112  47.20278856  014.75755921  47.20299991  014.75750666
112  47.20357897  014.75736681  47.20365323  014.75736051
111  47.20379888  014.75744037
111  47.20373034  014.75688339
112  47.20356326  014.75703052  47.20347330  014.75705784
111  47.20277343  014.75723213
112  47.20245499  014.75690635  47.20242072  014.75655535
111  47.20157814  014.74923316
112  47.20175962  014.74883763  47.20196886  014.74878362
112  47.20260164  014.74862240  47.20271707  014.74860313
111  47.20277776  014.74870822
111  47.20272064  014.74823357
112  47.20257070  014.74837194  47.20248741  014.74839471
111  47.20172694  014.74858085
112  47.20154287  014.74848896  47.20149810  014.74839267
111  47.20147125  014.74830550
111  47.20031096  014.73810552
112  47.20047853  014.73740637  47.20062177  014.73723711
112  47.20097573  014.73714437  47.20117819  014.73713232
112  47.20142027  014.73728256  47.20153348  014.73738473
111  47.20155249  014.73743824
111  47.20139619  014.73635757
112  47.20097115  014.73686110  47.20062701  014.73695357
112  47.20045876  014.73709549  47.20037843  014.73715825
112  47.20018383  014.73699117  47.20014003  014.73659588
111  47.19934236  014.72958873
112  47.19936578  014.72955105  47.19938892  014.72953889
111  47.19940689  014.72953399
111  47.19939524  014.72944157
112  47.19931261  014.72934913  47.19930104  014.72922629
111  47.19901255  014.72685956
112  47.19928189  014.72623517  47.19958534  014.72615986
112  47.19976979  014.72667827  47.19981263  014.72676759
112  47.20028725  014.72800450  47.20053394  014.72879117
111  47.20056286  014.72897729
111  47.20039322  014.72735816
111  47.19969374  014.72614729
112  47.20003514  014.72606182  47.20014621  014.72604285
111  47.20022455  014.72615085
111  47.20017397  014.72577430
112  47.20001212  014.72580033  47.19994310  014.72581785
112  47.19940922  014.72594515  47.19922587  014.72598550
112  47.19903883  014.72614060  47.19897735  014.72622233
112  47.19894165  014.72621504  47.19893669  014.72614352
112  47.19885196  014.72538427  47.19882836  014.72514521
112  47.19925289  014.72459781  47.19958687  014.72453005
112  47.19988808  014.72445609  47.19993628  014.72445441
113  47.20005568  014.72455331
112  47.20129793  014.74834963  47.20133164  014.74864299
111  47.20115116  014.74872619
112  47.20065694  014.74885459  47.20049766  014.74889928
111  47.20043799  014.74860589
112  47.19945643  014.74005132  47.19938788  014.73949228
111  47.19954204  014.73911221
112  47.19998655  014.73819398  47.20007263  014.73802066
113  47.20015108  014.73824735
111  47.20164576  014.75136126
111  47.20161720  014.75136652
112  47.20159816  014.75152765  47.20158269  014.75157494
111  47.20154699  014.75160121
111  47.20107994  014.75171660
111  47.20081020  014.74941748
111  47.20007121  014.74959963
112  47.20004622  014.74941048  47.20003075  014.74927387
111  47.20016284  014.74923008
112  47.20108537  014.74899101  47.20137382  014.74891955
113  47.20141523  014.74930627
112  47.20194770  014.75401216  47.20199430  014.75440478
112  47.20173647  014.75451716  47.20173350  014.75451716
111  47.20146270  014.75457289
111  47.20146022  014.75452545
112  47.20138006  014.75451086  47.20134287  014.75449626
112  47.20131973  014.75435882  47.20131147  014.75427368
111  47.20135495  014.75422876
111  47.20110920  014.75203871
112  47.20117774  014.75192942  47.20123771  014.75191261
112  47.20154045  014.75183905  47.20166754  014.75181173
111  47.20168182  014.75202190
113  47.20171752  014.75201980
111  47.20213371  014.75566661
112  47.20191951  014.75612269  47.20169532  014.75617943
111  47.20012816  014.75655246
111  47.19990650  014.75521800
112  47.20173937  014.75476057  47.20199927  014.75469542
113  47.20206924  014.75509265
112  47.19992697  014.74969702  47.19993027  014.74973350
111  47.19990796  014.74974080
112  47.19965591  014.74980283  47.19960798  014.74981377
111  47.19958732  014.74977607
112  47.19957410  014.74967999  47.19956501  014.74960580
112  47.19963360  014.74940755  47.19968153  014.74931998
111  47.19977904  014.74932363
111  47.19978565  014.74935890
112  47.19987160  014.74940390  47.19990465  014.74943187
113  47.19991044  014.74952066
111  47.20001235  014.75075835
112  47.19994541  014.75090916  47.19988261  014.75092376
112  47.19980493  014.75093836  47.19973551  014.75095052
111  47.19972064  014.75086051
112  47.19961749  014.75000574  47.19960427  014.74992790
112  47.19966377  014.74987317  47.19968608  014.74985614
112  47.19987615  014.74980992  47.19992987  014.74979776
111  47.19993648  014.74981357
113  47.19992656  014.74994614
111  47.20012776  014.75184471
111  47.20010098  014.75185493
112  47.20005933  014.75197607  47.20002363  014.75198774
112  47.19996116  014.75199504  47.19991356  014.75200526
111  47.19988678  014.75191185
111  47.19984414  014.75192061
112  47.19974697  014.75108001  47.19974077  014.75104251
111  47.19980963  014.75100095
112  47.19995838  014.75096244  47.20004102  014.75093811
113  47.20004171  014.75104048
112  47.20027160  014.75304608  47.20027993  014.75313015
112  47.20022162  014.75318444  47.20018830  014.75320196
112  47.20007763  014.75321597  47.20003122  014.75321597
111  47.20000266  014.75316868
111  47.19990955  014.75235799
111  47.19993541  014.75235309
112  47.19995435  014.75225258  47.19997443  014.75219599
112  47.20008232  014.75219852  47.20014258  014.75219007
111  47.20016266  014.75228805
113  47.20019021  014.75228721
111  47.20039322  014.75413598
112  47.20045272  014.75422233  47.20049734  014.75425395
112  47.20037504  014.75432085  47.20031884  014.75434396
112  47.20021885  014.75437680  47.20015357  014.75438531
111  47.20012630  014.75429531
112  47.20002051  014.75341213  47.20001575  014.75335959
112  47.20004550  014.75331930  47.20006335  014.75329128
112  47.20021329  014.75327026  47.20029897  014.75325100
113  47.20031206  014.75335433
111  47.20118890  014.75445239
112  47.20116824  014.75456551  47.20114097  014.75463362
111  47.20109304  014.75463362
111  47.20109386  014.75467254
112  47.20045226  014.75482058  47.20025393  014.75486680
111  47.20015146  014.75452017
112  47.20020104  014.75444354  47.20023244  014.75443503
112  47.20038698  014.75440097  47.20048531  014.75437786
111  47.20052793  014.75431531
111  47.20064494  014.75443791
113  47.20117151  014.75430655
110 1 0.00 0.0000 New Taxiway 1
111  47.20065351  014.72365068
111  47.19993761  014.72382513
111  47.20411478  014.76039023
113  47.20481858  014.76020745
110 2 0.00 0.0000 New Taxiway 47
111  47.20687711  014.75751005
112  47.20680837  014.75751111  47.20676568  014.75747490
111  47.20642345  014.75716285
111  47.20584683  014.75801449
111  47.20603523  014.75779595
111  47.20605086  014.75781768
111  47.20610904  014.75774739
111  47.20614376  014.75779851
111  47.20616547  014.75777550
111  47.20618457  014.75780617
111  47.20623767  014.75773808
111  47.20618391  014.75767735
111  47.20637896  014.75734977
111  47.20644272  014.75743074
111  47.20650398  014.75732768
112  47.20681782  014.75760020  47.20683240  014.75761707
113  47.20683970  014.75765081
110 1 0.00 0.0000 New Taxiway 46
111  47.20680523  014.75778444
112  47.20672684  014.75778592  47.20668765  014.75773488
111  47.20637813  014.75734225
111  47.20618122  014.75767658
111  47.20648649  014.75804772
111  47.20633750  014.75827469
111  47.20637084  014.75832684
111  47.20651775  014.75809066
111  47.20661673  014.75818728
111  47.20668653  014.75806612
112  47.20670457  014.75809796  47.20670759  014.75813273
111  47.20671161  014.75817562
111  47.20676085  014.75797371
112  47.20670960  014.75798924  47.20669553  014.75797889
112  47.20670658  014.75793747  47.20671663  014.75792268
111  47.20674577  014.75787313
112  47.20676487  014.75787756  47.20677341  014.75788570
113  47.20677994  014.75789679
110 2 0.00 0.0000 New Taxiway 45
111  47.20602143  014.75856760
112  47.20636025  014.75911603  47.20638526  014.75914915
111  47.20639026  014.75922645
111  47.20646027  014.75906818
112  47.20642027  014.75907738  47.20639875  014.75907700
111  47.20638901  014.75906450
112  47.20619022  014.75872219  47.20615146  014.75865594
111  47.20620647  014.75857865
111  47.20637901  014.75833940
113  47.20630024  014.75820874
110 2 0.00 0.0000 New Taxiway 8
111  47.20528981  014.76730779
111  47.20523660  014.76731892
111  47.20523966  014.76735064
113  47.20529287  014.76733952
110 2 0.00 0.0000 New Taxiway 8
111  47.20555872  014.76964545
111  47.20550551  014.76965658
111  47.20550857  014.76968830
113  47.20556178  014.76967717
110 2 0.00 0.0000 New Taxiway 8
111  47.20550950  014.76925748
111  47.20545629  014.76926861
111  47.20545935  014.76930033
113  47.20551256  014.76928920
110 2 0.00 0.0000 New Taxiway 8
111  47.20546282  014.76887060
111  47.20540961  014.76888172
111  47.20541267  014.76891345
113  47.20546588  014.76890232
110 2 0.00 0.0000 New Taxiway 8
111  47.20541976  014.76847589
111  47.20536654  014.76848702
111  47.20536961  014.76851874
113  47.20542282  014.76850761
110 2 0.00 0.0000 New Taxiway 8
111  47.20533029  014.76769862
111  47.20527708  014.76770975
111  47.20528014  014.76774147
113  47.20533335  014.76773034
110 2 0.00 0.0000 New Taxiway 8
111  47.20524670  014.76690983
111  47.20519349  014.76692095
111  47.20519655  014.76695268
113  47.20524976  014.76694155
110 2 0.00 0.0000 New Taxiway 8
111  47.20520075  014.76652318
111  47.20514754  014.76653431
111  47.20515060  014.76656603
113  47.20520381  014.76655491
110 2 0.00 0.0000 New Taxiway 8
111  47.20515625  014.76614256
111  47.20510304  014.76615369
111  47.20510610  014.76618541
113  47.20515931  014.76617428
110 2 0.00 0.0000 New Taxiway 8
111  47.20511369  014.76574986
111  47.20506048  014.76576098
111  47.20506354  014.76579271
113  47.20511675  014.76578158
110 2 0.00 0.0000 New Taxiway 8
111  47.20506866  014.76535670
111  47.20501545  014.76536783
111  47.20501851  014.76539955
113  47.20507172  014.76538842
110 2 0.00 0.0000 New Taxiway 8
111  47.20502526  014.76495957
111  47.20497205  014.76497070
111  47.20497511  014.76500242
113  47.20502833  014.76499129
110 2 0.00 0.0000 New Taxiway 8
111  47.20498033  014.76456920
111  47.20492712  014.76458033
111  47.20493018  014.76461205
113  47.20498340  014.76460092
110 2 0.00 0.0000 New Taxiway 8
111  47.20493260  014.76418018
111  47.20487939  014.76419130
111  47.20488245  014.76422303
113  47.20493567  014.76421190
110 2 0.00 0.0000 New Taxiway 8
111  47.20489423  014.76379056
111  47.20484102  014.76380168
111  47.20484408  014.76383340
113  47.20489729  014.76382228
110 2 0.00 0.0000 New Taxiway 8
111  47.20484864  014.76339092
111  47.20479543  014.76340205
111  47.20479849  014.76343377
113  47.20485170  014.76342264
110 2 0.00 0.0000 New Taxiway 8
111  47.20480554  014.76301479
111  47.20475233  014.76302591
111  47.20475539  014.76305763
113  47.20480860  014.76304651
110 2 0.00 0.0000 New Taxiway 8
111  47.20475733  014.76262755
111  47.20470412  014.76263868
111  47.20470718  014.76267040
113  47.20476039  014.76265927
110 3 0.00 0.0000 grass_taxiway
111  47.20215668  014.73684324
111  47.20349887  014.73649469
111  47.20428877  014.74340541
111  47.20289062  014.74252561
111  47.20299046  014.74319847
111  47.20436682  014.74412648
112  47.20477561  014.74771830  47.20479143  014.74783647
111  47.20470628  014.74788481
111  47.20344306  014.74815183
111  47.20347288  014.74839214
112  47.20479943  014.74806718  47.20486658  014.74805429
111  47.20487679  014.74812304
111  47.20542710  014.75306939
112  47.20520430  014.75314054  47.20509501  014.75317148
111  47.20510762  014.75338185
111  47.20522532  014.75435638
111  47.20417929  014.75461188
111  47.20421237  014.75490406
112  47.20659051  014.75428744  47.20665777  014.75427198
111  47.20668089  014.75439264
111  47.20671452  014.75482887
112  47.20667826  014.75515572  47.20667320  014.75524673
111  47.20662150  014.75536460
111  47.20686481  014.75495846
111  47.20686070  014.75496019
111  47.20684113  014.75494734
111  47.20680960  014.75491382
111  47.20661639  014.75281575
111  47.20911309  014.74952747
111  47.20898294  014.74931808
111  47.20655957  014.75243438
112  47.20572137  014.74520241  47.20569110  014.74500194
111  47.20581469  014.74509846
111  47.21010564  014.74793131
111  47.21025067  014.74741771
111  47.20654598  014.74491847
112  47.20644509  014.74481638  47.20644930  014.74480091
112  47.20647872  014.74471119  47.20650184  014.74466169
112  47.20647662  014.74464003  47.20645350  014.74464003
112  47.20634210  014.74469263  47.20628746  014.74471738
112  47.20577133  014.74440890  47.20565783  014.74430867
111  47.20563765  014.74421214
111  47.20468398  014.73597088
112  47.20404189  014.73617854  47.20397463  014.73618782
111  47.20394100  014.73611048
111  47.20377759  014.73471335
111  47.20331168  014.73482936
111  47.20347397  014.73627946
113  47.20212495  014.73659056
112  47.20547652  014.74414574  47.20548661  014.74421257
111  47.20546643  014.74421628
112  47.20492920  014.74386731  47.20485858  014.74381534
111  47.20482579  014.74370768
111  47.20397581  014.73638530
112  47.20452229  014.73624299  47.20457693  014.73622752
113  47.20460426  014.73628321
112  47.20639943  014.75226015  47.20642364  014.75250963
111  47.20636614  014.75266556
111  47.20590609  014.75329371
112  47.20490553  014.74460310  47.20488737  014.74446054
111  47.20494488  014.74448727
113  47.20559561  014.74499513
111  47.20659983  014.75403330
112  47.20620334  014.75414468  47.20615794  014.75415359
112  47.20603687  014.75405558  47.20597029  014.75397984
111  47.20600056  014.75368136
113  47.20649693  014.75295520
110 3 0.00 0.0000 New Taxiway 3
111  47.20001781  014.72510771
112  47.20004073  014.72516138  47.20004802  014.72519972
111  47.20081173  014.72498140
112  47.20085494  014.72490190  47.20091075  014.72488865
111  47.20106919  014.72484096
111  47.20104578  014.72473232
112  47.20092516  014.72479856  47.20087115  014.72481976
112  47.20078113  014.72478266  47.20077933  014.72476146
111  47.20077933  014.72470847
111  47.20065529  014.72361791
113  47.20057067  014.72288392
110 3 0.00 0.0000 New Taxiway 2
111  47.20057269  014.72288757
111  47.20016340  014.72270646
111  47.19985976  014.72273506
112  47.19966921  014.72264973  47.19960669  014.72263439
111  47.19949521  014.72262826
111  47.19950250  014.72270800
112  47.19969109  014.72273560  47.19977652  014.72276627
111  47.19980361  014.72278467
111  47.19993450  014.72392073
112  47.19993762  014.72404187  47.19992720  014.72406334
112  47.19991053  014.72410014  47.19990845  014.72411854
112  47.19990741  014.72416301  47.19989907  014.72417988
112  47.19986677  014.72420748  47.19985635  014.72421055
111  47.19959067  014.72425195
111  47.19966673  014.72451264
112  47.19988136  014.72446970  47.19988449  014.72446970
112  47.19990845  014.72449883  47.19991991  014.72454177
112  47.19992616  014.72458471  47.19992616  014.72460004
111  47.19993137  014.72463991
112  47.19997120  014.72475157  47.19998021  014.72479573
111  47.20000421  014.72502096
111  47.19980317  014.72504304
111  47.19981367  014.72516449
113  47.20001771  014.72511149
110 3 0.00 0.0000 New Taxiway 6
111  47.20411489  014.76039014
111  47.20433942  014.76242402
111  47.20504911  014.76223750
113  47.20481887  014.76020498
110 3 0.00 0.0000 New Taxiway 9
111  47.20549033  014.76980682
112  47.20545734  014.77006625  47.20543390  014.77018638
112  47.20542695  014.77041898  47.20545039  014.77050844
112  47.20551985  014.77053656  47.20555979  014.77053145
111  47.20557629  014.77049438
111  47.20556848  014.77043304
112  47.20551551  014.77049055  47.20548078  014.77049822
112  47.20544779  014.77038192  47.20543998  014.77032185
112  47.20546950  014.77019661  47.20547731  014.77015699
113  47.20551291  014.76997551
110 2 0.00 0.0000 New Taxiway 33
111  47.19949164  014.75040117
112  47.19938787  014.75059264  47.19930244  014.75061564
111  47.19868089  014.75077565
111  47.19891427  014.75263734
111  47.19971347  014.75241850
112  47.19972446  014.75241783  47.19973291  014.75242226
113  47.19973893  014.75242848
112  47.19963708  014.75197825  47.19964959  014.75210338
111  47.19960083  014.75211810
112  47.19946455  014.75215306  47.19941078  014.75217147
111  47.19941078  014.75208682
112  47.19932327  014.75133238  47.19931201  014.75123853
111  47.19937453  014.75121093
112  47.19948455  014.75118517  47.19954456  014.75117413
113  47.19955332  014.75126429
110 2 0.00 0.0000 New Taxiway 36
111  47.19885778  014.75289695
112  47.19880134  014.75283838  47.19875503  014.75284903
112  47.19860426  014.75339033  47.19864420  014.75365740
112  47.19892204  014.75376985  47.19896545  014.75376218
113  47.19895156  014.75368807
111  47.19885258  014.75328427
111  47.19872584  014.75331747
112  47.19869890  014.75324977  47.19867806  014.75322293
111  47.19865028  014.75322804
112  47.19869629  014.75304531  47.19872842  014.75295203
113  47.19880396  014.75287791
111  47.19890902  014.75372512
112  47.19877270  014.75364462  47.19871019  014.75358839
111  47.19868327  014.75347978
112  47.19871554  014.75343535  47.19873378  014.75340085
111  47.19873189  014.75335711
113  47.19885518  014.75332644
112  47.19866349  014.75332226  47.19868132  014.75332403
112  47.19868121  014.75337538  47.19867125  014.75339723
114  47.19864109  014.75337141  47.19863321  014.75334779
110 3 0.00 0.0000 New Taxiway 40
111  47.19881028  014.75285507
112  47.19865660  014.75289341  47.19862708  014.75290363
111  47.19860277  014.75292024
112  47.19858280  014.75297902  47.19858541  014.75301736
111  47.19868439  014.75377512
112  47.19871564  014.75382623  47.19873909  014.75381857
113  47.19892489  014.75376362
110 1 0.00 0.0000 New Taxiway 32
111  47.19949022  014.75034823
111  47.19947816  014.75035178
112  47.19938108  014.75052393  47.19928160  014.75055410
111  47.19842154  014.75078445
111  47.19842779  014.75082493
111  47.19867535  014.75076973
111  47.19875585  014.75135399
111  47.19849840  014.75141493
111  47.19862277  014.75264642
111  47.19875024  014.75261463
112  47.19881768  014.75267774  47.19882393  014.75274674
112  47.19878017  014.75277128  47.19875412  014.75277741
112  47.19854157  014.75283657  47.19841914  014.75289221
112  47.19821518  014.75306434  47.19815967  014.75314604
112  47.19817917  014.75346842  47.19819117  014.75357882
111  47.19823901  014.75399251
112  47.19822901  014.75416548  47.19820275  014.75422068
111  47.19816900  014.75427220
111  47.19820651  014.75429612
111  47.19828027  014.75411396
112  47.19838154  014.75399067  47.19844406  014.75397595
111  47.19894281  014.75384512
112  47.19898327  014.75388891  47.19898702  014.75394044
111  47.19899952  014.75413180
111  47.19906829  014.75412076
111  47.19904203  014.75383739
112  47.19909329  014.75378035  47.19914330  014.75376747
111  47.19928140  014.75374047
111  47.19928661  014.75378954
111  47.19936163  014.75375734
111  47.19934912  014.75365613
111  47.19901259  014.75372360
112  47.19899488  014.75369907  47.19899280  014.75367453
111  47.19889886  014.75291691
112  47.19895887  014.75279767  47.19903089  014.75278221
112  47.19915542  014.75278883  47.19920343  014.75280871
112  47.19921843  014.75288820  47.19922293  014.75295444
111  47.19926344  014.75327683
111  47.19937296  014.75324591
111  47.19929945  014.75265856
111  47.19892874  014.75274704
112  47.19887498  014.75269736  47.19887122  014.75263848
111  47.19892124  014.75261455
111  47.19922051  014.75102499
113  47.19956273  014.75087618
130 Airport Boundary
111  47.21024432  014.73864799
111  47.20771748  014.73585043
111  47.20513593  014.73371701
111  47.20500331  014.73364109
111  47.20483138  014.73358686
111  47.20306304  014.73286389
111  47.20340689  014.73068591
111  47.20263938  014.73036960
111  47.20181592  014.72344249
111  47.19856412  014.72196247
111  47.19846336  014.72231957
111  47.19830548  014.72725857
111  47.19833806  014.72758105
111  47.19839432  014.72788174
111  47.19909999  014.73124119
111  47.19935817  014.73353583
111  47.19931876  014.73363671
111  47.19896747  014.73381829
111  47.19821802  014.73411083
111  47.19806380  014.73413201
111  47.19790958  014.73397464
111  47.19778620  014.73392622
111  47.19762786  014.73397464
111  47.19760570  014.73417411
111  47.19735470  014.73667109
111  47.19734760  014.73695347
111  47.19740577  014.73850232
111  47.19740932  014.73934947
111  47.19744451  014.74248326
111  47.19791382  014.74237369
111  47.19861505  014.74646791
111  47.19857601  014.74766528
111  47.19853159  014.74802117
111  47.19841685  014.74846537
111  47.19834223  014.74878436
111  47.19829604  014.74911904
111  47.19822142  014.74929684
111  47.19793716  014.74952170
111  47.19767777  014.74959491
111  47.19755340  014.74988776
111  47.19770163  014.75091679
111  47.19804216  014.75082528
111  47.19828258  014.75296077
111  47.19798648  014.75304067
111  47.19813453  014.75421002
111  47.19826917  014.75431292
111  47.19909087  014.75410229
111  47.19924898  014.75546223
111  47.19937236  014.75647908
111  47.19959937  014.75737246
111  47.20004379  014.75849547
111  47.20038978  014.75882009
111  47.20137134  014.75962687
111  47.20206719  014.76005397
111  47.20186727  014.76062949
111  47.20163702  014.76103114
111  47.20185804  014.76131145
111  47.20201793  014.76125916
111  47.20398318  014.76094439
111  47.20418440  014.76256220
111  47.20435319  014.76252734
111  47.20476767  014.76612452
111  47.20513484  014.76827091
111  47.20516086  014.76830310
111  47.20525561  014.76810697
111  47.20527338  014.76818106
111  47.20506018  014.76863433
111  47.20529230  014.77087865
111  47.20576607  014.77048639
111  47.20555288  014.76870380
111  47.20542851  014.76789314
111  47.20531303  014.76807183
111  47.20529526  014.76800210
111  47.20543957  014.76771158
111  47.20553827  014.76748639
111  47.20550372  014.76736291
111  47.20548261  014.76726576
111  47.20493424  014.76237288
111  47.20517482  014.76232748
111  47.20520567  014.76230024
111  47.20524474  014.76219734
111  47.20524268  014.76209443
111  47.20506665  014.76074529
111  47.20564431  014.76040982
111  47.20611335  014.75994434
111  47.20646962  014.75950560
111  47.20676127  014.75912903
111  47.20691478  014.75884283
111  47.20697106  014.75854158
111  47.20699664  014.75799931
111  47.20690966  014.75766793
111  47.20728830  014.75610893
111  47.21137643  014.74976635
113  47.21140522  014.74967857
120 Linear Feature 80
111  47.20360358  014.75987319 4 104
115  47.20362356  014.76008188
120 Linear Feature 79
111  47.20328765  014.75712918 4 104
115  47.20331722  014.75740146
120 Linear Feature 78
111  47.20230054  014.74846655 4 104
115  47.20232254  014.74866860
120 Linear Feature 77
111  47.20097964  014.73688726 4 104
115  47.20100360  014.73711029
120 Linear Feature 76
111  47.19886977  014.72688801 5 103
115  47.19900273  014.72685995
120 Linear Feature 75
111  47.19976486  014.72629916 4 104
115  47.19966465  014.72642075
120 Linear Feature 74
111  47.19972527  014.72589296 4 104
115  47.19975167  014.72611095
120 Linear Feature 73
111  47.19954187  014.72430457 4 104
115  47.19956428  014.72450601
120 Linear Feature 72
111  47.20060926  014.75491635 1
116  47.20076106  014.75510325  47.20077857  014.75530734
120 Linear Feature 71
111  47.20087929  014.75640080 1
116  47.20079171  014.75652325  47.20072311  014.75657051
120 Linear Feature 70
111  47.20089388  014.75611508 1
112  47.20094351  014.75641154  47.20097416  014.75644806 1
116  47.20104568  014.75645880  47.20108363  014.75645880
120 Linear Feature 69
111  47.20096248  014.75648029 1
116  47.20085155  014.75666289  47.20082820  014.75683475
120 Linear Feature 68
111  47.20085892  014.75484977 1
112  47.20075962  014.75509975  47.20078638  014.75529489 1
111  47.20089391  014.75612304 1
112  47.20087466  014.75645797  47.20085946  014.75656836 1
116  47.20085885  014.75678963  47.20088220  014.75684549
120 Linear Feature 67
111  47.20223620  014.75578004 1 101
116  47.20199171  014.75623297  47.20174480  014.75632965
120 Linear Feature 88
111  47.20104540  014.75645857 1
115  47.20027137  014.75665293
120 Linear Feature 66
111  47.20104438  014.75645969 1 101
111  47.20199450  014.75622803 1 101
116  47.20231891  014.75654090  47.20237851  014.75687568
120 Linear Feature 65
111  47.20245976  014.75775222 1 101
112  47.20221923  014.75823576  47.20196234  014.75829806 1 101
112  47.20167416  014.75825615  47.20151653  014.75816807 1 101
112  47.20136452  014.75785192  47.20123315  014.75758338 1 101
111  47.20084198  014.75674770 1 101
116  47.20065082  014.75655434  47.20051945  014.75653823
120 Linear Feature 64
111  47.20271742  014.75741278 1 101
116  47.20247659  014.75789615  47.20252038  014.75828285
120 Linear Feature 63
111  47.20343588  014.74829573 1
112  47.20315994  014.74878734  47.20321249  014.74921916 1
115  47.20322196  014.74930478
120 Linear Feature 62
111  47.20297975  014.74721833 1
111  47.20306854  014.74799353 1
116  47.20343150  014.74829788  47.20372196  014.74822269
120 Linear Feature 61
111  47.20316598  014.74904308 1 101
116  47.20260532  014.74849531  47.20209283  014.74849339
120 Linear Feature 60
111  47.20293027  014.74695840 1 101
111  47.20300763  014.74758357 1 101
116  47.20260354  014.74849666  47.20209658  014.74876394
120 Linear Feature 55
111  47.20398032  014.75618211 1 101
111  47.20401359  014.75651726 1 101
116  47.20355070  014.75720754  47.20308409  014.75731892
120 Linear Feature 54
111  47.20390870  014.75505336 1
116  47.20415391  014.75477192  47.20438015  014.75471391
120 Linear Feature 54
111  47.20384155  014.75460435 1
116  47.20415391  014.75477192  47.20438015  014.75471391
120 Linear Feature 53
111  47.20138879  014.74837026 1 101
116  47.20169828  014.74872259  47.20195472  014.74872855
120 Linear Feature 53
111  47.20138879  014.74837175 1 101
116  47.20117424  014.74884641  47.20094212  014.74895383
120 Linear Feature 53
111  47.20148407  014.74921764 1 101
116  47.20117424  014.74884641  47.20091070  014.74884194
120 Linear Feature 53
111  47.20148407  014.74921764 1 101
116  47.20169828  014.74872259  47.20195979  014.74857937
120 Linear Feature 52
111  47.20214001  014.75493993 1 101
116  47.20182649  014.75460222  47.20157076  014.75458675
120 Linear Feature 51
111  47.20007371  014.75505336 1 101
111  47.20182844  014.75460558 1 101
116  47.20205346  014.75416518  47.20206441  014.75378386
120 Linear Feature 50
111  47.20346278  014.74828860 1 101
111  47.19974725  014.74919701 1 101
112  47.19949797  014.74975687  47.19956629  014.75030337 1 101
111  47.20007253  014.75456905 1 101
116  47.20046095  014.75494769  47.20078632  014.75487344
120 Linear Feature 49
111  47.20029661  014.73748445 1 101
116  47.20021552  014.73807746  47.20025691  014.73840566
120 Linear Feature 48
111  47.20013597  014.73740560 1 101
116  47.20008276  014.73787677  47.20001181  014.73802719
120 Linear Feature 47
111  47.19978819  014.73796109 1
115  47.19931381  014.73745536
120 Linear Feature 46
111  47.20022313  014.73815763 1 101
112  47.20001970  014.73800016  47.19987258  014.73805610 1 101
116  47.19978985  014.73796174  47.19972932  014.73790166
120 Linear Feature 45
111  47.20168073  014.73577177 1
111  47.20174641  014.73639048 1
112  47.20187485  014.73668480  47.20197265  014.73675999 1
115  47.20212883  014.73672561
120 Linear Feature 44
111  47.20212678  014.73672663 1
112  47.20183972  014.73721537  47.20189324  014.73765577 1
115  47.20189202  014.73767367
120 Linear Feature 43
111  47.20105642  014.73697686 1 101
112  47.20161159  014.73720984  47.20182702  014.73748826 1 101
112  47.20189884  014.73786721  47.20191460  014.73804251 1 101
115  47.20192686  014.73816367
120 Linear Feature 42
111  47.20212902  014.73672545 1 101
111  47.20105918  014.73697912 1 101
112  47.20041513  014.73729840  47.20024698  014.73754588 1 101
112  47.20001998  014.73800062  47.19995693  014.73813364 1 101
115  47.19980011  014.73846378
120 Linear Feature 41
111  47.20157829  014.73508185 1 101
111  47.20166879  014.73582516 1 101
112  47.20150320  014.73658351  47.20132279  014.73687224 1 101
116  47.20106006  014.73698051  47.20091293  014.73701660
120 Linear Feature 40
111  47.19930271  014.72611209 1 101
112  47.19973902  014.72639095  47.19993606  014.72675435 1 101
112  47.20031838  014.72752056  47.20046971  014.72786702 1 101
112  47.20080185  014.72894010  47.20092796  014.72947217 1 101
111  47.20099509  014.72995594 1 101
115  47.20118263  014.73158490
120 Linear Feature 39
111  47.20069434  014.72731406 1 101
111  47.20061844  014.72664382 1 101
112  47.20041556  014.72610246  47.20023894  014.72591342 1 101
112  47.19992805  014.72595638  47.19976457  014.72600579 1 101
111  47.19931877  014.72610994 1 101
116  47.19894073  014.72696707  47.19903560  014.72772538
120 Linear Feature 38
111  47.20051036  014.72566238 1 101
111  47.20040576  014.72485679 1 101
112  47.19984537  014.72433525  47.19942063  014.72443192 1 101
111  47.19924090  014.72448230 1 101
112  47.19885415  014.72482181  47.19874367  014.72510973 1 101
112  47.19878117  014.72555428  47.19880448  014.72573628 1 101
111  47.20264824  014.75941253 1 101
112  47.20293115  014.75998484  47.20315593  014.76013952 1 101
112  47.20387114  014.75991394  47.20412949  014.75984519 1 101
112  47.20431463  014.75907362  47.20427026  014.75861730 1 101
115  47.20423400  014.75833385
120 Linear Feature 59
111  47.20544872  014.75743419 1
116  47.20536918  014.75792634  47.20540015  014.75821230
120 Linear Feature 58
111  47.20516046  014.75750500 1
112  47.20546844  014.75739973  47.20558083  014.75719133 1
111  47.20636985  014.75589222 1
112  47.20711426  014.75464152  47.20717994  014.75450831 1
115  47.20816131  014.75236949
120 Linear Feature 57
111  47.20405898  014.75649923 1 101
116  47.20450124  014.75709648  47.20484425  014.75731777
120 Linear Feature 56
111  47.20238599  014.75712054 1 101
112  47.20273366  014.75740550  47.20298301  014.75734433 1 101
111  47.20410129  014.75707186 1 101
112  47.20449969  014.75709632  47.20470812  014.75722007 1 101
111  47.20516069  014.75750704 1 101
112  47.20537855  014.75799469  47.20541868  014.75837246 1 101
111  47.20548509  014.75893826 1 101
112  47.20541353  014.75940950  47.20530406  014.75959427 1 101
112  47.20518438  014.75962434  47.20510994  014.75964368 1 101
112  47.20482108  014.75965428  47.20467877  014.75963638 1 101
112  47.20433094  014.75906344  47.20428424  014.75864021 1 101
115  47.20425927  014.75840070
120 Linear Feature 34
111  47.20439888  014.75724480 3 102
112  47.20453470  014.75722839  47.20461275  014.75722839 3 102
111  47.20468472  014.75727613 3 102
112  47.20513975  014.75755804  47.20532828  014.75767889 3 102
111  47.20534827  014.75808131 3 102
112  47.20544817  014.75894196  47.20547615  014.75914606 3 102
112  47.20516677  014.75956374  47.20491425  014.75963464 3 102
115  47.20465444  014.75937038
120 Linear Feature 33
111  47.20470212  014.75982513 3 102
112  47.20520243  014.75969325  47.20560236  014.75958798 3 102
111  47.20552798  014.75893158 3 102
112  47.20542662  014.75804658  47.20537262  014.75761259 3 102
111  47.20551160  014.75741669 3 102
111  47.20642046  014.75591176 3 102
112  47.20714223  014.75469050  47.20719392  014.75458606 3 102
112  47.20814194  014.75253749  47.20823519  014.75231965 3 102
115  47.20831223  014.75244946
120 Linear Feature 32
111  47.20813789  014.75213613 3 102
112  47.20808011  014.75245095  47.20800409  014.75260165 3 102
112  47.20709126  014.75459113  47.20701061  014.75474439 3 102
112  47.20632100  014.75588274  47.20619683  014.75607670 3 102
112  47.20544449  014.75734012  47.20530291  014.75757645 3 102
111  47.20510341  014.75740495 3 102
112  47.20471077  014.75713854  47.20446702  014.75696882 3 102
115  47.20433711  014.75674968
120 Linear Feature 82
111  47.20520833  014.75968464 4 104
115  47.20519418  014.75956264
120 Linear Feature 81
111  47.20495747  014.75743353 4 104
115  47.20498519  014.75733443
120 Linear Feature 31
111  47.20195536  014.75840962 3 102
112  47.20220796  014.75836550  47.20229432  014.75835118 3 102
112  47.20240136  014.75842816  47.20247069  014.75849082 3 102
112  47.20256978  014.75939536  47.20267925  014.76034421 3 102
111  47.20332743  014.76016161 3 102
115  47.20412284  014.75996512
120 Linear Feature 29
111  47.20226164  014.75669690 3 102
111  47.20234571  014.75742353 3 102
112  47.20218953  014.75804654  47.20199103  014.75822485 3 102
112  47.20166017  014.75814273  47.20157085  014.75808344 3 102
112  47.20141496  014.75782822  47.20135015  014.75768902 3 102
111  47.20102437  014.75699039 3 102
112  47.20108567  014.75655988  47.20132388  014.75650059 3 102
114  47.20194042  014.75635622  47.20220140  014.75630724 3 102
120 Linear Feature 28
111  47.20142918  014.75482683 3 102
111  47.20177073  014.75474520 3 102
112  47.20207433  014.75507389  47.20211812  014.75545199 3 102
111  47.20214147  014.75565178 3 102
112  47.20192049  014.75612611  47.20166505  014.75619056 3 102
115  47.20159499  014.75621419
120 Linear Feature 15
111  47.19929392  014.73752929 3 102
111  47.19981472  014.73807040 3 102
116  47.19986430  014.73823094  47.19982067  014.73830975
120 Linear Feature 14
111  47.20007566  014.72423987 3 102
112  47.19985171  014.72422649  47.19972528  014.72425446 3 102
112  47.19917685  014.72438678  47.19900549  014.72443092 3 102
112  47.19869939  014.72541609  47.19876930  014.72604860 3 102
111  47.20004800  014.73728527 3 102
112  47.20003318  014.73779437  47.19996079  014.73793448 3 102
112  47.19980212  014.73787756  47.19970990  014.73777686 3 102
115  47.19935755  014.73740766
120 Linear Feature 16
111  47.20025588  014.72579118 3 102
112  47.20003026  014.72581220  47.19993030  014.72582481 3 102
112  47.19936721  014.72597395  47.19908637  014.72604575 3 102
112  47.19897678  014.72625903  47.19894538  014.72631011 3 102
111  47.19893546  014.72623349 3 102
112  47.19884125  014.72539321  47.19879498  014.72498969 3 102
112  47.19924602  014.72458685  47.19951972  014.72452030 3 102
112  47.19983225  014.72444953  47.19993816  014.72441975 3 102
111  47.20001432  014.72450032 3 102
115  47.20011547  014.72464043
120 Linear Feature 17
111  47.20044825  014.72747441 3 102
112  47.19979463  014.72633428  47.19974574  014.72625015 3 102
111  47.19967327  014.72614006 3 102
112  47.20001598  014.72605599  47.20020019  014.72601606 3 102
115  47.20028444  014.72623043
120 Linear Feature 18
112  47.20143994  014.73632283  47.20138401  014.73651024 3 102
112  47.20118436  014.73675902  47.20110106  014.73684514 3 102
112  47.20084294  014.73691964  47.20063731  014.73698479 3 102
112  47.20038669  014.73719655  47.20019153  014.73736469 3 102
111  47.20017368  014.73701265 3 102
112  47.19900886  014.72686461  47.19899597  014.72675661 3 102
112  47.19905653  014.72646276  47.19910016  014.72634600 3 102
112  47.19935599  014.72621871  47.19954165  014.72621437 3 102
111  47.19964970  014.72640729 3 102
112  47.19982072  014.72672847  47.19993853  014.72695089 3 102
112  47.20013439  014.72745844  47.20034144  014.72798596 3 102
115  47.20060198  014.72904480
120 Linear Feature 19
111  47.20280486  014.74818216 3 102
112  47.20255354  014.74839234  47.20241502  014.74842387 3 102
112  47.20172813  014.74859605  47.20150560  014.74864684 3 102
111  47.20146239  014.74832610 3 102
112  47.20030090  014.73817505  47.20026282  014.73789482 3 102
112  47.20049802  014.73735240  47.20064938  014.73718847 3 102
112  47.20098717  014.73712393  47.20111870  014.73710164 3 102
112  47.20134710  014.73720421  47.20146312  014.73727135 3 102
115  47.20156871  014.73743855
120 Linear Feature 21
111  47.20408280  014.75953522 3 102
112  47.20390192  014.75979095  47.20374842  014.75982773 3 102
112  47.20335729  014.75992671  47.20317023  014.75997505 3 102
112  47.20293746  014.75985104  47.20277325  014.75972494 3 102
112  47.20271613  014.75933400  47.20269614  014.75916375 3 102
112  47.20257323  014.75805340  47.20251731  014.75757524 3 102
111  47.20282194  014.75753145 3 102
112  47.20348210  014.75736566  47.20368321  014.75731312 3 102
115  47.20384386  014.75742872
120 Linear Feature 20
112  47.20378277  014.75685128  47.20377187  014.75687171 3 102
112  47.20356659  014.75705270  47.20342280  014.75708482 3 102
112  47.20278835  014.75724459  47.20250276  014.75731757 3 102
111  47.20244722  014.75695122 3 102
112  47.20156716  014.74926472  47.20152075  014.74886188 3 102
111  47.20174447  014.74882510 3 102
112  47.20256437  014.74861900  47.20273240  014.74857440 3 102
115  47.20285069  014.74870836
120 Linear Feature 22
111  47.19998371  014.73818849 3 102
112  47.20016085  014.73829036  47.20020192  014.73862533 3 102
111  47.20131123  014.74835325 3 102
112  47.20113000  014.74873994  47.20090741  014.74879364 3 102
111  47.20068184  014.74885811 3 102
112  47.20049942  014.74880777  47.20043100  014.74871826 3 102
115  47.20042002  014.74852308
120 Linear Feature 27
111  47.20046359  014.75410283 3
112  47.20103061  014.75396550  47.20114414  014.75394014 3
111  47.20117151  014.75412513 3
112  47.20121003  014.75443394  47.20123841  014.75466966 3 102
111  47.20106710  014.75468606 3 102
112  47.20048060  014.75483532  47.20022663  014.75489762 3 102
111  47.20015459  014.75455572 3 102
112  47.19990025  014.75242417  47.19987397  014.75220506 3 102
111  47.19997469  014.75217713 3
112  47.20011260  014.75214787  47.20024980  014.75211779 3
113  47.20025639  014.75230602 3
120 Linear Feature 26
111  47.19993997  014.74951430 3 102
112  47.19977298  014.74931008  47.19963530  014.74933370 3 102
112  47.19958039  014.74981108  47.19963530  014.75022506 3 102
111  47.19983044  014.75185686 3 102
112  47.19997657  014.75204085  47.20010496  014.75201350 3
114  47.20020125  014.75177108  47.20016831  014.75153363 3
120 Linear Feature 25
112  47.20195490  014.75398034  47.20201086  014.75445475 3 102
111  47.20174511  014.75451952 3 102
112  47.20150476  014.75458083  47.20131115  014.75462857 3 102
111  47.20128886  014.75433616 3
112  47.20104167  014.75215653  47.20101228  014.75191485 3
111  47.20116736  014.75188054 3 102
112  47.20151495  014.75179182  47.20171260  014.75174259 3 102
113  47.20173389  014.75205290 3 102
120 Linear Feature 24
112  47.20165499  014.75136851  47.20168297  014.75161735 3 102
111  47.20152485  014.75165495 3 102
112  47.20115704  014.75175269  47.20101351  014.75179029 3
111  47.20098067  014.75160231 3
112  47.20079863  014.74999153  47.20078003  014.74983062 3
111  47.20067382  014.74985121 3
112  47.20026826  014.74995754  47.20011115  014.74999633 3
111  47.20007607  014.74984804 3
112  47.20003148  014.74949298  47.20000715  014.74925131 3 102
111  47.20014906  014.74921252 3 102
112  47.20113437  014.74897418  47.20138879  014.74891301 3 102
113  47.20142325  014.74929642 3 102
120 Linear Feature 23
111  47.20033871  014.74853767 3 102
111  47.20035138  014.74869183 3 102
112  47.20022721  014.74897403  47.20008108  014.74900884 3 102
111  47.19969145  014.74909391 3 102
112  47.19941629  014.74968613  47.19947176  014.75018881 3 102
111  47.19949253  014.75036057 3 102
112  47.19938063  014.75053243  47.19927359  014.75056465 3 102
115  47.19920802  014.75057984
120 Linear Feature 27
111  47.20043643  014.75420492 30
111  47.20100873  014.75405284 30
112  47.20110945  014.75413590  47.20112247  014.75422919 30
115  47.20112942  014.75428414
120 Linear Feature 26
111  47.20010890  014.74961773 30
111  47.20012279  014.74977108 30
112  47.20021830  014.74986692  47.20030165  014.74984903 30
115  47.20083228  014.74971739
120 Linear Feature 25
111  47.19994303  014.75211370 1
116  47.19981251  014.75236966  47.19982188  014.75260734
120 Linear Feature 24
112  47.20025277  014.75184868  47.20024608  014.75178027
111  47.20025277  014.75184868
112  47.20025277  014.75184868  47.20025982  014.75191978 1
112  47.20041629  014.75199905  47.20051175  014.75197686
111  47.20041629  014.75199905
112  47.20041629  014.75199905  47.20032146  014.75202052 1
112  47.20029604  014.75222679  47.20030906  014.75231837
111  47.20029604  014.75222679
112  47.20029604  014.75222679  47.20028302  014.75212030 1
112  47.20013469  014.75206705  47.20005727  014.75208622
111  47.20013469  014.75206705
114  47.20013469  014.75206705  47.20020777  014.75205001 1
120 Linear Feature 23
111  47.20108190  014.75183559 1
116  47.20098252  014.75204279  47.20095994  014.75220763
120 Linear Feature 22
111  47.20085362  014.75189258 1
116  47.20098220  014.75204286  47.20100304  014.75218471
120 Linear Feature 21
111  47.20094105  014.75166702 1
116  47.20085211  014.75189258  47.20076418  014.75193251
120 Linear Feature 20
111  47.20094130  014.75166772 1
116  47.20108174  014.75183859  47.20119579  014.75186522
120 Linear Feature 19
111  47.20093655  014.75163579 1
112  47.20085515  014.75156213  47.20078159  014.75158166 1
115  47.20030329  014.75169590
120 Linear Feature 19
111  47.20090594  014.75137019 1
112  47.20082454  014.75129653  47.20075098  014.75131605 1
115  47.20026891  014.75143214
120 Linear Feature 19
111  47.20087660  014.75110367 1
112  47.20079520  014.75103001  47.20072164  014.75104954 1
115  47.20023957  014.75116563
120 Linear Feature 19
111  47.20081056  014.75052385 1
112  47.20072916  014.75045020  47.20065560  014.75046972 1
115  47.20017353  014.75058581
120 Linear Feature 19
111  47.20078384  014.75026187 1
112  47.20070244  014.75018822  47.20062888  014.75020774 1
115  47.20014681  014.75032383
120 Linear Feature 18
111  47.20010294  014.75005895 1
111  47.20065024  014.74992272 1
112  47.20076058  014.75006027  47.20077626  014.75021202 1
115  47.20123276  014.75426747
120 Linear Feature 17
111  47.20173817  014.75144473 1 101
116  47.20161457  014.75170297  47.20149699  014.75174912
120 Linear Feature 16
111  47.20109639  014.75183204 1 101
111  47.20161480  014.75170269 1 101
116  47.20178701  014.75187425  47.20183163  014.75203576
120 Linear Feature 15
111  47.19976714  014.75197993 1
112  47.19994218  014.75211334  47.20005783  014.75208727 1
115  47.20109694  014.75183217
120 Linear Feature 14
111  47.20000056  014.74963587 1
115  47.20050162  014.75402496
120 Linear Feature 13
111  47.20126923  014.75457474 1 101
116  47.20138801  014.75472042  47.20145990  014.75472962
120 Linear Feature 12
111  47.20123287  014.75426739 1 101
111  47.20126819  014.75457167 1 101
116  47.20118588  014.75477256  47.20109836  014.75484770
120 Linear Feature 11
111  47.19997058  014.74937518 1 101
116  47.19982558  014.74917711  47.19969882  014.74916433
120 Linear Feature 10
111  47.20006261  014.74911833 1 101
112  47.19996971  014.74937518  47.19998881  014.74953236 1 101
115  47.20000010  014.74963714
120 Linear Feature 30
111  47.20117686  014.75378043 1
116  47.20114732  014.75386207  47.20112320  014.75388515
120 Linear Feature 30
111  47.20114686  014.75351729 1
116  47.20111731  014.75359893  47.20109319  014.75362200
120 Linear Feature 30
111  47.20111685  014.75324494 1
116  47.20108730  014.75332659  47.20106319  014.75334966
120 Linear Feature 30
111  47.20105083  014.75266346 1
116  47.20102129  014.75274510  47.20099717  014.75276817
120 Linear Feature 30
111  47.20101933  014.75239627 1
116  47.20098978  014.75247791  47.20096567  014.75250098
120 Linear Feature 30
111  47.20099232  014.75213128 1
116  47.20096278  014.75221293  47.20093866  014.75223600
120 Linear Feature 29
111  47.20056387  014.75401249 1
112  47.20114671  014.75386296  47.20117144  014.75385675 1
115  47.20119314  014.75392064
120 Linear Feature 29
111  47.20053386  014.75374935 1
112  47.20111671  014.75359982  47.20114143  014.75359361 1
115  47.20116313  014.75365750
120 Linear Feature 29
111  47.20050386  014.75347700 1
112  47.20108670  014.75332747  47.20111142  014.75332126 1
115  47.20113313  014.75338516
120 Linear Feature 29
111  47.20043784  014.75289551 1
112  47.20102069  014.75274599  47.20104541  014.75273977 1
115  47.20106711  014.75280367
120 Linear Feature 29
111  47.20040633  014.75262832 1
112  47.20098918  014.75247880  47.20101390  014.75247258 1
115  47.20103561  014.75253648
120 Linear Feature 29
111  47.20037933  014.75236334 1
112  47.20096217  014.75221382  47.20098689  014.75220760 1
115  47.20100860  014.75227150
120 Linear Feature 87
111  47.20254929  014.75852567 1 101
116  47.20221783  014.75823625  47.20196038  014.75826012
21  47.20130911  014.72805321 2 80.5100 3.00 08  PAPI-4L
21  47.20344835  014.75595043 2 260.5300 3.00 26  PAPI-4L
20  47.19917059  014.72683760 270.7207 0 2 {@L}H{@Y}B*B1{^r}
20  47.20000211  014.73852743 335.3707 0 2 {@Y,^l}H{@L}C1{@Y}C{^u}H{^r}
20  47.19991029  014.73743572 87.1910 0 2 {@Y,^l}C{@L}H{@Y}C1{^r}
20  47.20161541  014.74828399 64.5175 0 2 {@Y,^l}D{@L}H{@Y}D1{^r}
20  47.20209589  014.75786753 332.2535 0 2 {@Y,^l}08R{@L}F1{@Y}26L{^r}
20  47.20129649  014.74962916 248.6446 0 2 {@Y,^l}D1{@L}H
20  47.20158589  014.75211683 248.6446 0 2 {@Y,^l}E{@L}H
20  47.20213418  014.75665229 248.6446 0 2 {@Y,^l}M{@L}H
20  47.20187061  014.75597181 332.2535 0 2 {@Y,^l}08R{@L}M{@Y}26L{^r}
20  47.20168662  014.75436866 332.2535 0 2 {@Y,^l}08R{@L}L{@Y}26L{^r}
20  47.20112672  014.74919362 358.0129 0 2 {@Y,^l}08R{@L}D1{@Y}26L{^r}
20  47.20136808  014.75147939 332.2535 0 2 {@Y,^l}08R{@L}E{@Y}26L{^r}
20  47.20178195  014.74906349 156.2856 0 2 {@Y,^l}H{@L}D{@Y}D1{^u}H{^r}
20  47.20043961  014.73807432 260.5074 0 2 {@Y,^l}C1{@L}H{@Y}C{^r}
20  47.20571352  014.74356151 79.9042 0 3 {@L}T{@R}02-20
20  47.20553781  014.74578525 259.3802 0 3 {@L}T{@R}02-20
20  47.20263900  014.73703081 168.6824 0 3 {@L}W{@R}08R-26L
20  47.20446911  014.73651082 171.7753 0 3 {@L}T{@R}08L-26R
20  47.20300654  014.73617336 345.5769 0 3 {@L}W{@R}08L-26R
20  47.20663360  014.75501162 82.3790 0 3 {@Y,^l}K1{@L}T{@Y}K*K1{^r}
20  47.20346596  014.73717975 79.7298 0 3 {@L}08L
20  47.20415361  014.73699204 79.7298 0 3 {@L}08L
20  47.20532067  014.75310560 258.9877 0 3 {@L}26R
20  47.20606697  014.75386850 248.7554 0 3 {@L}26R
20  47.20647940  014.75448390 170.0128 0 3 {@L}V{@R}08L-26R
20  47.20510654  014.75426569 333.4070 0 3 {@L}Y{@R}08L-26R
20  47.20435300  014.74773904 348.4619 0 3 {@L}X{@R}08L-26R
20  47.20395548  014.74851814 164.1134 0 3 {@L}X{@R}08R-26L
20  47.20468947  014.75496367 138.1112 0 3 {@L}Y{@R}08R-26L
20  47.20509604  014.75706988 207.4661 0 2 {@L}K{@R}08R-26L
20  47.20490100  014.75771214 175.3533 0 2 {@L}K{@R}08R-26L
20  47.20517481  014.75933585 182.6604 0 2 {@L}J{@R}08R-26L
20  47.20524858  014.75994683 153.3319 0 2 {@L}J{@R}08R-26L
20  47.20363235  014.76031638 2.3723 0 2 {@L}G{@R}08R-26L
20  47.20356984  014.75964775 330.5317 0 2 {@L}G{@R}08R-26L
20  47.20332143  014.75764297 1.9073 0 2 {@L}F{@R}08R-26L
20  47.20324329  014.75688080 328.6086 0 2 {@L}F{@R}08R-26L
20  47.20232747  014.74893941 2.7335 0 2 {@L}D{@R}08R-26L
20  47.20225332  014.74821276 332.3551 0 2 {@L}D{@R}08R-26L
20  47.20101007  014.73737811 1.2966 0 2 {@L}C{@R}08R-26L
20  47.20093401  014.73663591 333.1222 0 2 {@L}C{@R}08R-26L
20  47.19957313  014.72474354 8.6135 0 2 {@L}A{@R}08R-26L
20  47.19953571  014.72654626 72.0559 0 2 {@L}B1{@R}08R-26L
20  47.19969174  014.72565638 332.1737 0 2 {@L}B{@R}08R-26L
20  47.19951166  014.72406730 337.6939 0 2 {@L}A{@R}08R-26L
14  47.19986938  014.74765630 114.83 0 Tower Viewpoint 1
1300  47.20093915  014.75391612 350.35 hangar fighters Eurofighter Hangar 1
1301 A none 
1300  47.20090928  014.75365265 350.35 hangar fighters Eurofighter Hangar 2
1301 A none 
1300  47.20087290  014.75338191 350.35 hangar fighters Eurofighter Hangar 3
1301 A none 
1300  47.20080835  014.75279970 350.35 hangar fighters Eurofighter Hangar 4
1301 A none 
1300  47.20077334  014.75253104 350.35 hangar fighters Eurofighter Hangar 5
1301 A none 
1300  47.20074333  014.75226974 350.35 hangar fighters Eurofighter Hangar 6
1301 A none 
1300  47.20067082  014.75160913 350.35 hangar fighters Eurofighter Hangar 7
1301 A none 
1300  47.20063522  014.75134077 350.35 hangar fighters Eurofighter Hangar 8
1301 A none 
1300  47.20060136  014.75107625 350.35 hangar fighters Eurofighter Hangar 9
1301 A none 
1300  47.20053179  014.75049968 350.35 hangar fighters Eurofighter Hangar 10
1301 A none 
1300  47.20049706  014.75023899 350.35 hangar fighters Eurofighter Hangar 11
1301 A none 
1300  47.20046581  014.74996936 350.35 hangar fighters Eurofighter Hangar 12
1301 A none 
19  47.20003019  014.72862279 1 WS
19  47.20311723  014.75576514 1 WS
1054 118700 TWR
1054 132650 TWR
1055 129475 RADAR
1055 135375 RADAR
99
