I
1130 Generated by WorldEditor 2.0.0r4

1   2169 1 0 XED7O Ohlstadt-Pömetsried
100 10.00 1 0 0.25 0 0 0 04  47.65533235  011.23084841  260    0 2 0 0 0 22  47.66136161  011.23847024  165    0 2 0 0 0
110 5 0.30 0.0000 Gravel area
111  47.65836634  011.23118463
112  47.65834416  011.23163840  47.65835080  011.23179038
112  47.65819614  011.23187208  47.65810422  011.23200681
111  47.65820676  011.23197307
112  47.65856568  011.23189627  47.65880002  011.23186581
111  47.65887649  011.23183491
111  47.65884585  011.23165787
111  47.65878548  011.23152130
111  47.65868918  011.23138900
113  47.65855551  011.23127163
110 1 0.25 10.0000 Taxiway 4
111  47.65793174  011.23217598
112  47.65799580  011.23305711  47.65799823  011.23308837
112  47.65801299  011.23310673  47.65802230  011.23311875
112  47.65852836  011.23374822  47.65858073  011.23381533
112  47.65861122  011.23398023  47.65862127  011.23411125
112  47.65863882  011.23435332  47.65864328  011.23441814
112  47.65853725  011.23449253  47.65846552  011.23450113
112  47.65837056  011.23451186  47.65830738  011.23451848
111  47.65826552  011.23447835
111  47.65838359  011.23462013
112  47.65838706  011.23458017  47.65841209  011.23457689
112  47.65854854  011.23455697  47.65859117  011.23455115
112  47.65865792  011.23465493  47.65866282  011.23473132
111  47.65867986  011.23501325
111  47.65877889  011.23512329
112  47.65872433  011.23495691  47.65871676  011.23485108
112  47.65865444  011.23394975  47.65865087  011.23388626
112  47.65869947  011.23381883  47.65872130  011.23380626
111  47.65880428  011.23376427
111  47.65879428  011.23369953
112  47.65868651  011.23375038  47.65866602  011.23375898
112  47.65863707  011.23369949  47.65863484  011.23367369
113  47.65852621  011.23210213
112  47.65821077  011.23326715  47.65819714  011.23324966
112  47.65818212  011.23317822  47.65818028  011.23314214
111  47.65817158  011.23293310
111  47.65853324  011.23288899
112  47.65858819  011.23366524  47.65858981  011.23368685
114  47.65854802  011.23368327  47.65853292  011.23366566
110 1 0.25 40.4100 Taxiway 3
111  47.66082307  011.23786624
112  47.66084454  011.23793479  47.66084588  011.23796958
112  47.66085635  011.23819399  47.66085959  011.23825773
112  47.66089732  011.23832525  47.66091838  011.23835170
111  47.66098033  011.23842529
111  47.66110132  011.23821956
111  47.66100988  011.23810561
112  47.66103584  011.23820401  47.66102884  011.23825087
112  47.66099574  011.23828603  47.66097696  011.23829915
112  47.66093693  011.23828404  47.66092110  011.23826819
112  47.66089951  011.23819144  47.66089767  011.23813732
112  47.66089149  011.23801417  47.66088964  011.23797936
113  47.66092847  011.23800094
110 1 0.25 40.4100 Taxiway 2
111  47.65531404  011.23090527
111  47.65519012  011.23111322
112  47.65526735  011.23121094  47.65529498  011.23124533
112  47.65537053  011.23126199  47.65541686  011.23125869
112  47.65554925  011.23124251  47.65556197  011.23124128
111  47.65559704  011.23126111
111  47.65548993  011.23112636
112  47.65547370  011.23118277  47.65544328  011.23118593
112  47.65537883  011.23119333  47.65533097  011.23119830
112  47.65529119  011.23114206  47.65528106  011.23110658
112  47.65529408  011.23103511  47.65530859  011.23100606
112  47.65534563  011.23099262  47.65536554  011.23098811
113  47.65539231  011.23100516
110 3 0.15 100.0000 Taxiway 1
112  47.65537949  011.23001792  47.65531378  011.22994112
112  47.65521387  011.22997096  47.65516493  011.23000002
112  47.65474304  011.23055942  47.65472766  011.23065490
112  47.65478399  011.23077767  47.65480776  011.23082541
112  47.65510221  011.23124457  47.65519295  011.23135645
112  47.65547068  011.23159543  47.65559064  011.23173699
112  47.65699371  011.23350408  47.65713905  011.23375025
112  47.65790160  011.23467909  47.65804033  011.23481974
112  47.65994404  011.23713098  47.66015954  011.23738840
112  47.66127676  011.23891037  47.66132833  011.23897134
112  47.66143823  011.23893501  47.66147833  011.23890949
112  47.66181108  011.23840932  47.66183209  011.23831106
112  47.66170812  011.23801301  47.66164404  011.23791787
111  47.65864871  011.23414682
111  47.65860238  011.23382737
111  47.65800295  011.23307807
112  47.65793673  011.23329875  47.65786085  011.23318878
112  47.65692940  011.23196014  47.65667056  011.23157587
114  47.65603770  011.23085697  47.65586657  011.23062965
110 3 0.15 355.0000 Taxiway 0
112  47.65884727  011.23195896  47.65884225  011.23190250
112  47.65880004  011.23189622  47.65876983  011.23191608
112  47.65851864  011.23211258  47.65852212  011.23218218
112  47.65865011  011.23395509  47.65866087  011.23410912
112  47.65894073  011.23439003  47.65898153  011.23441194
112  47.65899157  011.23431454  47.65899418  011.23424881
114  47.65892870  011.23306473  47.65888717  011.23242082
110 5 0.30 0.0000 Taxiway 0
111  47.65864849  011.23399704
111  47.65866250  011.23415253
111  47.65901494  011.23458829
112  47.65934940  011.23494831  47.65940609  011.23501528
111  47.65944034  011.23515743
112  47.66174875  011.23810716  47.66177215  011.23808724
111  47.66179419  011.23797887
111  47.65908359  011.23450433
111  47.65904632  011.23427775
112  47.65900135  011.23443926  47.65897179  011.23445614
112  47.65883327  011.23430973  47.65874275  011.23418728
114  47.65868681  011.23409002  47.65867069  011.23405786
130 Airport Boundary
111  47.65527539  011.22979881
111  47.65503338  011.22984287
111  47.65479138  011.22999878
111  47.65462472  011.23053428
111  47.65474572  011.23107996
111  47.65486444  011.23155108
111  47.65612655  011.23304617
111  47.65662932  011.23364083
111  47.65748656  011.23499789
111  47.65787552  011.23476782
111  47.66032451  011.23773637
111  47.66044191  011.23826460
111  47.66045748  011.24026573
111  47.66063390  011.24042288
111  47.66155911  011.23906436
111  47.66194607  011.23846331
111  47.66200822  011.23787691
111  47.65924776  011.23435603
111  47.65898803  011.23112302
111  47.65799248  011.23101880
111  47.65744119  011.23127836
111  47.65755667  011.23180005
111  47.65730006  011.23195132
113  47.65701093  011.23200386
120 Linear Feature 11
111  47.65865703  011.23389829 5
115  47.65860342  011.23390576
14  47.65830648  011.23321891   6.56 0 Tower Viewpoint
1300  47.65804417  011.23228341 128.16 misc props Hangar start 1
1301 B none 
1300  47.65842895  011.23262116 359.19 misc props Hangar start 2
1301 B none 
1300  47.65840424  011.23222448 355.24 misc props Hangar start 3
1301 B none 
1300  47.65877565  011.23273380 167.82 misc props|helos Grass start 1
1301 B none 
1300  47.65881251  011.23327680 176.58 misc props|helos Grass start 2
1301 B none 
19  47.65923085  011.23439922 0 Windsock 22
19  47.65633537  011.23314183 0 Windsock 04
1054 130125 Ohlstadt Start
1200 
1201  47.65807946  011.23314851 both 0 _stop
1201  47.65802668  011.23241522 both 1 _start
1201  47.65854633  011.23274314 both 2 _stop
1201  47.65858590  011.23330453 both 3 _stop(split)
1201  47.65862174  011.23381961 both 4 _stop(split)(split)
1201  47.65850139  011.23220264 both 5 _start
1201  47.65862754  011.23388881 both 6 _start
1201  47.65867069  011.23452220 both 7 _start(split)
1201  47.66112342  011.23816883 both 8 _stop
1201  47.66098899  011.23840285 both 9 _stop
1201  47.66105650  011.23828485 both 10 _stop(split)
1201  47.66088836  011.23827971 both 11 _stop
1201  47.66093607  011.23833758 both 12 _stop(split)
1201  47.65534379  011.23086308 both 13 _stop
1201  47.65520606  011.23109587 both 14 _stop
1201  47.65528014  011.23096901 both 15 _stop(split)
1201  47.65530635  011.23122652 both 16 _stop
1201  47.65525987  011.23116502 both 17 _stop(split)
1201  47.66100971  011.23802536 both 18 04/22_stop
1201  47.65545142  011.23099895 both 19 04/22_start
1201  47.65560784  011.23119728 both 20 04/22_start(split)
1201  47.65826979  011.23456175 both 21 04/22_start(split)(split)
1201  47.65870913  011.23511698 both 22 04/22_start(split)(split)
1201  47.66086664  011.23784430 both 23 04/22_start(split)(split)
1202 0 4 twoway taxiway_E 
1202 1 0 twoway taxiway_E 
1202 2 3 twoway taxiway_E 
1202 3 4 twoway taxiway_E 
1202 4 6 twoway taxiway_E 
1202 5 2 twoway taxiway_E 
1202 21 7 twoway taxiway_E 
1204 departure 04,22
1204 arrival 04,22
1202 6 7 twoway taxiway_E 
1204 departure 04,22
1204 arrival 04,22
1202 7 22 twoway taxiway_E 
1204 departure 04,22
1204 arrival 04,22
1202 8 18 twoway taxiway_E 
1204 departure 04,22
1204 arrival 04,22
1202 9 10 twoway taxiway_E 
1204 departure 04,22
1204 arrival 04,22
1202 10 8 twoway taxiway_E 
1204 departure 04,22
1204 arrival 04,22
1202 11 12 twoway taxiway_E 
1204 departure 04,22
1204 arrival 04,22
1202 12 9 twoway taxiway_E 
1204 departure 04,22
1204 arrival 04,22
1202 23 11 twoway taxiway_E 
1204 departure 04,22
1204 arrival 04,22
1202 13 19 twoway taxiway_E 
1204 departure 04,22
1204 arrival 04,22
1202 14 15 twoway taxiway_E 
1204 departure 04,22
1204 arrival 04,22
1202 15 13 twoway taxiway_E 
1204 departure 04,22
1204 arrival 04,22
1202 16 17 twoway taxiway_E 
1204 departure 04,22
1204 arrival 04,22
1202 17 14 twoway taxiway_E 
1204 departure 04,22
1204 arrival 04,22
1202 20 16 twoway taxiway_E 
1204 departure 04,22
1204 arrival 04,22
1202 19 20 twoway runway 04/22
1204 departure 04,22
1204 arrival 04,22
1204 ils 04,22
1202 20 21 twoway runway 04/22
1204 departure 04,22
1204 arrival 04,22
1204 ils 04,22
1202 21 22 twoway runway 04/22
1204 departure 04,22
1204 arrival 04,22
1204 ils 04,22
1202 22 23 twoway runway 04/22
1204 departure 04,22
1204 arrival 04,22
1204 ils 04,22
1202 23 18 twoway runway 04/22
1204 departure 04,22
1204 arrival 04,22
1204 ils 04,22
99
