I
1130 Generated by WorldEditor 2.2.0r2

1    757 0 0 XEDAS Baumerlenbach
100 40.00 3 0 0.00 0 0 0 08  49.23057719  009.41748545    0    0 0 0 0 0 26  49.23140939  009.42482243    0    0 0 0 0 0
110 2 0.00 0.0000 New Taxiway 12
111  49.23135139  009.41766866
111  49.23132332  009.41767560
111  49.23131710  009.41761649
111  49.23116505  009.41765405
111  49.23121512  009.41812947
113  49.23139524  009.41808498
110 2 0.00 0.0000 New Taxiway 11
111  49.23093868  009.41732283
111  49.23087508  009.41730623
111  49.23086639  009.41738430
113  49.23092999  009.41740090
110 2 0.00 0.0000 New Taxiway 10
111  49.23110143  009.41707551
111  49.23090234  009.41701317
111  49.23087915  009.41718682
113  49.23107825  009.41724915
110 2 0.00 0.0000 New Taxiway 9
111  49.23132486  009.41646929
111  49.23129987  009.41646265
111  49.23128944  009.41655475
113  49.23131444  009.41656139
110 2 0.00 0.0000 New Taxiway 9
111  49.23133807  009.41656173
111  49.23129171  009.41654943
111  49.23126716  009.41676638
113  49.23131352  009.41677868
110 2 0.00 0.0000 New Taxiway 9
111  49.23130866  009.41640949
111  49.23113250  009.41636274
111  49.23108516  009.41678104
113  49.23126132  009.41682780
110 2 0.00 0.0000 New Taxiway 9
111  49.23110981  009.41613160
111  49.23101297  009.41609982
111  49.23097494  009.41637163
113  49.23107178  009.41640341
110 2 0.00 0.0000 New Taxiway 8
111  49.23132168  009.41612196
111  49.23133670  009.41599386
111  49.23112247  009.41593498
113  49.23110746  009.41606308
110 1 0.00 0.0000 New Taxiway 2
111  49.22992851  009.41544272
112  49.23008098  009.41551136  49.23012958  009.41553416
111  49.23014064  009.41564745
111  49.23065211  009.42013996
112  49.23119302  009.42489088  49.23122682  009.42523017
112  49.23137243  009.42689452  49.23139851  009.42719204
112  49.23151299  009.42849749  49.23152603  009.42865923
112  49.23165054  009.42973003  49.23166467  009.42982488
111  49.23174508  009.43049715
111  49.23178963  009.43051712
112  49.23176355  009.43044723  49.23175051  009.43039398
112  49.23155777  009.42871207  49.23152778  009.42845448
112  49.23142830  009.42714455  49.23140013  009.42687378
112  49.23121922  009.42488089  49.23118880  009.42456307
111  49.23089459  009.42201899
112  49.23031222  009.41689089  49.23030135  009.41680270
111  49.23036329  009.41683099
112  49.23053824  009.41687925  49.23063495  009.41690920
112  49.23075396  009.41692926  49.23077131  009.41693389
111  49.23076905  009.41695815
111  49.23075547  009.41716153
111  49.23086866  009.41717771
112  49.23086941  009.41727824  49.23086790  009.41730829
112  49.23085809  009.41739842  49.23085885  009.41741460
111  49.23088282  009.41743998
112  49.23105827  009.41759117  49.23108216  009.41760657
111  49.23108629  009.41761589
111  49.23109342  009.41765494
111  49.23104887  009.41766326
111  49.23110754  009.41822570
112  49.23136290  009.41817578  49.23139876  009.41816746
111  49.23139116  009.41813584
112  49.23133673  009.41760962  49.23132695  009.41753307
112  49.23135194  009.41738830  49.23136281  009.41732174
112  49.23137567  009.41717205  49.23137477  009.41712491
111  49.23139559  009.41713600
111  49.23148162  009.41714848
111  49.23148796  009.41711381
112  49.23138513  009.41709002  49.23133624  009.41707837
112  49.23118685  009.41700361  49.23113730  009.41697166
111  49.23113338  009.41689179
111  49.23126290  009.41610266
112  49.23102493  009.41602612  49.23098689  009.41600948
112  49.23086231  009.41590778  49.23082246  009.41586341
112  49.23080798  009.41578575  49.23080345  009.41574554
111  49.23081880  009.41569191
111  49.23075843  009.41568151
112  49.23070862  009.41570578  49.23067165  009.41571040
111  49.23063165  009.41569075
113  49.22992298  009.41539176
112  49.23052778  009.41569192  49.23060852  009.41572774
112  49.23071385  009.41576346  49.23074844  009.41577309
112  49.23081887  009.41591561  49.23087106  009.41597821
112  49.23093290  009.41605710  49.23094874  009.41609407
111  49.23092837  009.41619114
111  49.23099704  009.41620732
111  49.23098798  009.41637025
112  49.23106118  009.41639221  49.23108985  009.41639914
111  49.23109287  009.41645110
112  49.23105350  009.41691875  49.23104625  009.41697283
111  49.23099917  009.41695897
112  49.23067234  009.41686701  49.23056519  009.41683581
112  49.23036001  009.41677137  49.23029450  009.41675612
111  49.23028330  009.41667613
112  49.23017484  009.41572187  49.23015336  009.41551644
113  49.23028489  009.41558786
111  49.23100030  009.41613401
112  49.23097137  009.41610801  49.23095880  009.41608586
111  49.23095628  009.41604734
111  49.23104683  009.41607816
113  49.23104683  009.41612245
112  49.23132350  009.41738450  49.23131950  009.41741180
112  49.23129330  009.41747087  49.23127656  009.41750208
111  49.23121544  009.41751502
112  49.23112878  009.41752641  49.23110866  009.41752930
112  49.23108350  009.41756782  49.23107784  009.41757649
111  49.23106338  009.41757071
112  49.23089737  009.41741856  49.23087410  009.41739545
111  49.23087347  009.41737234
112  49.23090177  009.41700833  49.23090617  009.41697944
111  49.23092881  009.41697655
112  49.23111369  009.41702085  49.23118349  009.41704011
112  49.23130892  009.41711365  49.23134691  009.41713638
113  49.23134254  009.41718788
111  49.23116881  009.41763982
111  49.23116441  009.41756663
112  49.23123107  009.41755026  49.23126439  009.41753967
111  49.23129772  009.41751848
112  49.23128985  009.41756101  49.23128664  009.41758933
113  49.23128955  009.41760804
111  49.23119596  009.41630783
112  49.23116515  009.41634538  49.23113874  009.41633864
112  49.23114188  009.41625872  49.23114565  009.41622694
112  49.23118150  009.41620479  49.23120351  009.41621346
113  49.23120187  009.41624889
110 3 0.00 0.0000 New Taxiway 13
111  49.22993967  009.41542905
112  49.23008334  009.41685068  49.23010159  009.41703239
111  49.23066532  009.42219684
111  49.23085121  009.42217958
111  49.23085872  009.42219684
111  49.23116353  009.42484235
111  49.23121220  009.42499141
111  49.23150625  009.42827198
111  49.23162122  009.42939193
111  49.23175169  009.43047474
111  49.23177777  009.43050469
112  49.23199423  009.43052466  49.23209594  009.43052067
111  49.23215331  009.43052266
112  49.23217809  009.43048073  49.23217287  009.43043480
111  49.23161131  009.42476928
111  49.23135420  009.42210866
111  49.23140636  009.42210699
111  49.23115547  009.41977963
111  49.23134887  009.41972500
111  49.23123997  009.41843107
111  49.23118335  009.41819851
111  49.23111387  009.41760618
111  49.23105419  009.41758092
111  49.23087007  009.41740065
111  49.23089636  009.41695032
111  49.23094982  009.41695831
112  49.23096721  009.41646426  49.23097503  009.41638638
111  49.23099720  009.41636442
111  49.23118366  009.41639637
111  49.23121105  009.41632648
111  49.23122018  009.41611282
111  49.23093200  009.41600898
111  49.23082502  009.41588129
113  49.23073961  009.41574950
130 Airport Boundary
111  49.22991901  009.41538202
111  49.23065423  009.42222968
111  49.23084826  009.42221291
111  49.23160833  009.42971109
111  49.23173452  009.43051850
111  49.23194273  009.43056923
111  49.23219152  009.43054766
111  49.23136245  009.42212665
111  49.23141924  009.42213079
111  49.23116878  009.41979560
111  49.23136481  009.41974384
111  49.23125666  009.41842577
111  49.23162894  009.41838331
111  49.23151214  009.41709048
111  49.23139588  009.41703666
111  49.23134721  009.41595597
111  49.23100111  009.41583176
111  49.23084429  009.41568684
113  49.23069828  009.41567442
14  49.23079466  009.41722535   6.56 0 Tower Viewpoint
1300  49.23107900  009.41777520 -145.12 misc props|helos Asphalt Apron 1
1301 A none 
1300  49.23110254  009.41799985 -145.12 misc props|helos Asphalt Apron 2
1301 A none 
1300  49.23083775  009.41656418 191.78 misc props|helos Grass Apron 1
1301 A none 
1300  49.23083021  009.41677796 191.78 misc props|helos Grass Apron 2
1301 A none 
19  49.23116100  009.41829699 0 Windsock
99
