I
1130 Generated by WorldEditor 2.0.0r4

1   1722 0 0 XEDB1 Friesener Warte
100 30.00 3 0 0.00 0 0 0 01  49.83374212  011.04541190    0    0 0 0 0 0 19  49.83892697  011.04710215    0    0 0 0 0 0
110 2 0.00 0.0000 New Taxiway 14
111  49.83897362  011.04908089
112  49.83889882  011.04908045  49.83889882  011.04908182
111  49.83889831  011.04928529
113  49.83897311  011.04928574
110 2 0.00 0.0000 New Taxiway 14
111  49.83831901  011.04914517
112  49.83807307  011.04914370  49.83807307  011.04914507
111  49.83807239  011.04941690
113  49.83831833  011.04941838
110 2 0.00 0.0000 New Taxiway 14
111  49.83882582  011.04920802
112  49.83863642  011.04920941  49.83863642  011.04921078
111  49.83863698  011.04939394
113  49.83882638  011.04939256
110 1 0.00 0.0000 New Taxiway 13
111  49.83863858  011.04925307
111  49.83854228  011.04925466
112  49.83848594  011.04911727  49.83849107  011.04898783
111  49.83850182  011.04879326
111  49.83848389  011.04879087
111  49.83845880  011.04911727
112  49.83843575  011.04921575  49.83841833  011.04923004
112  49.83837787  011.04925307  49.83834970  011.04925307
111  49.83831231  011.04924990
111  49.83830207  011.04936505
112  49.83847672  011.04937299  49.83854177  011.04937061
113  49.83863858  011.04936346
110 1 0.00 0.0000 New Taxiway 12
111  49.83729116  011.04795517 24
111  49.83720893  011.04791781 24
111  49.83718478  011.04804559 24
113  49.83726702  011.04808295 24
110 3 0.00 0.0000 New Taxiway 15
111  49.83891173  011.04913408
112  49.83873921  011.04914831  49.83871535  011.04914831
112  49.83865295  011.04903449  49.83865295  011.04896050
112  49.83865295  011.04886944  49.83866397  011.04883530
112  49.83871535  011.04873001  49.83873004  011.04871863
112  49.83877592  011.04865887  49.83879244  011.04867310
112  49.83879427  011.04873286  49.83879060  011.04878408
112  49.83877592  011.04883814  49.83877592  011.04889790
112  49.83877959  011.04892351  49.83878326  011.04892636
112  49.83882914  011.04891497  49.83884382  011.04889221
112  49.83889705  011.04885237  49.83889705  011.04883814
112  49.83886952  011.04874139  49.83886585  011.04868448
112  49.83894109  011.04852513  49.83895945  011.04849952
112  49.83919513  011.04843025  49.83927160  011.04843262
112  49.83954879  011.04847125  49.83960752  011.04847125
112  49.83969195  011.04840296  49.83970479  011.04832328
112  49.83986813  011.04724194  49.83986813  011.04722771
112  49.83983326  011.04703705  49.83979289  011.04697160
112  49.83962404  011.04691185  49.83959284  011.04690331
112  49.83931755  011.04688339  49.83927717  011.04687485
112  49.83855900  011.04660422  49.83819929  011.04643633
112  49.83766155  011.04632808  49.83743426  011.04627071
112  49.83670887  011.04605696  49.83660610  011.04601712
112  49.83634549  011.04584070  49.83623354  011.04580940
112  49.83546521  011.04560729  49.83533124  011.04555039
112  49.83460418  011.04523296  49.83440156  011.04512029
112  49.83418573  011.04500078  49.83408443  011.04494615
112  49.83387741  011.04486079  49.83381134  011.04484372
112  49.83368801  011.04479592  49.83359991  011.04482324
112  49.83351843  011.04502127  49.83348759  011.04511346
112  49.83347658  011.04536613  49.83348099  011.04547880
112  49.83352944  011.04576561  49.83353164  011.04584756
112  49.83376095  011.04608806  49.83382174  011.04617410
112  49.83398295  011.04622737  49.83409394  011.04621917
112  49.83435294  011.04620688  49.83445336  011.04621917
112  49.83471764  011.04624785  49.83483393  011.04626424
112  49.83585658  011.04679403  49.83604838  011.04689315
112  49.83629498  011.04710556  49.83637719  011.04719052
112  49.83650506  011.04736752  49.83656899  011.04745248
112  49.83685213  011.04768613  49.83691606  011.04774277
112  49.83713203  011.04786369  49.83720956  011.04789169
112  49.83735176  011.04805228  49.83735600  011.04813296
112  49.83733689  011.04823835  49.83732733  011.04828446
112  49.83734538  011.04832398  49.83736556  011.04832563
112  49.83739211  011.04827129  49.83740805  011.04823341
112  49.83747496  011.04814449  49.83753125  011.04813955
112  49.83784787  011.04817653  49.83800234  011.04819550
112  49.83831281  011.04829984  49.83837092  011.04837809
112  49.83843975  011.04879544  49.83844128  011.04889741
112  49.83839621  011.04912719  49.83835186  011.04914379
111  49.83829069  011.04918410
111  49.83827386  011.04933349
111  49.83882090  011.04933168
114  49.83889610  011.04932971  49.83892414  011.04929611
130 Airport Boundary 1
111  49.84058889  011.04695031
111  49.84050814  011.04690763
111  49.84033012  011.04689056
111  49.84014109  011.04686494
111  49.84000711  011.04684502
111  49.83982909  011.04680803
111  49.83968410  011.04679949
111  49.83952994  011.04681941
111  49.83941799  011.04681941
111  49.83929135  011.04679949
111  49.83904910  011.04671982
111  49.83879766  011.04658892
111  49.83851503  011.04642956
111  49.83834068  011.04635558
111  49.83818468  011.04632143
111  49.83766346  011.04623607
111  49.83707617  011.04610802
111  49.83664672  011.04595721
111  49.83648338  011.04581778
111  49.83639529  011.04570681
111  49.83631270  011.04564990
111  49.83623929  011.04566697
111  49.83614385  011.04576656
111  49.83608879  011.04576656
111  49.83587774  011.04570112
111  49.83561075  011.04562434
111  49.83515407  011.04544144
111  49.83471642  011.04521724
111  49.83443861  011.04506974
111  49.83424833  011.04491044
111  49.83407708  011.04481604
111  49.83404249  011.04477559
111  49.83400946  011.04471300
111  49.83396908  011.04472722
111  49.83391402  011.04477275
111  49.83386263  011.04477275
111  49.83373233  011.04473007
111  49.83361671  011.04469592
111  49.83350842  011.04473291
111  49.83345630  011.04482056
111  49.83340124  011.04492299
111  49.83336601  011.04515175
111  49.83336160  011.04538051
111  49.83337482  011.04570146
111  49.83338010  011.04576033
111  49.83344175  011.04587025
111  49.83354641  011.04611608
111  49.83382231  011.04654874
111  49.83406334  011.04680440
111  49.83425362  011.04688307
111  49.83465004  011.04693223
111  49.83496717  011.04702073
111  49.83577270  011.04723214
111  49.83643868  011.04752223
111  49.83686999  011.04782216
111  49.83688320  011.04791148
111  49.83686206  011.04800573
111  49.83687263  011.04805080
111  49.83690699  011.04819011
111  49.83706027  011.04838679
111  49.83720827  011.04844006
111  49.83728755  011.04847284
111  49.83740119  011.04832943
111  49.83745669  011.04820240
111  49.83771568  011.04818601
111  49.83781347  011.04822699
111  49.83797468  011.04822699
111  49.83822046  011.04828846
111  49.83824160  011.04840319
111  49.83823632  011.04848924
111  49.83820989  011.04865724
111  49.83815175  011.04876378
111  49.83808303  011.04882115
111  49.83805661  011.04894407
111  49.83805132  011.04905061
111  49.83800903  011.04918993
111  49.83799846  011.04930056
111  49.83801168  011.04936612
111  49.83819667  011.04942349
111  49.83853495  011.04945627
111  49.83881773  011.04943169
111  49.83898158  011.04941530
111  49.83901066  011.04930876
111  49.83899744  011.04915305
111  49.83898158  011.04906700
111  49.83894987  011.04900554
111  49.83891551  011.04887032
111  49.83889173  011.04866953
111  49.83895780  011.04853022
111  49.83915072  011.04845646
111  49.83942557  011.04848515
111  49.83964493  011.04849744
111  49.83970043  011.04842778
111  49.83974007  011.04813684
111  49.83992506  011.04816962
111  49.84016027  011.04824338
111  49.84035055  011.04824748
111  49.84039020  011.04824338
111  49.84045627  011.04776805
113  49.84052762  011.04733369
120 Linear Feature 10
111  49.83847342  011.04717409 24
115  49.83845987  011.04716877
120 Linear Feature 10
111  49.83853237  011.04674721 24
115  49.83851882  011.04674189
120 Linear Feature 10
111  49.83804065  011.04703302 24
115  49.83802710  011.04702770
120 Linear Feature 10
111  49.83810053  011.04660401 24
115  49.83808698  011.04659869
120 Linear Feature 10
111  49.83766355  011.04647194 24
115  49.83764999  011.04646662
120 Linear Feature 10
111  49.83760717  011.04690058 24
115  49.83759362  011.04689526
120 Linear Feature 10
111  49.83717406  011.04675636 24
115  49.83716051  011.04675104
120 Linear Feature 10
111  49.83723143  011.04632881 24
115  49.83721788  011.04632349
120 Linear Feature 10
111  49.83679990  011.04618802 24
115  49.83678635  011.04618270
120 Linear Feature 10
111  49.83674301  011.04661131 24
115  49.83672946  011.04660599
120 Linear Feature 10
111  49.83631147  011.04647883 24
115  49.83629792  011.04647351
120 Linear Feature 10
111  49.83637017  011.04604955 24
115  49.83635662  011.04604423
120 Linear Feature 10
111  49.83593595  011.04591028 24
115  49.83592240  011.04590497
120 Linear Feature 10
111  49.83587907  011.04633382 24
115  49.83586552  011.04632850
120 Linear Feature 10
111  49.83550647  011.04576978 24
115  49.83549291  011.04576446
120 Linear Feature 10
111  49.83544951  011.04619048 24
115  49.83543596  011.04618516
120 Linear Feature 10
111  49.83501684  011.04604850 24
115  49.83500328  011.04604318
120 Linear Feature 10
111  49.83507236  011.04562822 24
115  49.83505881  011.04562290
120 Linear Feature 10
111  49.83463960  011.04548692 24
115  49.83462605  011.04548161
120 Linear Feature 10
111  49.83458298  011.04591030 24
115  49.83456943  011.04590498
120 Linear Feature 10
111  49.83415237  011.04576803 24
115  49.83413882  011.04576271
120 Linear Feature 10
111  49.83420848  011.04534466 24
115  49.83419493  011.04533934
120 Linear Feature 9
111  49.83890401  011.04729278 24
111  49.83890112  011.04731161 24
115  49.83888991  011.04730749
120 Linear Feature 8
111  49.83892088  011.04716225 24
115  49.83891800  011.04718076
120 Linear Feature 7
111  49.83893941  011.04702597 24
115  49.83893694  011.04704320
120 Linear Feature 6
111  49.83894322  011.04688976 24
111  49.83895695  011.04689552 24
115  49.83895343  011.04691566
120 Linear Feature 5
111  49.83371324  011.04559830 24
111  49.83371053  011.04562179 24
115  49.83372390  011.04562551
120 Linear Feature 4
111  49.83373139  011.04547351 24
115  49.83372868  011.04549323
120 Linear Feature 3
111  49.83375155  011.04532915 24
115  49.83374912  011.04534533
120 Linear Feature 2
111  49.83378145  011.04520474 24
111  49.83376805  011.04519889 24
115  49.83376443  011.04521884
20  49.83637487  011.04591265 11.6900 0 3 {@Y}1/2{@@}1/2
20  49.83627178  011.04665591 191.6887 0 3 {@Y}1/2{@@}1/2
14  49.83896450  011.04847931   6.56 0 Viewpoint
1300  49.83857743  011.04895166 229.40 misc props Grass Apron
1301 E none 
1300  49.83833885  011.04930499   0.00 misc props Hangar 1
1301 E none 
1300  49.83860343  011.04930262 181.26 misc props Hangar 2
1301 E none 
19  49.83722332  011.04807816 0 Windsock
99
