I
1130 Generated by WorldEditor 2.0.0r4

1    357 0 0 XEDCN Haßloch
1302 flatten 1
100 35.00 3 0 0.00 0 0 0 07  49.35429233  008.28352910   45    0 1 0 0 0 25  49.35642586  008.29666663   65    0 1 0 0 0
110 3 0.00 76.0000 New Taxiway
111  49.35463344  008.28271377
111  49.35455978  008.28276601
111  49.35386755  008.28349122
112  49.35384608  008.28357226  49.35384071  008.28362995
111  49.35385860  008.28373571
111  49.35637403  008.29727774
111  49.35666750  008.29697828
111  49.35586107  008.29192977
111  49.35589224  008.29138973
111  49.35586553  008.29095564
111  49.35592564  008.29053523
111  49.35595903  008.28916803
111  49.35592142  008.28746277
111  49.35496384  008.28352154
111  49.35492613  008.28329923
113  49.35475467  008.28268516
130 Airport Boundary
111  49.35378867  008.28355166
111  49.35636236  008.29731534
111  49.35669277  008.29696187
111  49.35592027  008.29221044
111  49.35598254  008.28754572
113  49.35475635  008.28251500
14  49.35468883  008.28321095  16.40 0 New Tower Viewpoint 1
1300  49.35467542  008.28357192 160.55 tie_down props Grass 1
1301 A general_aviation 
1300  49.35402609  008.28376712   5.97 tie_down props Grass 2
1301 A general_aviation 
19  49.35635574  008.29483186 0 New Windsock 39
19  49.35476821  008.28331959 0 New Windsock 24
1051 123350 Haßloch Segelflug
1200 
1201  49.35402716  008.28376195 both 0 _start
1201  49.35467641  008.28357562 both 1 _stop
1201  49.35407276  008.28376934 both 2 _stop
1201  49.35457110  008.28363724 both 3 _stop
1201  49.35636118  008.29690865 both 4 _stop
1201  49.35639574  008.29702847 both 5 _stop
1201  49.35649385  008.29701135 both 6 _stop
1201  49.35655852  008.29690352 both 7 _stop
1201  49.35652173  008.29674604 both 8 _stop
1201  49.35642586  008.29666663 both 9 _stop
1201  49.35429233  008.28352910 both 10 _start
1201  49.35433734  008.28382406 both 11 unnamed entity(split)
1201  49.35438936  008.28412869 both 12 unnamed entity(split)
1202 0 2 twoway taxiway_A 
1202 3 1 twoway taxiway_A 
1202 11 2 twoway taxiway_A 
1204 departure 07,25
1204 arrival 07,25
1202 12 3 twoway taxiway_A 
1204 departure 07,25
1204 arrival 07,25
1202 4 9 twoway taxiway_A 
1204 departure 07,25
1204 arrival 07,25
1202 5 4 twoway taxiway_A 
1204 departure 07,25
1204 arrival 07,25
1202 6 5 twoway taxiway_A 
1204 departure 07,25
1204 arrival 07,25
1202 7 6 twoway taxiway_A 
1204 departure 07,25
1204 arrival 07,25
1202 8 7 twoway taxiway_A 
1204 departure 07,25
1204 arrival 07,25
1202 9 8 twoway taxiway_A 
1204 departure 07,25
1204 arrival 07,25
1202 10 11 twoway runway 07/25
1204 departure 07,25
1204 arrival 07,25
1204 ils 07,25
1202 11 12 twoway runway 07/25
1204 departure 07,25
1204 arrival 07,25
1204 ils 07,25
1202 12 9 twoway runway 07/25
1204 departure 07,25
1204 arrival 07,25
1204 ils 07,25
99
