I
1130 Generated by WorldEditor 2.0.0r4

1    531 0 0 XEDDR Landau-Ebenberg
100 28.00 3 0 0.00 0 0 0 10L  49.17722525  008.13199786    0    0 0 0 0 0 28R  49.17623245  008.14007832    0    0 0 0 0 0
100 29.50 3 0 0.00 0 0 0 10C  49.17696401  008.13192380    0    0 0 0 0 0 28C  49.17597088  008.14000417    0    0 0 0 0 0
100 33.00 3 0 0.00 0 0 0 10S  49.17668274  008.13183774    0    0 0 0 0 0 28S  49.17568394  008.13992275    0    0 0 0 0 0
110 2 0.00 0.0000 Apron
111  49.17529589  008.13987101
111  49.17547188  008.13880968
111  49.17531082  008.13874719
111  49.17517199  008.13958443
111  49.17526704  008.13962131
113  49.17522988  008.13984540
110 2 0.00 0.0000 New Taxiway 45
111  49.17473214  008.13973309
112  49.17515900  008.14014243  49.17527779  008.14024226
112  49.17603228  008.14085883  49.17609121  008.14091014
112  49.17633278  008.14107224  49.17637847  008.14108555
111  49.17656775  008.14106225
111  49.17655470  008.14098904
112  49.17639523  008.14100335  49.17630167  008.14101134
112  49.17607678  008.14083608  49.17594624  008.14073524
112  49.17541076  008.14028347  49.17536247  008.14024553
112  49.17505439  008.13998995  49.17499173  008.13993803
113  49.17474893  008.13967925
110 3 0.00 0.0000 New Taxiway 32
111  49.17824692  008.12394665
112  49.17838756  008.12271803  49.17837506  008.12248856
112  49.17832193  008.12220172  49.17829068  008.12212523
112  49.17822505  008.12185751  49.17819692  008.12173800
112  49.17810629  008.12158024  49.17805003  008.12155155
112  49.17792815  008.12158502  49.17786877  008.12163760
112  49.17780627  008.12178102  49.17775626  008.12189576
112  49.17768751  008.12200093  49.17765000  008.12204396
112  49.17759063  008.12224952  49.17756875  008.12233558
112  49.17749374  008.12287579  49.17749374  008.12300964
112  49.17735571  008.12377908  49.17735571  008.12391676
112  49.17735571  008.12415081  49.17739171  008.12427472
112  49.17742771  008.12437110  49.17744121  008.12452943
112  49.17744571  008.12467399  49.17744571  008.12475660
112  49.17731660  008.12567622  49.17731660  008.12581963
112  49.17714159  008.12691438  49.17715409  008.12710561
112  49.17712283  008.12745937  49.17711658  008.12748805
112  49.17708533  008.12765059  49.17707908  008.12771752
112  49.17706033  008.12787050  49.17705408  008.12790874
112  49.17704158  008.12800435  49.17704158  008.12803303
112  49.17679323  008.13022426  49.17677760  008.13037565
111  49.17665271  008.13137913
112  49.17656676  008.13139905  49.17649905  008.13138311
112  49.17620997  008.13121579  49.17611361  008.13117197
111  49.17591047  008.13110425
112  49.17562357  008.13300736  49.17566107  008.13316034
112  49.17569857  008.13365273  49.17569857  008.13382483
111  49.17569232  008.13394912
111  49.17594547  008.13394912
111  49.17582335  008.13624607
111  49.17555522  008.13796248
112  49.17542084  008.13790512  49.17540834  008.13790034
112  49.17536146  008.13796726  49.17533646  008.13799117
112  49.17530208  008.13811546  49.17529583  008.13813458
112  49.17528958  008.13823019  49.17528958  008.13833057
112  49.17528333  008.13845008  49.17528333  008.13852657
111  49.17523957  008.13893769
111  49.17526275  008.13983253
112  49.17534525  008.14012508  49.17539026  008.14019392
112  49.17541651  008.14027997  49.17541651  008.14029144
112  49.17564527  008.14044632  49.17565653  008.14046353
112  49.17578779  008.14052090  49.17581779  008.14053237
112  49.17594155  008.14069873  49.17597530  008.14075036
112  49.17611781  008.14081919  49.17614781  008.14084214
112  49.17623032  008.14086508  49.17625657  008.14088229
112  49.17632783  008.14094539  49.17634283  008.14094539
112  49.17639908  008.14091098  49.17639908  008.14090524
112  49.17650784  008.14055532  49.17656034  008.14051516
112  49.17705950  008.14031026  49.17709388  008.14029114
112  49.17718139  008.14012382  49.17720952  008.13996606
112  49.17721577  008.13965055  49.17721264  008.13961230
112  49.17719389  008.13936372  49.17718764  008.13925854
112  49.17723764  008.13901474  49.17727827  008.13893347
112  49.17748766  008.13847454  49.17750641  008.13843629
112  49.17759704  008.13825463  49.17760955  008.13821161
111  49.17762205  008.13812556
112  49.17755954  008.13816858  49.17754704  008.13819249
112  49.17751579  008.13835980  49.17747829  008.13846976
112  49.17729702  008.13876137  49.17727515  008.13879961
112  49.17719702  008.13888566  49.17716576  008.13891435
112  49.17707826  008.13896215  49.17701575  008.13897171
112  49.17694700  008.13896215  49.17690012  008.13891913
112  49.17686574  008.13873269  49.17684074  008.13854146
112  49.17681574  008.13832634  49.17681574  008.13813034
112  49.17682824  008.13778136  49.17683761  008.13769053
112  49.17702843  008.13545472  49.17707010  008.13515594
111  49.17735563  008.13212546
112  49.17727099  008.13181007  49.17713209  008.13172043
111  49.17686731  008.13156772
112  49.17679135  008.13131873  49.17680871  008.13110626
112  49.17702683  008.12909125  49.17707371  008.12878051
112  49.17714663  008.12794391  49.17717268  008.12777260
112  49.17721955  008.12729853  49.17722476  008.12715113
112  49.17751745  008.12516797  49.17754558  008.12498631
112  49.17763934  008.12442697  49.17767997  008.12434092
112  49.17779872  008.12434092  49.17784873  008.12437439
112  49.17792998  008.12442219  49.17799561  008.12447478
112  49.17801437  008.12451303  49.17804249  008.12456083
112  49.17808000  008.12457517  49.17811750  008.12457517
112  49.17814250  008.12451781  49.17815188  008.12449868
114  49.17817063  008.12442697  49.17817375  008.12441263
130 Airport Boundary
111  49.17844380  008.12247541
111  49.17831254  008.12182525
111  49.17825316  008.12156232
111  49.17785313  008.12085480
111  49.17765624  008.12115598
111  49.17734372  008.12122290
111  49.17713745  008.12128027
111  49.17664558  008.12532016
111  49.17644307  008.12745989
111  49.17559796  008.13294680
111  49.17565196  008.13319461
111  49.17566277  008.13360763
111  49.17563036  008.13460713
111  49.17552776  008.13489624
111  49.17548995  008.13507797
111  49.17547915  008.13528448
111  49.17546835  008.13540839
111  49.17542515  008.13560663
111  49.17536389  008.13597498
111  49.17544828  008.13616619
111  49.17549515  008.13646736
111  49.17541077  008.13676374
111  49.17537952  008.13688803
111  49.17524201  008.13698841
111  49.17497796  008.13782684
111  49.17489545  008.13811939
111  49.17490670  008.13845210
111  49.17494421  008.13875613
111  49.17482045  008.13942728
111  49.17474169  008.13978294
111  49.17522818  008.14025028
111  49.17496579  008.14166733
111  49.17488141  008.14156694
111  49.17477968  008.14234554
111  49.17603977  008.14295129
111  49.17633953  008.14131269
111  49.17658642  008.14127922
111  49.17649891  008.14061475
111  49.17761952  008.14011003
111  49.17788954  008.13927021
111  49.17771853  008.13839598
111  49.17760885  008.13788140
111  49.17707961  008.13822008
111  49.17699861  008.13675798
111  49.17727403  008.13322252
111  49.17740593  008.13197454
111  49.17816433  008.12467249
113  49.17845673  008.12466579
120 Linear Feature 44
111  49.17600149  008.13861189 24
115  49.17599894  008.13863180
120 Linear Feature 44
111  49.17626975  008.13869497 24
115  49.17626721  008.13871488
120 Linear Feature 44
111  49.17693237  008.13330755 24
115  49.17692983  008.13332746
120 Linear Feature 44
111  49.17676643  008.13465714 24
115  49.17676389  008.13467705
120 Linear Feature 44
111  49.17684912  008.13398600 24
115  49.17684658  008.13400590
120 Linear Feature 44
111  49.17618777  008.13936795 24
115  49.17618522  008.13938786
120 Linear Feature 44
111  49.17591461  008.13931655 24
115  49.17591207  008.13933645
120 Linear Feature 44
111  49.17608478  008.13793709 24
115  49.17608224  008.13795700
120 Linear Feature 44
111  49.17635414  008.13801545 24
115  49.17635160  008.13803535
120 Linear Feature 44
111  49.17643647  008.13734121 24
115  49.17643393  008.13736112
120 Linear Feature 44
111  49.17616739  008.13726906 24
115  49.17616485  008.13728897
120 Linear Feature 44
111  49.17660289  008.13598633 24
115  49.17660035  008.13600624
120 Linear Feature 44
111  49.17668507  008.13532039 24
115  49.17668253  008.13534030
120 Linear Feature 44
111  49.17644914  008.13245570 24
115  49.17644660  008.13247560
120 Linear Feature 44
111  49.17636574  008.13313104 24
115  49.17636320  008.13315095
120 Linear Feature 44
111  49.17628144  008.13381166 24
115  49.17627890  008.13383157
120 Linear Feature 44
111  49.17619757  008.13448786 24
115  49.17619503  008.13450776
120 Linear Feature 44
111  49.17611518  008.13515365 24
115  49.17611264  008.13517356
120 Linear Feature 44
111  49.17603153  008.13582861 24
115  49.17602899  008.13584851
120 Linear Feature 44
111  49.17594714  008.13650785 24
115  49.17594460  008.13652776
120 Linear Feature 44
111  49.17586321  008.13718547 24
115  49.17586067  008.13720538
120 Linear Feature 44
111  49.17578036  008.13785531 24
115  49.17577782  008.13787522
120 Linear Feature 44
111  49.17573791  008.13820097 24
115  49.17573537  008.13822087
120 Linear Feature 44
111  49.17569583  008.13854107 24
115  49.17569329  008.13856097
120 Linear Feature 44
111  49.17565541  008.13886233 24
115  49.17565287  008.13888223
120 Linear Feature 44
111  49.17561346  008.13920220 24
115  49.17561092  008.13922210
120 Linear Feature 44
111  49.17557169  008.13953932 24
115  49.17556915  008.13955923
120 Linear Feature 44
111  49.17677331  008.13676032 24
115  49.17677077  008.13678023
120 Linear Feature 44
111  49.17685918  008.13606136 24
115  49.17685664  008.13608127
120 Linear Feature 44
111  49.17694256  008.13538324 24
115  49.17694002  008.13540315
120 Linear Feature 44
111  49.17711083  008.13401422 24
115  49.17710828  008.13403413
120 Linear Feature 44
111  49.17726623  008.13275169 24
115  49.17726369  008.13277160
120 Linear Feature 43
111  49.17734599  008.13202546 24
111  49.17735514  008.13202807 24
115  49.17735331  008.13204356
120 Linear Feature 42
111  49.17711446  008.13195679 24
111  49.17709982  008.13195228 24
115  49.17709637  008.13197778
120 Linear Feature 41
111  49.17683272  008.13187328 24
115  49.17682955  008.13189819
120 Linear Feature 40
111  49.17684704  008.13187797 24
115  49.17681906  008.13186908
120 Linear Feature 39
111  49.17655280  008.13179065 24
111  49.17653259  008.13178438 24
115  49.17652893  008.13181238
120 Linear Feature 38
111  49.17581744  008.13997040 24
115  49.17584672  008.13997849
120 Linear Feature 37
111  49.17583563  008.13995298 24
115  49.17583269  008.13997476
120 Linear Feature 36
111  49.17610562  008.14003503 24
111  49.17610367  008.14004967 24
115  49.17611299  008.14005257
120 Linear Feature 35
111  49.17636231  008.14010187 24
111  49.17635987  008.14012072 24
115  49.17634791  008.14011736
120 Linear Feature 34
111  49.17553100  008.13986845 24
111  49.17552851  008.13989018 24
115  49.17554095  008.13989351
14  49.17543966  008.13883048   6.56 0 Viewpoint
1300  49.17549738  008.13816181  77.91 misc props Hangar 1
1301 E none 
1300  49.17540026  008.13829599  97.04 misc props Hangar 2
1301 E none 
1300  49.17558769  008.14000119 280.78 misc props Winch Launch 28
1301 B none 
1300  49.17778171  008.12248674 100.52 misc props Winch Launch 10
1301 B none 
19  49.17707493  008.13940387 0 Windsock
99
