I
1130 Generated by WorldEditor 2.0.0r4

1   1341 0 0 XEDDH Kirchzarten
100 10.00 3 0 0.00 0 0 0 18C  47.95606922  007.95575845    0    0 0 0 0 0 36C  47.94551991  007.95571009    0    0 0 0 0 0
100 30.00 3 0 0.00 0 0 0 18L  47.95547556  007.95645890    0    0 0 0 0 0 36R  47.95321253  007.95646303    0    0 0 0 0 0
100 30.00 3 0 0.00 0 0 0 18R  47.94968130  007.95515211    0    0 0 0 0 0 36L  47.94743553  007.95506661    0    0 0 0 0 0
110 4 0.00 0.0000 New Taxiway 10
111  47.94920672  007.95473627
112  47.94925663  007.95487161  47.94927293  007.95491419
111  47.94931876  007.95494004
111  47.94966608  007.95522593
111  47.95005385  007.95561113
111  47.95007626  007.95559897
111  47.94974354  007.95526431
112  47.94929499  007.95487477  47.94926552  007.95483429
113  47.94922780  007.95471900
110 1 0.00 0.0000 asphalt_way_1
111  47.95320113  007.95792504
112  47.95248256  007.95820577  47.95237663  007.95825595
111  47.95218924  007.95834570
112  47.95204070  007.95835964  47.95196771  007.95833050
112  47.95190744  007.95829248  47.95187774  007.95826840
111  47.95185906  007.95823418
111  47.95179795  007.95819743
112  47.95186670  007.95831529  47.95189301  007.95834063
112  47.95186670  007.95838119  47.95185227  007.95839766
112  47.95180135  007.95836725  47.95176570  007.95831909
112  47.95158881  007.95800398  47.95153748  007.95790179
112  47.95145070  007.95779777  47.95142870  007.95776857
112  47.95142503  007.95774303  47.95143970  007.95772660
112  47.95148614  007.95770470  47.95150203  007.95770470
112  47.95153259  007.95773208  47.95153870  007.95775033
111  47.95153992  007.95777222
111  47.95159981  007.95770835
112  47.95155703  007.95769375  47.95155703  007.95768828
112  47.95157170  007.95764631  47.95158637  007.95762623
111  47.95168781  007.95751127
111  47.95171470  007.95754046
111  47.95174823  007.95750648
111  47.95181138  007.95734984
111  47.95185110  007.95748367
112  47.95187555  007.95749279  47.95187758  007.95746998
112  47.95186536  007.95743500  47.95186027  007.95742131
112  47.95183786  007.95732399  47.95183990  007.95730270
111  47.95187045  007.95724339
111  47.95186332  007.95720841
112  47.95182768  007.95721754  47.95182360  007.95722362
112  47.95179610  007.95729205  47.95178693  007.95731334
112  47.95175536  007.95737417  47.95174517  007.95738938
112  47.95172277  007.95743044  47.95171564  007.95744108
112  47.95168915  007.95746542  47.95167897  007.95747454
112  47.95163110  007.95752625  47.95162702  007.95753233
112  47.95149487  007.95763894  47.95142343  007.95766111
112  47.95126678  007.95764666  47.95117918  007.95761320
112  47.95112826  007.95757214  47.95111094  007.95754325
112  47.95109159  007.95746569  47.95109159  007.95741855
111  47.95111400  007.95735924
111  47.95108955  007.95733339
111  47.95106205  007.95742767
112  47.95108140  007.95756302  47.95111298  007.95761928
111  47.95116289  007.95766643
112  47.95114455  007.95768619  47.95113437  007.95769836
112  47.95114455  007.95774854  47.95115066  007.95774550
112  47.95122705  007.95771813  47.95128613  007.95772421
112  47.95140428  007.95781241  47.95145724  007.95785956
112  47.95158660  007.95807398  47.95162428  007.95815914
111  47.95177814  007.95839992
112  47.95201159  007.95847291  47.95217537  007.95840722
112  47.95260026  007.95820470  47.95268093  007.95817003
113  47.95321840  007.95796070
111  47.95201931  007.95841034
112  47.95196343  007.95842618  47.95195565  007.95842618
112  47.95192595  007.95840506  47.95192170  007.95838605
112  47.95193585  007.95835754  47.95194575  007.95833959
114  47.95200375  007.95838500  47.95202922  007.95839450
110 2 0.00 0.0000 concrete_way_2
111  47.95619436  007.95487313
112  47.95621134  007.95507591  47.95621897  007.95517604
112  47.95625648  007.95561999  47.95626463  007.95572645
112  47.95629824  007.95585268  47.95629824  007.95593633
112  47.95625763  007.95707849  47.95625084  007.95724071
112  47.95596850  007.95750124  47.95585483  007.95754139
112  47.95552882  007.95748810  47.95531981  007.95744613
112  47.95508667  007.95722584  47.95496020  007.95711305
112  47.95472926  007.95722346  47.95456426  007.95731836
112  47.95397774  007.95763564  47.95384760  007.95770851
112  47.95358777  007.95779267  47.95352482  007.95780746
112  47.95341165  007.95783597  47.95337841  007.95785076
111  47.95320082  007.95792553
111  47.95321732  007.95796161
112  47.95328769  007.95793719  47.95333946  007.95791818
111  47.95334710  007.95799296
111  47.95336238  007.95808420
111  47.95339293  007.95807406
112  47.95339367  007.95797886  47.95339579  007.95791866
112  47.95345662  007.95787642  47.95350047  007.95784474
112  47.95380433  007.95776032  47.95403314  007.95767710
112  47.95475103  007.95724656  47.95489886  007.95716101
112  47.95508932  007.95727575  47.95519729  007.95736091
112  47.95551859  007.95754795  47.95568750  007.95758470
112  47.95603929  007.95752704  47.95621957  007.95746925
111  47.95628054  007.95708950
112  47.95632575  007.95580579  47.95632575  007.95573228
112  47.95628586  007.95565243  47.95626973  007.95561188
112  47.95625431  007.95528889  47.95623946  007.95515370
113  47.95622107  007.95488226
110 2 0.00 0.0000 concrete_way_1
111  47.94477512  007.95608200
112  47.94502975  007.95586131  47.94505239  007.95584230
112  47.94523020  007.95571441  47.94526416  007.95569013
112  47.94543674  007.95560354  47.94547918  007.95558981
112  47.94560692  007.95556781  47.94560947  007.95556654
111  47.94562305  007.95555767
112  47.94560098  007.95553486  47.94559334  007.95553993
112  47.94550761  007.95555007  47.94549743  007.95555007
112  47.94534974  007.95560709  47.94526231  007.95564764
112  47.94491238  007.95592707  47.94477190  007.95604747
113  47.94476559  007.95605192
110 3 0.00 0.0000 low_cut_grass
111  47.94481769  007.95603926
111  47.94493176  007.95639811
112  47.94503362  007.95642700  47.94509982  007.95639811
112  47.94555668  007.95622452  47.94566912  007.95618620
111  47.94626719  007.95604928
112  47.94627819  007.95600731  47.94627819  007.95596900
111  47.94626963  007.95583944
112  47.94633564  007.95580295  47.94638330  007.95579930
111  47.95139264  007.95587505
112  47.95143855  007.95600570  47.95139161  007.95613271
111  47.95102896  007.95739423
112  47.95097088  007.95744153  47.95093040  007.95745204
111  47.95079136  007.95747832
112  47.95073373  007.95758331  47.95075309  007.95766695
111  47.95078364  007.95776580
111  47.95083762  007.95779774
111  47.95101892  007.95777645
112  47.95127865  007.95780841  47.95133161  007.95782666
111  47.95143652  007.95792855
111  47.95170341  007.95755300
111  47.95199910  007.95799973
111  47.95185478  007.95822572
112  47.95195334  007.95825726  47.95198502  007.95826251
112  47.95203254  007.95822047  47.95207654  007.95819682
112  47.95212758  007.95816528  47.95213286  007.95816003
112  47.95213638  007.95805229  47.95213286  007.95803127
112  47.95213110  007.95797345  47.95215046  007.95796820
112  47.95220150  007.95795243  47.95221206  007.95795243
111  47.95228774  007.95796294
111  47.95250605  007.95786621
111  47.95256765  007.95783117
111  47.95255110  007.95777240
112  47.95249813  007.95773895  47.95245637  007.95775568
111  47.95231072  007.95779217
112  47.95226591  007.95772070  47.95226387  007.95763858
111  47.95225589  007.95591390
112  47.95232312  007.95585732  47.95239401  007.95585732
111  47.95315092  007.95584681
112  47.95320020  007.95593353  47.95319668  007.95604128
111  47.95320397  007.95666387
112  47.95323575  007.95668577  47.95327119  007.95668030
111  47.95495431  007.95667391
112  47.95498364  007.95672136  47.95499098  007.95678706
111  47.95498608  007.95705803
112  47.95506176  007.95715264  47.95511104  007.95718943
112  47.95533456  007.95739967  47.95537328  007.95742069
112  47.95571121  007.95745486  47.95577809  007.95744435
112  47.95610210  007.95730697  47.95618869  007.95718398
112  47.95624783  007.95687808  47.95626473  007.95669517
111  47.95626694  007.95649239
111  47.95628406  007.95647962
111  47.95631339  007.95579340
111  47.95627040  007.95561004
111  47.95621614  007.95493989
112  47.95616333  007.95489609  47.95612520  007.95488514
111  47.95532704  007.95462765
112  47.95500578  007.95471911  47.95477967  007.95485416
112  47.95398461  007.95521819  47.95373234  007.95527075
111  47.95173555  007.95517702
112  47.95170856  007.95507222  47.95175109  007.95495835
111  47.95180683  007.95479849
112  47.95128615  007.95482915  47.95106761  007.95485762
112  47.95045698  007.95483915  47.95032791  007.95483258
112  47.94980723  007.95484352  47.94973096  007.95484790
112  47.94941448  007.95491293  47.94935215  007.95493665
111  47.94928493  007.95484176
111  47.94922015  007.95484906
111  47.94801390  007.95482785
112  47.94798741  007.95479287  47.94798945  007.95474726
111  47.94799658  007.95463625
112  47.94795686  007.95460280  47.94792019  007.95460432
112  47.94708632  007.95473667  47.94697876  007.95476040
111  47.94656853  007.95482987
112  47.94653641  007.95494753  47.94654660  007.95505270
111  47.94655933  007.95520730
112  47.94651350  007.95527192  47.94647106  007.95528206
112  47.94580327  007.95550244  47.94575438  007.95550244
111  47.94564743  007.95554805
111  47.94559752  007.95555262
111  47.94542689  007.95559423
113  47.94517086  007.95573723
130 Airport Boundary 1
111  47.94491801  007.95643843
111  47.94497785  007.95681417
111  47.94502254  007.95698438
111  47.94509470  007.95698701
111  47.94550303  007.95695810
111  47.94577115  007.95692908
111  47.94585022  007.95690184
111  47.94588672  007.95680195
111  47.94597187  007.95672476
111  47.94613915  007.95663850
111  47.94625472  007.95665212
111  47.94643112  007.95662487
111  47.94662272  007.95657947
111  47.94682041  007.95657039
111  47.94703330  007.95648866
111  47.94733743  007.95646596
111  47.94753194  007.95653033
111  47.94769922  007.95656666
111  47.94789386  007.95651671
111  47.94804289  007.95641682
111  47.94809763  007.95639865
111  47.94815542  007.95641228
111  47.94822233  007.95651217
111  47.94831053  007.95654395
111  47.94843218  007.95659390
111  47.94854471  007.95665293
111  47.94861770  007.95678006
111  47.94865420  007.95678460
111  47.94870286  007.95675282
111  47.94881843  007.95682093
111  47.94898874  007.95696623
111  47.94908302  007.95705250
111  47.94919859  007.95706158
111  47.94936587  007.95712060
111  47.94954227  007.95732039
111  47.94966696  007.95743390
111  47.94987429  007.95761319
111  47.95012985  007.95782762
111  47.95044924  007.95789965
111  47.95069846  007.95782397
111  47.95081040  007.95782397
111  47.95111242  007.95787443
111  47.95144401  007.95800056
111  47.95149048  007.95797218
111  47.95155009  007.95801299
111  47.95157755  007.95813282
111  47.95168737  007.95844816
111  47.95176974  007.95859006
111  47.95186267  007.95860898
111  47.95193659  007.95854591
111  47.95209848  007.95845691
111  47.95322797  007.95798583
111  47.95348648  007.95789501
111  47.95396549  007.95771715
111  47.95455698  007.95739694
111  47.95479141  007.95725188
111  47.95503430  007.95724241
111  47.95522016  007.95742532
111  47.95543558  007.95757354
111  47.95580322  007.95758745
111  47.95605490  007.95754540
111  47.95622562  007.95744028
111  47.95627138  007.95731676
111  47.95629778  007.95707761
111  47.95634685  007.95578462
111  47.95630727  007.95564945
111  47.95629249  007.95530571
111  47.95623547  007.95490835
111  47.95616366  007.95486104
111  47.95522222  007.95455470
111  47.95492478  007.95474129
111  47.95424892  007.95510657
111  47.95383973  007.95523341
111  47.95376757  007.95522553
111  47.95174859  007.95516628
111  47.95170825  007.95515533
111  47.95170092  007.95512430
111  47.95182276  007.95478980
111  47.95179196  007.95477885
111  47.95173769  007.95477009
111  47.95129475  007.95480951
111  47.95097501  007.95485768
111  47.95052814  007.95483247
111  47.95020627  007.95481734
111  47.94989707  007.95482112
111  47.94945861  007.95487409
111  47.94938004  007.95491193
111  47.94930147  007.95484382
111  47.94924065  007.95471517
111  47.94920009  007.95474544
111  47.94921023  007.95483247
111  47.94800553  007.95480875
111  47.94800259  007.95457884
111  47.94651277  007.95481838
111  47.94654973  007.95520463
111  47.94653389  007.95524667
111  47.94567376  007.95550857
111  47.94561470  007.95551200
111  47.94544362  007.95554668
111  47.94518595  007.95568541
111  47.94497686  007.95585252
113  47.94479311  007.95601647
14  47.95217887  007.95787972   6.56 0 Tower Viewpoint
1300  47.95203009  007.95780466 278.13 tie_down props Hangar 1
1301 E none 
1300  47.94517491  007.95620760 157.83 tie_down props Glider Parking 1
1301 E none 
1300  47.94505317  007.95608061 157.75 tie_down props Glider Parking 2
1301 E none 
1300  47.94503704  007.95630176 156.04 tie_down props Glider Parking 3
1301 E none 
1300  47.95560663  007.95496525 265.03 tie_down props Glider Parking 4
1301 E none 
1300  47.95588542  007.95500309 278.13 tie_down props Glider Parking 5
1301 E none 
1300  47.95613380  007.95517717 289.44 tie_down props Glider Parking 6
1301 E none 
99
