I
1130 Generated by WorldEditor 2.0.0r4

1      0 0 0 XEDD6 Letzenberg Malsch
100 30.00 3 0 0.00 1 2 1 07  49.23643842  008.67453478    0    0 2 9 0 0 25  49.23900100  008.68405000    0    0 2 9 0 0
110 2 0.00 0.0000 New Taxiway 7
111  49.23887142  008.68409424
111  49.23885997  008.68410232
111  49.23887626  008.68415571
113  49.23888694  008.68414717
110 2 0.00 0.0000 New Taxiway 7
111  49.23912974  008.68392812
111  49.23911828  008.68393620
111  49.23913458  008.68398960
113  49.23914526  008.68398106
110 2 0.00 0.0000 New Taxiway 7
111  49.23896415  008.68330424
111  49.23895270  008.68331231
111  49.23896899  008.68336571
113  49.23897967  008.68335717
110 2 0.00 0.0000 New Taxiway 7
111  49.23870404  008.68346803
111  49.23869259  008.68347610
111  49.23870888  008.68352950
113  49.23871956  008.68352096
110 2 0.00 0.0000 New Taxiway 7
111  49.23853432  008.68283083
111  49.23852286  008.68283890
111  49.23853915  008.68289230
113  49.23854984  008.68288376
110 2 0.00 0.0000 New Taxiway 7
111  49.23879015  008.68267105
111  49.23877869  008.68267913
111  49.23879499  008.68273252
113  49.23880567  008.68272398
110 2 0.00 0.0000 New Taxiway 7
111  49.23861959  008.68203195
111  49.23860814  008.68204002
111  49.23862443  008.68209342
113  49.23863511  008.68208488
110 2 0.00 0.0000 New Taxiway 7
111  49.23835962  008.68220187
111  49.23834817  008.68220994
111  49.23836446  008.68226334
113  49.23837514  008.68225480
110 2 0.00 0.0000 New Taxiway 7
111  49.23818990  008.68156657
111  49.23817844  008.68157465
111  49.23819474  008.68162805
113  49.23820542  008.68161951
110 2 0.00 0.0000 New Taxiway 7
111  49.23844656  008.68140278
111  49.23843510  008.68141086
111  49.23845139  008.68146426
113  49.23846207  008.68145572
110 2 0.00 0.0000 New Taxiway 7
111  49.23827338  008.68076665
111  49.23826192  008.68077472
111  49.23827822  008.68082812
113  49.23828890  008.68081958
110 2 0.00 0.0000 New Taxiway 7
111  49.23801992  008.68092956
111  49.23800846  008.68093763
111  49.23802476  008.68099103
113  49.23803544  008.68098249
110 2 0.00 0.0000 New Taxiway 7
111  49.23784801  008.68029729
111  49.23783655  008.68030537
111  49.23785285  008.68035877
113  49.23786353  008.68035022
110 2 0.00 0.0000 New Taxiway 7
111  49.23810467  008.68014090
111  49.23809321  008.68014898
111  49.23810951  008.68020238
113  49.23812019  008.68019383
110 2 0.00 0.0000 New Taxiway 7
111  49.23768035  008.67966891
111  49.23766890  008.67967698
111  49.23768519  008.67973038
113  49.23769587  008.67972184
110 2 0.00 0.0000 New Taxiway 7
111  49.23793770  008.67950724
111  49.23792624  008.67951531
111  49.23794254  008.67956871
113  49.23795322  008.67956017
110 2 0.00 0.0000 New Taxiway 7
111  49.23776108  008.67886370
111  49.23774962  008.67887178
111  49.23776591  008.67892518
113  49.23777659  008.67891664
110 2 0.00 0.0000 New Taxiway 7
111  49.23750524  008.67903235
111  49.23749379  008.67904043
111  49.23751008  008.67909383
113  49.23752076  008.67908528
110 2 0.00 0.0000 New Taxiway 7
111  49.23733966  008.67840045
111  49.23732820  008.67840853
111  49.23734450  008.67846193
113  49.23735518  008.67845338
110 2 0.00 0.0000 New Taxiway 7
111  49.23759549  008.67823307
111  49.23758403  008.67824115
111  49.23760033  008.67829455
113  49.23761101  008.67828600
110 2 0.00 0.0000 New Taxiway 7
111  49.23742162  008.67761174
111  49.23741017  008.67761981
111  49.23742646  008.67767321
113  49.23743714  008.67766467
110 2 0.00 0.0000 New Taxiway 7
111  49.23716496  008.67776707
111  49.23715351  008.67777515
111  49.23716980  008.67782855
113  49.23718048  008.67782000
110 2 0.00 0.0000 New Taxiway 7
111  49.23699455  008.67713412
111  49.23698309  008.67714219
111  49.23699939  008.67719559
113  49.23701007  008.67718705
110 2 0.00 0.0000 New Taxiway 7
111  49.23725121  008.67697308
111  49.23723975  008.67698116
111  49.23725605  008.67703455
113  49.23726673  008.67702601
110 2 0.00 0.0000 New Taxiway 7
111  49.23707900  008.67632766
111  49.23706754  008.67633573
111  49.23708384  008.67638913
113  49.23709452  008.67638059
110 2 0.00 0.0000 New Taxiway 7
111  49.23690679  008.67570126
111  49.23689533  008.67570933
111  49.23691163  008.67576273
113  49.23692231  008.67575419
110 2 0.00 0.0000 New Taxiway 7
111  49.23673637  008.67506937
111  49.23672491  008.67507744
111  49.23674121  008.67513084
113  49.23675189  008.67512230
110 2 0.00 0.0000 New Taxiway 7
111  49.23656457  008.67443325
111  49.23655312  008.67444132
111  49.23656941  008.67449472
113  49.23658009  008.67448618
110 2 0.00 0.0000 New Taxiway 7
111  49.23630515  008.67460443
111  49.23629370  008.67461250
111  49.23630999  008.67466590
113  49.23632067  008.67465736
110 2 0.00 0.0000 New Taxiway 7
111  49.23647654  008.67522702
111  49.23646508  008.67523509
111  49.23648138  008.67528849
113  49.23649206  008.67527995
110 2 0.00 0.0000 New Taxiway 7
111  49.23665206  008.67587624
111  49.23664060  008.67588431
111  49.23665690  008.67593771
113  49.23666758  008.67592917
110 2 0.00 0.0000 New Taxiway 7
111  49.23681972  008.67649756
111  49.23680826  008.67650564
111  49.23682455  008.67655904
113  49.23683523  008.67655049
110 2 0.00 0.0000 New Taxiway 7
111  49.23652255  008.67668782
111  49.23651248  008.67669604
111  49.23652739  008.67674930
113  49.23653807  008.67674076
110 2 0.00 0.0000 New Taxiway 7
111  49.23634868  008.67605065
111  49.23633862  008.67605887
111  49.23635352  008.67611212
113  49.23636420  008.67610358
110 2 0.00 0.0000 New Taxiway 7
111  49.23618034  008.67542088
111  49.23617027  008.67542910
111  49.23618518  008.67548235
113  49.23619585  008.67547381
110 2 0.00 0.0000 New Taxiway 7
111  49.23601199  008.67478794
111  49.23600192  008.67479616
111  49.23601683  008.67484941
113  49.23602751  008.67484087
110 2 0.00 0.0000 New Taxiway 3
111  49.23844908  008.68532404
111  49.23821734  008.68482769
111  49.23806086  008.68499761
111  49.23794434  008.68478830
111  49.23779029  008.68496316
111  49.23817148  008.68565549
111  49.23835270  008.68542907
113  49.23835977  008.68544032
110 1 0.00 0.0000 New Taxiway 2
111  49.23588528  008.67156345
111  49.23591211  008.67173843
111  49.23594787  008.67191341
111  49.23602437  008.67218273
111  49.23631261  008.67320301
111  49.23677429  008.67487671
111  49.23789305  008.67874524
111  49.23834952  008.68038062
111  49.23900699  008.68264402
112  49.23956573  008.68454521  49.23961458  008.68471894
111  49.23950033  008.68476966
112  49.23920685  008.68505520  49.23910418  008.68520103
112  49.23874890  008.68582021  49.23872738  008.68586206
111  49.23869674  008.68583923
111  49.23844883  008.68532335
111  49.23835857  008.68543903
112  49.23861629  008.68593446  49.23862583  008.68595819
112  49.23861881  008.68602773  49.23861404  008.68605330
111  49.23859496  008.68611538
111  49.23862834  008.68612999
112  49.23862834  008.68612999  49.23863400  008.68607224
112  49.23866902  008.68599066  49.23868690  008.68594684
111  49.23876367  008.68586677
112  49.23917472  008.68517843  49.23932852  008.68492278
112  49.23960883  008.68475527  49.23967798  008.68470232
111  49.23983177  008.68464206
111  49.23981866  008.68457632
112  49.23970301  008.68464936  49.23966725  008.68466215
111  49.23960406  008.68454893
111  49.23893114  008.68228048
112  49.23841984  008.68047261  49.23839003  008.68038861
111  49.23845441  008.68033748
111  49.23906899  008.68025858
111  49.23906602  008.68019323
112  49.23842257  008.68029028  49.23838255  008.68029239
111  49.23834323  008.68020891
112  49.23795579  008.67882001  49.23793179  008.67872618
111  49.23796573  008.67866912
111  49.23859391  008.67761766
111  49.23856675  008.67757704
111  49.23842934  008.67780115
112  49.23812770  008.67830147  49.23811936  008.67832704
112  49.23794768  008.67860932  49.23792979  008.67866045
111  49.23789880  008.67863671
111  49.23766879  008.67784020
111  49.23667708  008.67440657
112  49.23616585  008.67256568  49.23616070  008.67253939
112  49.23601820  008.67204771  49.23600790  008.67201090
112  49.23593236  008.67169539  49.23592034  008.67162703
113  49.23590833  008.67154815
110 3 0.00 0.0000 New Taxiway 1
111  49.23588681  008.67156219
111  49.23564423  008.67177971
112  49.23564067  008.67195963  49.23568695  008.67207412
111  49.23610703  008.67375879
111  49.23574747  008.67384602
112  49.23583647  008.67429308  49.23584359  008.67441302
112  49.23581867  008.67466927  49.23581867  008.67478921
112  49.23584359  008.67511088  49.23586139  008.67524173
111  49.23603583  008.67605407
111  49.23632735  008.67696322
112  49.23655232  008.67679284  49.23656963  008.67673226
112  49.23678965  008.67660353  49.23680449  008.67660732
111  49.23682179  008.67661868
111  49.23844404  008.68282364
112  49.23843992  008.68319596  49.23839459  008.68343261
111  49.23820766  008.68421349
111  49.23820025  008.68435358
111  49.23775772  008.68491396
111  49.23779975  008.68497833
111  49.23794561  008.68478901
111  49.23806173  008.68500237
111  49.23821755  008.68484202
111  49.23869609  008.68584073
112  49.23874660  008.68583275  49.23876210  008.68580170
112  49.23920685  008.68507401  49.23930699  008.68492938
112  49.23950841  008.68478188  49.23953560  008.68476654
112  49.23957317  008.68454247  49.23953598  008.68439346
111  49.23836569  008.68035914
111  49.23651352  008.67391071
111  49.23622921  008.67287213
113  49.23601726  008.67208426
130 Airport Boundary 10
111  49.23561623  008.67176238
111  49.23520185  008.67229230
111  49.23551916  008.67378850
111  49.23572683  008.67497431
111  49.23563486  008.67525145
111  49.23603633  008.67667210
111  49.23784947  008.68307780
111  49.23818173  008.68421823
111  49.23816987  008.68435454
111  49.23772759  008.68491053
111  49.23815817  008.68572459
111  49.23834202  008.68548014
111  49.23853430  008.68582460
111  49.23859611  008.68599288
111  49.23859648  008.68611561
111  49.23862821  008.68612723
111  49.23879277  008.68601126
111  49.23888919  008.68617407
111  49.23906719  008.68660951
111  49.23925508  008.68673067
111  49.23994936  008.68608224
111  49.23966152  008.68477199
111  49.23980459  008.68467521
111  49.23983072  008.68464162
111  49.23981662  008.68458051
111  49.23953925  008.68377779
111  49.23944655  008.68387876
111  49.23934560  008.68359163
111  49.23843582  008.68046745
111  49.23845668  008.68037463
111  49.23906988  008.68028115
111  49.23906509  008.68018209
111  49.23842761  008.68025079
111  49.23835369  008.68017592
111  49.23798973  008.67881915
111  49.23797774  008.67869044
111  49.23860184  008.67763018
111  49.23855630  008.67756044
111  49.23798515  008.67851429
111  49.23789912  008.67851884
111  49.23711295  008.67585408
111  49.23654901  008.67379298
111  49.23617089  008.67229754
111  49.23593015  008.67153404
113  49.23588410  008.67156402
120 Linear Feature 6
111  49.23831091  008.68532659 20
111  49.23835342  008.68527139 20
111  49.23839686  008.68535774 20
115  49.23835365  008.68540799
120 Linear Feature 5
111  49.23788325  008.68487176 20
111  49.23798426  008.68506197 20
111  49.23790229  008.68516214 20
113  49.23780294  008.68497321 20
120 Linear Feature 4
111  49.23791208  008.68518522 20
111  49.23810940  008.68495909 20
111  49.23822807  008.68518628 20
111  49.23812306  008.68529744 20
111  49.23820324  008.68545257 20
111  49.23831156  008.68532682 20
111  49.23835392  008.68540840 20
113  49.23816695  008.68565270 20
20  49.23758924  008.67936361 247.4400 0 2 {@Y}1/2{@@}1/2
14  49.23955734  008.68411098   6.56 0 Tower
1300  49.23826369  008.68510714 327.53 hangar props Apron Start
1301 E none 
1300  49.23833498  008.68481015   0.00 hangar props Hangar Grass Start
1301 E none 
1300  49.23599926  008.67263070  68.22 misc props Glider start west
1301 E none 
1300  49.23937632  008.68427552 242.65 misc props Glider start east
1301 E none 
19  49.23815676  008.68509192 0 New Windsock 8
99
