I
1130 Generated by WorldEditor 2.0.0r4

1   2421 0 0 XEDE6 Reiselfingen
100 30.00 3 0 0.00 0 0 0 07  47.85098348  008.36728210    0    0 0 0 0 0 25  47.85239714  008.37541836    0    0 0 0 0 0
110 2 0.00 0.0000 New Taxiway 30
111  47.85107878  008.36863632
111  47.85106681  008.36864091
111  47.85106801  008.36864789
113  47.85107999  008.36864330
110 2 0.00 0.0000 New Taxiway 30
111  47.85135176  008.36851773
111  47.85133978  008.36852232
111  47.85134099  008.36852930
113  47.85135296  008.36852471
110 2 0.00 0.0000 New Taxiway 30
111  47.85134280  008.37016183
111  47.85133082  008.37016642
111  47.85133203  008.37017340
113  47.85134400  008.37016881
110 2 0.00 0.0000 New Taxiway 30
111  47.85162164  008.37007628
111  47.85160967  008.37008087
111  47.85161087  008.37008785
113  47.85162285  008.37008326
110 2 0.00 0.0000 New Taxiway 30
111  47.85179288  008.37274800
111  47.85178090  008.37275259
111  47.85178211  008.37275957
113  47.85179408  008.37275498
110 2 0.00 0.0000 New Taxiway 30
111  47.85207374  008.37267930
111  47.85206176  008.37268389
111  47.85206297  008.37269087
113  47.85207494  008.37268628
110 2 0.00 0.0000 New Taxiway 30
111  47.85229366  008.37394557
111  47.85228169  008.37395016
111  47.85228289  008.37395714
113  47.85229486  008.37395255
110 2 0.00 0.0000 New Taxiway 30
111  47.85251781  008.37519307
111  47.85249909  008.37520025
111  47.85250029  008.37520723
113  47.85251901  008.37520005
110 2 0.00 0.0000 New Taxiway 30
111  47.85189142  008.37156143
111  47.85187270  008.37156861
111  47.85187390  008.37157559
113  47.85189263  008.37156841
110 2 0.00 0.0000 New Taxiway 30
111  47.85160063  008.37166898
111  47.85158191  008.37167616
111  47.85158311  008.37168314
113  47.85160184  008.37167596
110 2 0.00 0.0000 New Taxiway 30
111  47.85085692  008.36735940
111  47.85083819  008.36736658
111  47.85083940  008.36737355
113  47.85085812  008.36736638
110 2 0.00 0.0000 New Taxiway 30
111  47.85113516  008.36722659
111  47.85111643  008.36723377
111  47.85111764  008.36724075
113  47.85113636  008.36723357
110 1 0.00 0.0000 New Taxiway 28
111  47.84873711  008.36349861
112  47.84899066  008.36358842  47.84918463  008.36365861
112  47.84988945  008.36385648  47.84993101  008.36387197
111  47.85002973  008.36390638
111  47.85003377  008.36386767
112  47.84993159  008.36383240  47.84989234  008.36381863
112  47.84927174  008.36364183  47.84919611  008.36361516
113  47.84874885  008.36346898
110 1 0.00 0.0000 New Taxiway 27
111  47.85117468  008.36643558
112  47.85114974  008.36655450  47.85112729  008.36661149
112  47.85093732  008.36697657  47.85081679  008.36715372
112  47.85069863  008.36731488  47.85062589  008.36739953
111  47.85054414  008.36747489
111  47.85054969  008.36752031
112  47.85079875  008.36724043  47.85091098  008.36708806
111  47.85107410  008.36681776
112  47.85112314  008.36678926  47.85115224  008.36680165
112  47.85115972  008.36687350  47.85116637  008.36692058
112  47.85126605  008.36741475  47.85130555  008.36761633
112  47.85156866  008.36886154  47.85160157  008.36905033
112  47.85185766  008.37049054  47.85189357  008.37068380
112  47.85242344  008.37373331  47.85247860  008.37404670
112  47.85262173  008.37486132  47.85265266  008.37504268
112  47.85269643  008.37535781  47.85270142  008.37543214
112  47.85267814  008.37550276  47.85265404  008.37552134
112  47.85258415  008.37554227  47.85253774  008.37554743
112  47.85231529  008.37558031  47.85223150  008.37558329
112  47.85207672  008.37556006  47.85205760  008.37555386
112  47.85203696  008.37556520  47.85203408  008.37558585
112  47.85205082  008.37560736  47.85206294  008.37561252
112  47.85212125  008.37561940  47.85213106  008.37562112
112  47.85239201  008.37562134  47.85245685  008.37561391
112  47.85258124  008.37558949  47.85262280  008.37557958
112  47.85267850  008.37559692  47.85270760  008.37561427
112  47.85273254  008.37573939  47.85273752  008.37582858
112  47.85278141  008.37618373  47.85279305  008.37630018
111  47.85283316  008.37656643
111  47.85287556  008.37654413
112  47.85280857  008.37599288  47.85279659  008.37587098
111  47.85276767  008.37559001
112  47.85286166  008.37550747  47.85291736  008.37549137
112  47.85308796  008.37542939  47.85315181  008.37540560
112  47.85325984  008.37535665  47.85329559  008.37532940
111  47.85330307  008.37532444
111  47.85329891  008.37520799
112  47.85322493  008.37526498  47.85319833  008.37525878
112  47.85316553  008.37517183  47.85316221  008.37509379
111  47.85316470  008.37503308
112  47.85320543  008.37499840  47.85323702  008.37499592
111  47.85329438  008.37498849
111  47.85329106  008.37490425
111  47.85327859  008.37490796
112  47.85325448  008.37494513  47.85322705  008.37494265
111  47.85318133  008.37494141
112  47.85315888  008.37487575  47.85316138  008.37480762
112  47.85319795  008.37480142  47.85322705  008.37479647
112  47.85325199  008.37479894  47.85326529  008.37479771
111  47.85327111  008.37482496
111  47.85327776  008.37482248
112  47.85323453  008.37465772  47.85318631  008.37465648
111  47.85299179  008.37468373
111  47.85299345  008.37482496
112  47.85304250  008.37483983  47.85308074  008.37483735
111  47.85310568  008.37483363
112  47.85312646  008.37488566  47.85312646  008.37494513
112  47.85313644  008.37515077  47.85313644  008.37519041
112  47.85305331  008.37533536  47.85297101  008.37539482
112  47.85282965  008.37542609  47.85278476  008.37540503
112  47.85273738  008.37531707  47.85273821  008.37528610
112  47.85264397  008.37470058  47.85260490  008.37445282
112  47.85242070  008.37338022  47.85240049  008.37327871
112  47.85205251  008.37127448  47.85201995  008.37110312
112  47.85158992  008.36869834  47.85156298  008.36857647
112  47.85129926  008.36731950  47.85125492  008.36712439
112  47.85121161  008.36679053  47.85120562  008.36662284
113  47.85121861  008.36648420
110 3 0.00 0.0000 New Taxiway 29
111  47.84986140  008.36195870
112  47.84977880  008.36164119  47.84968902  008.36161086
112  47.84955256  008.36166973  47.84951066  008.36172503
112  47.84954657  008.36188735  47.84956333  008.36203005
112  47.84964713  008.36235827  47.84964952  008.36239751
112  47.84962797  008.36254022  47.84961361  008.36256162
112  47.84953460  008.36256876  47.84951545  008.36258303
112  47.84947387  008.36273976  47.84945897  008.36281373
112  47.84938699  008.36292470  47.84936217  008.36295429
112  47.84915117  008.36332047  47.84913628  008.36338335
111  47.84911642  008.36360528
111  47.84993692  008.36384841
112  47.84998430  008.36395494  47.84999179  008.36402803
111  47.85057996  008.36739063
112  47.85057996  008.36744265  47.85057746  008.36745628
111  47.85057497  008.36748849
112  47.85059492  008.36752937  47.85060822  008.36757644
112  47.85088437  008.36920151  47.85091071  008.36934957
112  47.85139242  008.37200140  47.85143551  008.37225613
111  47.85165702  008.37347161
112  47.85165355  008.37360994  47.85164455  008.37368737
111  47.85146124  008.37541920
112  47.85174283  008.37557117  47.85178305  008.37562254
112  47.85180173  008.37578737  47.85180460  008.37584303
112  47.85181170  008.37610360  47.85181314  008.37613785
112  47.85181314  008.37619992  47.85181314  008.37620849
112  47.85193668  008.37626842  47.85198552  008.37627271
112  47.85204010  008.37629839  47.85207745  008.37630696
112  47.85213735  008.37633503  47.85218389  008.37636329
112  47.85222698  008.37642750  47.85226835  008.37646090
112  47.85235110  008.37649686  47.85242005  008.37650714
112  47.85261885  008.37650035  47.85267343  008.37649393
112  47.85273664  008.37648109  47.85275531  008.37647466
112  47.85279266  008.37643185  47.85280846  008.37641473
112  47.85282570  008.37633124  47.85282570  008.37632482
111  47.85272575  008.37542539
112  47.85229395  008.37274950  47.85220707  008.37236480
112  47.85151772  008.36865842  47.85142257  008.36823921
112  47.85120186  008.36717347  47.85116778  008.36701366
112  47.85108049  008.36692199  47.85101150  008.36704216
112  47.85081440  008.36726425  47.85071265  008.36737574
112  47.85060292  008.36735196  47.85058796  008.36724790
112  47.85000844  008.36395316  47.85000844  008.36390513
112  47.85001457  008.36348843  47.85001696  008.36338853
112  47.84999307  008.36311480  47.84998273  008.36303466
112  47.84994136  008.36288671  47.84992894  008.36281273
114  47.84989171  008.36243668  47.84988757  008.36232571
130 Airport Boundary 26
111  47.85058285  008.36167949
111  47.85021051  008.36146496
111  47.84984314  008.36131331
111  47.84948073  008.36114316
111  47.84934421  008.36108028
111  47.84926517  008.36122127
111  47.84903998  008.36183912
111  47.84884696  008.36276589
111  47.84874827  008.36352282
111  47.84944330  008.36375584
111  47.84994223  008.36389270
111  47.84995565  008.36394670
111  47.84998296  008.36411685
111  47.85055779  008.36741884
111  47.85164442  008.37351529
111  47.85144416  008.37543269
111  47.85165521  008.37555608
111  47.85172874  008.37560264
111  47.85175627  008.37567934
111  47.85178620  008.37573108
111  47.85178740  008.37591481
111  47.85179937  008.37612709
111  47.85178412  008.37621949
111  47.85175309  008.37623182
111  47.85171379  008.37624107
111  47.85166621  008.37623182
111  47.85164759  008.37628114
111  47.85165380  008.37631505
111  47.85171999  008.37633354
111  47.85193099  008.37641368
111  47.85215439  008.37651541
111  47.85224334  008.37656164
111  47.85233618  008.37661705
111  47.85261320  008.37669250
111  47.85273533  008.37662148
111  47.85280980  008.37657266
111  47.85289022  008.37651495
111  47.85281957  008.37581365
111  47.85284101  008.37564320
111  47.85292323  008.37556330
111  47.85324135  008.37544079
111  47.85348257  008.37533932
111  47.85360462  008.37520985
111  47.85368115  008.37502490
111  47.85370805  008.37478445
111  47.85367909  008.37437447
111  47.85364599  008.37431282
111  47.85342259  008.37436214
111  47.85332536  008.37436214
111  47.85296958  008.37439297
111  47.85264490  008.37449370
111  47.85213278  008.37164321
111  47.85181412  008.36981410
111  47.85157890  008.36852775
111  47.85135054  008.36747354
111  47.85122422  008.36685640
111  47.85121733  008.36664063
111  47.85122767  008.36650192
111  47.85115355  008.36642743
111  47.85106391  008.36670485
111  47.85090300  008.36699156
111  47.85067711  008.36727268
111  47.85062995  008.36728378
111  47.85060016  008.36725419
111  47.85001731  008.36396237
111  47.85004551  008.36369164
111  47.85008275  008.36328847
111  47.85017459  008.36287789
113  47.85036722  008.36225284
20  47.85188332  008.37156869 75.5300 0 3 {@Y}1/2{@@}1/2
20  47.85159227  008.37167600 255.5317 0 3 {@Y}1/2{@@}1/2
1300  47.85159214  008.37476192   9.33 misc props Prop Park 1
1301 B none 
1300  47.85163980  008.37448671   9.33 misc props Prop Park 2
1301 B none 
1300  47.85168150  008.37418488   9.33 misc props Prop Park 3
1301 B none 
1300  47.85196696  008.37578960 182.79 misc props Glider Park 1
1301 B none 
1300  47.85194661  008.37605361 182.79 misc props Glider Park 2
1301 B none 
1300  47.85216780  008.37552148 254.59 misc props Winch Launch 25
1301 E none 
1300  47.84972830  008.36237879  74.54 misc props Winch Launch 07
1301 B none 
99
