I
1000 Generated by WorldEditor 2.2.0r2

1    898 0 0 XEDFG Mosbach Schreckhof
100 40.00 3 0 0.00 0 0 0 13  49.35849962  009.11610913    0    0 0 0 0 0 31  49.35631921  009.11921748    0    0 0 0 0 0
100 30.00 3 0 0.00 0 0 0 15  49.35256379  009.11986494    0    0 0 0 0 0 33  49.34979456  009.12229213    0    0 0 0 0 0
110 1 0.00 0.0000 New Taxiway 2
111  49.35881773  009.11496817
112  49.35880490  009.11508171  49.35879433  009.11516281
112  49.35872672  009.11565456  49.35869934  009.11591716
112  49.35876112  009.11660015  49.35878194  009.11675308
111  49.35888069  009.11700973
111  49.35890242  009.11700556
112  49.35878456  009.11659130  49.35875588  009.11643114
112  49.35874936  009.11568039  49.35875979  009.11552224
113  49.35884355  009.11494592
110 2 0.00 0.0000 New Taxiway 3
111  49.35008926  009.12058507
111  49.35007948  009.12053003
111  49.34978278  009.12065424
111  49.34983408  009.12094302
111  49.35012297  009.12082207
111  49.35010576  009.12072518
111  49.35020722  009.12068270
113  49.35018291  009.12054586
110 3 0.00 0.0000 New Taxiway 4
111  49.35673286  009.11807560
112  49.35646923  009.11848379  49.35639037  009.11855989
111  49.35606590  009.11878129
112  49.35624391  009.11941087  49.35629348  009.11951464
112  49.35656612  009.11969452  49.35664273  009.11966339
112  49.35716038  009.11896594  49.35732036  009.11864422
112  49.35784492  009.11822300  49.35814460  009.11800160
112  49.35857860  009.11767365  49.35888955  009.11751798
111  49.35912057  009.11742511
112  49.35914013  009.11737306  49.35914274  009.11732101
111  49.35913100  009.11704073
112  49.35909188  009.11699068  49.35905146  009.11700069
111  49.35892040  009.11701420
112  49.35889457  009.11699073  49.35887892  009.11696447
112  49.35874288  009.11627766  49.35872984  009.11589128
112  49.35878247  009.11529370  49.35882159  009.11506948
111  49.35882420  009.11501743
112  49.35878639  009.11501943  49.35875770  009.11504746
112  49.35790691  009.11607686  49.35764464  009.11644632
114  49.35695414  009.11744691  49.35686213  009.11764293
110 1 0.00 0.0000 New Taxiway 2
111  49.35151469  009.11983985
111  49.35145195  009.11966649
112  49.35139403  009.11965315  49.35135639  009.11967389
112  49.35130620  009.11973020  49.35129944  009.11978503
111  49.35132164  009.11992431
112  49.35127917  009.12003989  49.35123187  009.12006952
112  49.35116141  009.11999543  49.35114886  009.11993616
111  49.35116430  009.11978947
111  49.35111701  009.11980281
112  49.35111604  009.12000432  49.35113728  009.12008137
111  49.35116720  009.12010953
112  49.35113149  009.12018213  49.35106874  009.12022066
111  49.35078210  009.12041783
112  49.35077040  009.12039697  49.35080995  009.12034860
111  49.35108375  009.11989090
111  49.35106291  009.11986245
111  49.35074669  009.12034964
112  49.35059495  009.12052212  49.35051619  009.12056657
112  49.35019996  009.12072076  49.35019031  009.12071928
111  49.35017293  009.12068668
111  49.34980337  009.12083119
111  49.34981624  009.12090898
112  49.34979532  009.12094972  49.34977200  009.12095590
112  49.34963814  009.12100619  49.34957138  009.12102595
111  49.34955586  009.12103004
111  49.34956592  009.12107377
112  49.34971668  009.12100713  49.34978103  009.12098490
112  49.34992048  009.12097227  49.34994702  009.12096239
112  49.34999207  009.12093769  49.35000172  009.12091670
111  49.35000494  009.12090312
112  49.35013525  009.12086361  49.35015375  009.12086361
112  49.35018190  009.12083521  49.35018673  009.12081422
112  49.35023981  009.12076976  49.35026636  009.12075371
112  49.35076775  009.12045870  49.35088312  009.12038829
114  49.35147336  009.12004719  49.35156184  009.11999574
110 1 0.00 0.0000 New Taxiway 1
111  49.34929771  009.12160943
112  49.35166229  009.12054335  49.35180129  009.12047578
112  49.35212716  009.12033139  49.35214164  009.12031509
112  49.35218507  009.12027804  49.35219569  009.12027360
112  49.35222357  009.12025269  49.35223560  009.12025269
112  49.35226275  009.12025031  49.35227206  009.12025031
112  49.35231279  009.12020862  49.35230116  009.12019790
112  49.35227788  009.12020862  49.35226818  009.12021339
112  49.35223521  009.12023721  49.35222978  009.12023899
112  49.35218090  009.12025686  49.35216190  009.12026162
112  49.35209168  009.12029795  49.35208625  009.12030152
112  49.35163128  009.12051650  49.35158302  009.12054366
112  49.35035539  009.12109195  49.35029707  009.12111973
113  49.34928514  009.12155442
110 3 0.00 0.0000 New Taxiway 3
111  49.35647405  009.11848309
112  49.35601970  009.11867361  49.35586358  009.11875657
112  49.35549926  009.11896396  49.35538343  009.11902442
111  49.35478423  009.11931008
112  49.35456390  009.11939008  49.35446983  009.11943003
111  49.35405551  009.11957752
112  49.35389339  009.11950992  49.35383935  009.11943925
112  49.35350971  009.11922793  49.35335695  009.11918811
112  49.35244556  009.11924344  49.35205934  009.11944697
111  49.35150525  009.11989560
111  49.35139477  009.12005783
111  49.35074881  009.12044553
111  49.35059809  009.12054103
111  49.35058072  009.12042546
112  49.35054018  009.12038100  49.35050543  009.12039582
111  49.35015408  009.12054548
111  49.34981082  009.12076950
112  49.34962897  009.12096508  49.34955715  009.12103087
112  49.34934538  009.12122512  49.34931897  009.12126566
112  49.34922168  009.12159638  49.34922307  009.12168812
112  49.34930368  009.12185241  49.34934677  009.12189935
112  49.34936762  009.12206364  49.34936206  009.12215112
112  49.34936695  009.12255147  49.34932492  009.12266515
112  49.34923085  009.12290787  49.34920883  009.12298468
111  49.34917681  009.12307685
112  49.34922484  009.12311065  49.34927288  009.12309222
112  49.34963916  009.12307685  49.34974524  009.12304613
111  49.35063398  009.12277475
112  49.35068442  009.12268626  49.35067482  009.12260146
111  49.35062438  009.12210373
112  49.35074447  009.12188620  49.35087657  009.12184195
112  49.35148217  009.12155253  49.35168969  009.12144635
111  49.35214277  009.12125521
112  49.35226708  009.12124719  49.35230878  009.12126256
111  49.35233547  009.12129072
111  49.35240386  009.12053026
112  49.35244055  009.12047905  49.35246891  009.12046369
111  49.35381079  009.11983559
112  49.35398372  009.11973603  49.35408219  009.11969547
112  49.35511723  009.11927849  49.35529017  009.11918823
111  49.35579058  009.11895508
111  49.35590873  009.11897855
111  49.35606579  009.11889746
114  49.35610054  009.11891240  49.35611166  009.11892734
130 Airport Boundary
111  49.35891805  009.11700912
111  49.35882071  009.11670028
111  49.35877204  009.11611247
111  49.35876635  009.11574511
111  49.35881642  009.11529827
111  49.35886024  009.11492830
111  49.35878200  009.11498836
111  49.35828128  009.11553130
111  49.35789479  009.11605502
111  49.35740094  009.11673910
111  49.35693587  009.11744065
111  49.35683312  009.11767727
111  49.35672400  009.11799739
111  49.35659422  009.11805717
111  49.35579279  009.11842578
111  49.35571816  009.11852541
111  49.35588696  009.11872286
111  49.35550572  009.11893041
111  49.35512113  009.11905315
111  49.35457447  009.11891687
111  49.35434552  009.11870169
111  49.35376616  009.11910336
111  49.35364935  009.11914639
111  49.35335966  009.11887383
111  49.35320081  009.11867300
111  49.35314006  009.11873755
111  49.35302793  009.11880928
111  49.35266706  009.11851095
111  49.35220450  009.11841054
111  49.35175129  009.11871178
111  49.35170456  009.11927122
111  49.35127386  009.11967302
111  49.35049252  009.12025297
111  49.34973863  009.12066125
111  49.34932270  009.12118086
111  49.34918141  009.12158365
111  49.34919487  009.12198643
111  49.34926215  009.12261642
111  49.34914777  009.12294691
111  49.34910067  009.12315346
111  49.34958510  009.12314313
111  49.35041939  009.12291592
111  49.35070870  009.12279199
111  49.35064953  009.12212863
111  49.35067386  009.12200826
111  49.35072794  009.12193355
111  49.35115222  009.12176765
111  49.35170091  009.12148762
111  49.35209973  009.12130430
111  49.35225746  009.12129392
111  49.35234083  009.12136310
111  49.35242361  009.12052069
111  49.35318785  009.12014969
111  49.35380758  009.11987574
111  49.35516195  009.11935752
111  49.35606838  009.11891282
111  49.35621169  009.11954771
111  49.35635186  009.11970552
111  49.35652473  009.11977725
111  49.35669761  009.11968400
111  49.35708074  009.11925362
111  49.35721156  009.11891650
111  49.35736108  009.11868696
111  49.35795715  009.11819864
111  49.35844774  009.11777542
111  49.35876079  009.11763913
111  49.35916392  009.11746257
113  49.35915418  009.11695446
14  49.34954855  009.12111925   6.56 0 Tower Viewpoint
1300  49.34932881  009.12156680 343.69 misc props|helos Glider Winch Launch South
1300  49.35877814  009.11723565 162.44 misc props|helos Glider Winch Launch North
19  49.35179282  009.11954050 0 Windsock
99
