I
1130 Generated by WorldEditor 2.0.0r4

1   1604 1 0 XEDG7 Altomünster
100 7.00 3 0 0.00 0 0 0 02  48.38106904  011.27249316    0    0 0 0 0 0 20  48.38314377  011.27339701   29    0 0 0 0 0
110 1 0.00 0.0000 Taxiway 4
111  48.38192102  011.27347472
111  48.38189237  011.27343729
111  48.38194525  011.27335237
111  48.38190271  011.27329681
111  48.38184983  011.27338174
111  48.38182906  011.27335462
111  48.38175821  011.27350651
113  48.38183657  011.27363226
110 3 0.00 16.1400 Taxiway 3
112  48.38109094  011.27246871  48.38106273  011.27245375
112  48.38097466  011.27241067  48.38093007  011.27238790
112  48.38084255  011.27241061  48.38082199  011.27250928
112  48.38098571  011.27249539  48.38101685  011.27251016
114  48.38107767  011.27253529  48.38110651  011.27254590
110 3 0.00 16.1400 Taxiway 2
112  48.38310851  011.27342216  48.38314961  011.27343910
112  48.38323693  011.27346956  48.38328230  011.27348357
112  48.38333727  011.27341176  48.38333882  011.27333761
112  48.38323704  011.27332917  48.38316491  011.27332917
114  48.38303936  011.27330884  48.38297809  011.27328140
110 3 0.00 0.0000 Taxiway 1
111  48.38201450  011.27293166
112  48.38204545  011.27303076  48.38202916  011.27306288
112  48.38195119  011.27321247  48.38193491  011.27324313
112  48.38176288  011.27317655  48.38171240  011.27332652
111  48.38179828  011.27342587
111  48.38190340  011.27345588
112  48.38210693  011.27308815  48.38213175  011.27304495
113  48.38220342  011.27300942
130 Airport Boundary
111  48.38314029  011.27418595
111  48.38364307  011.27286308
111  48.38284332  011.27299834
111  48.38018053  011.27187215
111  48.38008971  011.27212551
111  48.38091104  011.27264860
111  48.38099154  011.27301320
111  48.38162743  011.27362577
111  48.38181938  011.27397168
111  48.38192068  011.27428188
113  48.38225871  011.27382679
14  48.38201129  011.27339385   6.56 0 Tower Viewpoint
1300  48.38184461  011.27345123 284.00 misc props Hangar
1301 B none 
19  48.38211963  011.27315793 0 Windsock
1051 123425 Altomünster Info
99
