I
1130 Generated by WorldEditor 2.0.0r4

1   2030 1 0 XEDH7 Antdorf
100 20.00 3 0 0.00 0 0 0 08  47.75969695  011.30121199   15    0 0 0 0 0 26  47.76040337  011.30755131   15    0 0 0 0 0
110 5 0.00 0.0000 Taxiway 2
111  47.75998441  011.30180477
111  47.76008643  011.30261699
112  47.76010964  011.30281832  47.76011386  011.30285598
112  47.76014244  011.30280978  47.76013400  011.30273670
112  47.76012092  011.30262683  47.76011923  011.30261124
111  47.76012948  011.30260579
111  47.76030787  011.30255937
111  47.76020227  011.30174346
112  47.76002835  011.30179241  47.76002135  011.30179333
112  47.76001496  011.30178258  47.76001311  011.30177033
112  47.75997332  011.30137740  47.75996798  011.30133191
112  47.76002693  011.30128876  47.76005272  011.30129209
112  47.76014495  011.30128602  47.76017165  011.30127663
112  47.76013369  011.30111203  47.76011087  011.30111203
112  47.75992754  011.30114654  47.75989103  011.30115071
111  47.75984536  011.30114475
111  47.75978885  011.30116325
114  47.75992812  011.30125708  47.75993773  011.30132301
110 3 0.00 80.5900 Taxiway 1
111  47.76007119  011.30414713
112  47.76046840  011.30391728  47.76046840  011.30381167
111  47.76030787  011.30255937
111  47.76020227  011.30174346
112  47.76006662  011.30130145  47.75996903  011.30124321
113  47.75972312  011.30125407
130 Airport Boundary
111  47.75947463  011.30119223
111  47.76017487  011.30769641
111  47.76063853  011.30758288
111  47.76026504  011.30417110
111  47.76055017  011.30399591
113  47.76018931  011.30104539
14  47.76006602  011.30236496   6.56 0 Tower Viewpoint
1300  47.76008522  011.30215785 170.49 tie_down props Hangars
1301 B none 
1300  47.76001346  011.30157254 169.88 tie_down props Grass apron west
1301 B none 
1300  47.76027773  011.30376988 170.26 tie_down props Grass apron east
1301 B none 
19  47.75976131  011.30419581 0 Windsock
1051 123425 Antdorf Info
99
