I
1100 Generated by WorldEditor 1.6.1r1

1   1332 1 0 XEDS7 Burgheim
1302 city Burgheim
1302 country Germany
1302 datum_lat 48.691928
1302 datum_lon 11.033749
1302 region_code ED
1302 state Bavaria
1302 transition_alt 5000
1302 flatten 1
100 30.00 3 0 0.00 0 0 0 14  48.69368390  011.03120434    0    0 0 0 0 0 32  48.69017261  011.03629348    0    0 0 0 0 0
110  1 0.00 0.0000 Polygon from DSF lib/airport/pavement/asphalt_2D.pol 
111  48.693492848  11.032944731 
112  48.693564565  11.032982168  48.693587103  11.033011759 
111  48.693718485  11.033187685 
111  48.693793967  11.033055222 
112  48.693647203  11.032859260  48.693628672  11.032834980 
113  48.693632939  11.032744739
110  1 0.00 0.0000 Polygon from DSF lib/airport/pavement/asphalt_2D.pol 
111  48.693690394  11.032649574 
112  48.693811181  11.032701422  48.693851666  11.032738095 
111  48.693903838  11.032762123 
111  48.694009850  11.032549038 
112  48.693935140  11.032459884  48.693916845  11.032434170 
112  48.693897488  11.032436791  48.693883297  11.032457792 
112  48.693864410  11.032488335  48.693853176  11.032506120 
112  48.693845603  11.032452528  48.693852762  11.032426619 
113  48.693872284  11.032360108
110  1 0.00 0.0000 Polygon from DSF lib/airport/pavement/asphalt_3D.pol 
111  48.690504070  11.036843522 
111  48.690546020  11.036883239 
112  48.690853723  11.036324263  48.691034947  11.036015420 
112  48.691274691  11.035675120  48.691370966  11.035537855 
112  48.691761730  11.035094605  48.691959944  11.034857252 
112  48.692463973  11.034273862  48.692711268  11.033990747 
112  48.693109583  11.033487427  48.693266266  11.033301541 
112  48.693551316  11.032915469  48.693653254  11.032758180 
112  48.694261488  11.031782417  48.694401937  11.031535327 
112  48.694800629  11.030872983  48.694913894  11.030687664 
112  48.695323913  11.030114543  48.695446239  11.029946381 
111  48.695816709  11.029517486 
111  48.695791421  11.029464807 
112  48.695106010  11.030324459  48.694824171  11.030708732 
112  48.694342303  11.031539544  48.694172677  11.031831110 
112  48.693680111  11.032612731  48.693280512  11.033218097 
112  48.692780028  11.033797952  48.692490957  11.034153361 
112  48.692081716  11.034626464  48.691818960  11.034917001 
112  48.691237135  11.035650724  48.691086314  11.035844559 
114  48.690753749  11.036399933  48.690630849  11.036605417 
110 3 0.00 100.0000 Taxiway 1
111  48.69290519  011.03246375
112  48.69306596  011.03252574  48.69312100  011.03261542
112  48.69312729  011.03261971  48.69316675  011.03267793
112  48.69332620  011.03263872  48.69340097  011.03252732
112  48.69372001  011.03204399  48.69378607  011.03194015
112  48.69370681  011.03167806  48.69362211  011.03151275
113  48.69367538  011.03133126
112  48.69356673  011.03209570  48.69353194  011.03215575
112  48.69343137  011.03205715  48.69341372  011.03195855
114  48.69351982  011.03189955  48.69357660  011.03191293
130 Airport Boundary
111  48.69216719  011.03283661
111  48.69149062  011.03190956
111  48.69062609  011.03423595
111  48.69098334  011.03472300
111  48.69002770  011.03615034
111  48.69029564  011.03653593
111  48.69303751  011.03258535
111  48.69325632  011.03293713
111  48.69421195  011.03148944
111  48.69396635  011.03098207
113  48.69353319  011.03081971
120 Linear Feature 6
111  48.69377043  011.03267330 20
115  48.69392353  011.03244314
120 Linear Feature 5
111  48.69356643  011.03298145 20
115  48.69364788  011.03286070
14  48.69352782  011.03307396  32.81 0 Tower Viewpoint
1300  48.69319334  011.03248299 223.74 tie_down props Ramp Start 1
1301 A general_aviation 
1300  48.69338795  011.03220788 223.74 tie_down props Ramp Start 2
1301 A general_aviation 
1300  48.69364916  011.03182145 223.74 tie_down props Ramp Start 3
1301 A general_aviation 
19  48.69153825  011.03196649 1 Windsock
54 12230 Burgheim Info
1200 
1201  48.69319334  011.03248299 both 0 _stop
1201  48.69020206  011.03624948 both 1 _stop
1201  48.69365898  011.03123872 both 2 _start
1201  48.69347280  011.03151195 both 3 unnamed entity(split)
1201  48.69320545  011.03190003 both 4 unnamed entity(split)
1201  48.69301102  011.03217967 both 5 unnamed entity(split)
1201  48.69316734  011.03244253 both 6 unnamed entity(split)
1201  48.69237638  011.03309717 both 7 unnamed entity(split)
1201  48.69168895  011.03409652 both 8 unnamed entity(split)
1201  48.69094472  011.03517413 both 9 unnamed entity(split)
1201  48.69338795  011.03220788 both 10 _start
1201  48.69336347  011.03216238 both 11 unnamed entity(split)
1201  48.69364916  011.03182145 both 12 _start
1201  48.69362522  011.03177913 both 13 unnamed entity(split)
1202 5 6 twoway taxiway_A 
1204 departure 14,32
1204 arrival 14,32
1202 6 0 twoway taxiway_A 
1202 2 3 twoway runway 14/32
1204 departure 14,32
1204 arrival 14,32
1204 ils 14,32
1202 3 4 twoway runway 14/32
1204 departure 14,32
1204 arrival 14,32
1204 ils 14,32
1202 4 5 twoway runway 14/32
1204 departure 14,32
1204 arrival 14,32
1204 ils 14,32
1202 5 7 twoway runway 14/32
1204 departure 14,32
1204 arrival 14,32
1204 ils 14,32
1202 7 8 twoway runway 14/32
1204 departure 14,32
1204 arrival 14,32
1204 ils 14,32
1202 8 9 twoway runway 14/32
1204 departure 14,32
1204 arrival 14,32
1204 ils 14,32
1202 9 1 twoway runway 14/32
1204 departure 14,32
1204 arrival 14,32
1204 ils 14,32
1202 10 11 twoway taxiway_A 
1202 11 4 twoway taxiway_A 
1204 departure 14,32
1204 arrival 14,32
1202 12 13 twoway taxiway_A 
1202 13 3 twoway taxiway_A 
1204 departure 14,32
1204 arrival 14,32
99
